date,open,high,low,close,volume,amount,turn,pctChg
2018-10-23,12.0117913600,14.4158854400,12.0117913600,14.4158854400,32221,1068442.6200,0.143204,43.996540
2018-10-24,15.8566060800,15.8566060800,15.8566060800,15.8566060800,20029,731859.6600,0.089018,9.993979
2018-10-25,17.4405308800,17.4405308800,17.4405308800,17.4405308800,39072,1570303.6800,0.173653,9.989046
2018-10-26,19.1850179200,19.1850179200,19.1850179200,19.1850179200,81448,3600816.0800,0.361991,10.002490
2018-10-29,21.1030857600,21.1030857600,21.1030857600,21.1030857600,1971220,95860428.6000,8.760978,9.997743
2018-10-30,20.8296960000,22.1575891200,20.0485824000,21.4242102400,13453052,643109378.5800,59.791342,1.521690
2018-10-31,20.5259296000,23.5679331200,20.5259296000,22.1315520000,13656077,683734800.9600,60.693676,3.301602
2018-11-01,21.4849635200,22.2747561600,21.0510115200,21.2419504000,10856087,539021199.4300,48.249276,-4.019607
2018-11-02,21.3894940800,22.2096633600,21.2115737600,21.8928784000,10019490,501270549.2100,44.531067,3.064351
2018-11-05,22.5655040000,23.3769942400,20.9425235200,21.6108096000,11078808,567871211.4000,49.239147,-1.288407
2018-11-06,20.4044230400,21.2028947200,19.4887843200,21.1681785600,9653647,450157026.5300,42.905098,-2.048194
2018-11-07,20.7863008000,21.8147670400,20.6127200000,21.3981731200,9104017,447097653.5000,40.462298,1.086516
2018-11-08,21.0944067200,22.5134297600,20.5259296000,22.1315520000,10047970,496730511.9100,44.657644,3.427294
2018-11-09,21.6976000000,21.9709897600,20.6995104000,20.7646032000,7192165,355301424.7800,31.965178,-6.176474
2018-11-12,20.6213990400,22.8432332800,20.1874470400,22.8432332800,12603140,640736718.5100,56.013956,10.010450
2018-11-13,22.1315520000,22.8605913600,21.9232550400,22.3485280000,10274770,528589219.5700,45.665644,-2.165653
2018-11-14,22.0274035200,23.3249200000,21.9145760000,22.5438064000,9912299,516031907.4200,44.054662,0.873788
2018-11-15,21.8277856000,22.3138118400,21.0813881600,22.1923052800,8660206,433830266.0500,38.489804,-1.559194
2018-11-16,21.9926873600,23.5158588800,21.9145760000,22.1749472000,11003799,576382530.9100,48.905773,-0.078218
2018-11-19,21.4806240000,22.8649308800,21.0944067200,22.8258752000,8352440,421839505.3700,37.121956,2.935421
2018-11-20,22.3485280000,23.1036044800,21.6976000000,21.6976000000,7345782,379507995.0100,32.647920,-4.942963
2018-11-21,21.0466720000,21.9709897600,20.8730912000,21.3721360000,5425118,267227661.3900,24.111636,-1.500000
2018-11-22,21.5240192000,21.7236371200,21.0466720000,21.0596905600,4222143,207487608.0800,18.765080,-1.461931
2018-11-23,21.2636480000,21.6108096000,19.5755747200,19.7708531200,5907333,279302089.7900,26.254813,-6.119921
2018-11-26,19.9183968000,19.9183968000,18.8552144000,19.0287952000,4164811,185185998.4300,18.510271,-3.753299
2018-11-27,19.1893574400,19.2457712000,18.6512569600,19.0591718400,3132754,136983835.3200,13.923351,0.159634
2018-11-28,19.0287952000,19.3108640000,18.7033312000,19.2240736000,2917927,128196020.5700,12.968564,0.865212
2018-11-29,19.2501107200,19.4844448000,17.7442972800,17.8180691200,4140385,178031731.2900,18.401711,-7.313765
2018-11-30,17.6965625600,17.7009020800,16.7852633600,17.4926051200,4012328,160611831.3700,17.832569,-1.826595
2018-12-03,17.8137296000,18.3691881600,17.7399577600,18.1131564800,3843256,159744754.3800,17.081138,3.547508
2018-12-04,17.9873104000,18.0524032000,17.6184512000,17.8397667200,3015351,123793776.6500,13.401560,-1.509346
2018-12-05,17.3103452800,17.6878835200,17.0716716800,17.5360003200,2639751,105893617.5500,11.732227,-1.702750
2018-12-06,17.4361913600,17.7920320000,17.2712896000,17.2799686400,2081673,83768320.5000,9.251880,-1.460035
2018-12-07,17.2626105600,17.4448704000,16.6767753600,16.8590352000,2807485,109798053.7700,12.477711,-2.435965
2018-12-10,16.6030035200,16.7028124800,16.3209347200,16.5335712000,1882021,71573694.4700,8.364538,-1.930502
2018-12-11,16.5248921600,16.9111094400,16.4077251200,16.7896028800,2132234,81967234.2300,9.476596,1.548557
2018-12-12,16.7896028800,17.1888387200,16.7852633600,16.9631836800,2079831,81672484.4700,9.243693,1.033863
2018-12-13,16.9241280000,17.0543136000,16.4988550400,16.7722448000,2024552,78305667.6200,8.998009,-1.125604
2018-12-14,16.7028124800,17.0760112000,16.5596083200,16.6073430400,1909135,73911495.4300,8.485044,-0.983185
2018-12-17,16.4945155200,17.2365734400,16.4945155200,17.1280854400,2584076,100775340.3300,11.484782,3.135617
2018-12-18,16.9501651200,17.0760112000,16.6116825600,16.7635657600,1833812,71122578.5400,8.150276,-2.128199
2018-12-19,16.6594172800,16.9848812800,16.6594172800,16.6637568000,1228467,47521968.6400,5.459853,-0.595391
2018-12-20,16.5726268800,17.1671411200,16.5335712000,17.0629926400,2535908,99344422.0700,11.270702,2.395828
2018-12-21,17.0109184000,17.2712896000,16.9675232000,17.2712896000,2699925,106804700.5500,11.999667,1.220752
2018-12-24,17.2669500800,17.7833529600,17.1888387200,17.5316608000,3149677,127024053.0400,13.998564,1.507543
2018-12-25,17.2409129600,17.2409129600,16.4120646400,16.8850723200,2920905,112809598.1200,12.981800,-3.688123
2018-12-26,16.8807328000,17.0760112000,16.6767753600,16.7592262400,2080031,81064301.9100,9.244582,-0.745312
2018-12-27,17.0456345600,17.0456345600,16.3209347200,16.3426323200,2185786,84494299.8300,9.714604,-2.485756
2018-12-28,16.4250832000,16.4858364800,15.4834073600,15.5224630400,2648358,97153325.1100,11.770480,-5.018586
2019-01-02,15.5658582400,15.6135929600,15.2186966400,15.4009564800,1559945,55134831.8500,6.933089,-0.782775
2019-01-03,15.3792588800,15.5354816000,14.8151212800,14.9019116800,1887106,66056565.1300,8.387138,-3.240354
2019-01-04,14.7587075200,15.4052960000,14.7500284800,15.3445427200,1844367,64432430.2900,8.197187,2.970298
2019-01-07,15.3619008000,15.5485001600,15.2143571200,15.4920864000,1889873,67025967.6600,8.399436,0.961539
2019-01-08,15.3619008000,15.4747283200,15.2577523200,15.2751104000,1398573,49471765.7100,6.215880,-1.400560
2019-01-09,15.2751104000,15.6960438400,15.2751104000,15.4617097600,2180016,77901351.7800,9.688960,1.221592
2019-01-10,15.5224630400,15.7220809600,15.3315241600,15.6917043200,2171578,77868836.8600,9.651458,1.487507
2019-01-11,15.6830252800,16.8243190400,15.5398211200,16.6290406400,5165493,193499308.0700,22.957747,5.973451
2019-01-14,16.7982819200,17.0890297600,15.9173593600,16.0301868800,3940626,148620369.5900,17.513893,-3.601255
2019-01-15,15.7524576000,16.2515024000,15.4573702400,16.1386748800,2741001,100001066.2500,12.182227,0.676773
2019-01-16,16.0996192000,16.4858364800,16.0996192000,16.2081072000,2695197,101182536.4100,11.978653,0.430223
2019-01-17,16.4771574400,17.0890297600,16.3513113600,16.4771574400,3995425,153865479.5500,17.757444,1.659981
2019-01-18,16.2732000000,17.5750560000,16.2341443200,17.2843081600,6237362,243687838.9100,27.721609,4.898605
2019-01-21,17.0846902400,17.1714806400,16.7071520000,17.1411040000,3852499,151086080.2400,17.122218,-0.828526
2019-01-22,17.1497830400,18.0090080000,17.1411040000,17.4492099200,5692412,230790867.0400,25.299609,1.797466
2019-01-23,17.2278944000,17.7442972800,16.9588441600,17.6835440000,4039134,161686015.1100,17.951707,1.342952
2019-01-24,17.6922230400,18.3214534400,17.2495920000,17.9829708800,5637449,231598255.8500,25.055329,1.693248
2019-01-25,17.9482547200,17.9482547200,17.0152579200,17.0152579200,4097933,164642996.8300,18.213036,-5.381273
2019-01-28,17.1411040000,17.3103452800,16.6420592000,17.2973267200,2837795,111430020.2500,12.612422,1.657744
2019-01-29,17.1411040000,17.2973267200,16.3947065600,16.9067699200,2819302,109677666.4700,12.530231,-2.257906
2019-01-30,16.8286585600,17.5924140800,16.7679052800,17.0977088000,3473629,138287046.3700,15.438351,1.129370
2019-01-31,16.6811148800,16.9024304000,15.4052960000,15.4183145600,4139768,153226553.8800,18.398969,-9.822342
2019-02-01,15.3966169600,15.9130198400,15.3966169600,15.7567971200,1644216,59588705.9200,7.307627,2.195335
2019-02-11,15.9086803200,16.3079161600,15.7784947200,16.2471628800,2032185,75498519.8400,9.031933,3.112083
2019-02-12,16.2862185600,17.7052416000,16.2558419200,17.2278944000,4461135,176084271.4900,19.827267,6.036331
2019-02-13,17.0543136000,17.4014752000,16.9328070400,17.4014752000,3867187,153528641.0600,17.187498,1.007551
2019-02-14,17.3797776000,17.3927961600,17.0629926400,17.2539315200,2545532,101021964.3800,11.313476,-0.847881
2019-02-15,17.2712896000,17.3884566400,17.1194064000,17.3016662400,2436537,96957434.3900,10.829053,0.276662
2019-02-18,17.3754380800,17.7312787200,17.1237459200,17.6748649600,3797533,152648592.3300,16.877924,2.157012
2019-02-19,17.6227907200,17.6705254400,17.1497830400,17.3146848000,3390669,136058379.3900,15.069640,-2.037805
2019-02-20,17.3580800000,17.5056236800,16.8460166400,17.1324249600,2401617,95067906.4900,10.673853,-1.052637
2019-02-21,17.1367644800,17.3016662400,16.8677142400,16.8937513600,2310596,90722344.6400,10.269316,-1.393108
2019-02-22,16.8460166400,17.1194064000,16.6637568000,17.0586531200,2327260,90492621.1500,10.343378,0.976114
2019-02-25,17.0846902400,18.0003289600,17.0629926400,17.9135385600,4736999,191791671.9100,21.053329,5.011441
2019-02-26,17.7095811200,18.6599360000,17.5750560000,17.9612732800,5676934,237381212.5600,25.230818,0.266474
2019-02-27,17.9916499200,18.4603180800,17.8831619200,18.1652307200,4239520,177608092.9700,18.842311,1.135543
2019-02-28,18.1565516800,18.6165408000,17.5750560000,18.4472995200,4145735,174461289.9800,18.425489,1.552790
2019-03-01,18.5644665600,18.5905036800,17.9178780800,18.0827798400,3092890,129263800.0300,13.746178,-1.976006
2019-03-04,18.1174960000,18.4820156800,18.0133475200,18.1261750400,4228719,177428755.5200,18.794307,0.239986
2019-03-05,18.0957984000,18.4429600000,17.8788224000,18.4256019200,3682280,153389645.1400,16.365689,1.651900
2019-03-06,18.4429600000,19.2978454400,18.3561696000,18.9029491200,5542576,240700380.3100,24.633671,2.590679
2019-03-07,18.7771030400,19.9053782400,18.4429600000,19.3759568000,6321663,279452520.7400,28.096280,2.502296
2019-03-08,18.9116281600,19.1589808000,18.0090080000,18.0393846400,4148271,179162288.4300,18.436760,-6.898100
2019-03-11,18.0437241600,18.7033312000,18.0437241600,18.6555964800,2342237,99183753.5700,10.409942,3.415930
2019-03-12,18.8161587200,19.0852089600,18.6512569600,18.8986096000,3233938,140823570.7500,14.373058,1.302623
2019-03-13,18.8942700800,19.0765299200,18.1435331200,18.4169228800,2590590,111984355.8000,11.513733,-2.548796
2019-03-14,18.2259840000,18.6122012800,17.6227907200,17.9091990400,2168480,90560275.8200,9.637689,-2.756829
2019-03-15,17.9656128000,18.3561696000,17.9656128000,18.2520211200,1547680,64874334.2500,6.878578,1.914226
2019-03-18,18.3908857600,19.0418137600,18.2737187200,18.9767209600,2872043,124080739.1200,12.764636,3.970514
2019-03-19,18.8161587200,18.9637024000,18.6122012800,18.7814425600,2237180,96662656.1800,9.943022,-1.029044
2019-03-20,18.7250288000,18.8769120000,18.1739097600,18.5774851200,1908447,81385155.9400,8.481987,-1.085946
2019-03-21,18.6555964800,18.7423868800,18.2476816000,18.5167318400,2016459,85746723.1600,8.962040,-0.327034
2019-03-22,18.2259840000,18.4299414400,18.0437241600,18.3952252800,1788555,75188116.7400,7.949133,-0.656196
2019-03-25,18.1391936000,18.8769120000,18.0524032000,18.6599360000,2856975,121777770.5200,12.697667,1.439020
2019-03-26,18.7467264000,19.3802963200,18.5731456000,18.9289862400,3505758,152942602.6700,15.581147,1.441858
2019-03-27,18.9550233600,19.1763388800,17.0369555200,18.3995648000,2674495,114077174.4300,11.886644,-2.796876
2019-03-28,18.2259840000,18.2910768000,17.7920320000,17.8744828800,2201718,91361703.0700,9.785413,-2.853780
2019-03-29,17.7963715200,18.1869283200,17.3580800000,18.0220265600,2369752,97448257.4500,10.532231,0.825443
2019-04-01,17.5750560000,18.2433420800,17.4795865600,18.2259840000,4081213,168664296.7000,18.138724,1.131715
2019-04-02,18.2173049600,18.2173049600,17.9091990400,17.9352361600,2819196,116976862.9800,12.529760,-1.595234
2019-04-03,17.8267481600,18.1695702400,17.7095811200,17.9656128000,1952679,80890700.4200,8.678573,0.169368
2019-04-04,18.0480636800,18.1174960000,17.7963715200,17.9699523200,2019878,83633727.9000,8.977236,0.024151
2019-04-08,17.9699523200,18.1695702400,17.7052416000,17.8527852800,1961913,81245196.1100,8.719613,-0.652018
2019-04-09,17.7442972800,17.8831619200,17.6531673600,17.8007110400,1427411,58389731.5800,6.344049,-0.291684
2019-04-10,17.8137296000,18.2607001600,17.7052416000,18.1391936000,2839551,118490390.2300,12.620227,1.901508
2019-04-11,18.1825888000,18.4169228800,17.3667590400,17.3797776000,2345251,96095346.5000,10.423338,-4.186603
2019-04-12,17.1237459200,17.3580800000,17.0369555200,17.1628016000,1390217,54932086.1000,6.178742,-1.248440
2019-04-15,17.3580800000,17.4275123200,16.9935603200,16.9935603200,1015358,40357609.0100,4.512702,-0.986092
2019-04-16,17.0282764800,17.2409129600,16.9718627200,17.1888387200,837742,33083702.6900,3.723298,1.149134
2019-04-17,17.2409129600,17.3797776000,17.1671411200,17.2712896000,1047504,41703334.7400,4.655573,0.479673
2019-04-18,17.2626105600,17.2626105600,16.9631836800,17.0239369600,1098981,43216569.3200,4.884360,-1.432160
2019-04-19,17.0326160000,17.2192153600,17.0239369600,17.1714806400,687548,27117137.5600,3.055769,0.866684
2019-04-22,17.1801596800,17.2192153600,16.8720537600,16.9067699200,906246,35534885.5000,4.027760,-1.541573
2019-04-23,16.9067699200,16.9067699200,16.4945155200,16.5769664000,973895,37471435.5500,4.328422,-1.950714
2019-04-24,16.5682873600,16.7809238400,16.0562240000,16.7462076800,693195,26654149.6500,3.080867,1.020941
2019-04-25,16.7158310400,16.7505472000,16.0605635200,16.0735820800,1042200,39405031.0000,4.632000,-4.016582
2019-04-26,15.9694336000,16.1864096000,15.9260384000,15.9303779200,689768,25447800.9300,3.065636,-0.890934
2019-04-29,16.0345264000,16.0952796800,15.5354816000,15.5875558400,794525,29002416.5000,3.531222,-2.152005
2019-04-30,15.6526486400,16.0388659200,15.6526486400,15.8826432000,545034,19938098.5500,2.422373,1.893097
2019-05-06,15.7481180800,15.7481180800,14.3421136000,14.7022937600,1145040,39812476.6200,5.089067,-7.431687
2019-05-07,14.7543680000,15.0060601600,14.7543680000,14.9887020800,629118,21626850.7700,2.796080,1.948052
2019-05-08,14.8324793600,15.1709619200,14.6068243200,14.9062512000,495709,17074785.1500,2.203151,-0.550094
2019-05-09,14.9105907200,15.1449248000,14.8194608000,14.9713440000,476900,16500780.3700,2.119556,0.436686
2019-05-10,15.0581344000,15.3098265600,14.7587075200,15.2707708800,924341,32316479.4900,4.108182,1.999996
2019-05-13,15.1102086400,15.2230361600,15.0537948800,15.1405852800,611309,21278272.0700,2.716929,-0.852513
2019-05-14,15.0147392000,15.2317152000,14.9279488000,15.2056780800,511031,17827235.7300,2.271249,0.429927
2019-05-15,15.3011475200,15.5615187200,15.2620918400,15.5094444800,732989,26036256.9200,3.257729,1.997719
2019-05-16,15.6179324800,15.6179324800,15.3749193600,15.5268025600,561068,20018863.4500,2.493636,0.111911
2019-05-17,15.5354816000,15.5354816000,14.9756835200,15.0364368000,671518,23640596.0000,2.984524,-3.158181
2019-05-20,15.0407763200,15.1405852800,14.6675776000,14.9149302400,526218,17987748.9900,2.338747,-0.808088
2019-05-21,14.9814864100,15.1500669500,14.6753796400,14.9681774200,636848,21450043.5600,2.830436,0.356939
2019-05-22,15.0435950300,15.0746493400,14.7641062400,14.8129058700,445200,14924751.0000,1.978667,-1.037351
2019-05-23,14.8129058700,14.8483965100,14.3382185600,14.4269451600,647445,21255243.7400,2.877533,-2.605567
2019-05-24,14.4091998400,14.7197429400,14.3648365400,14.6177073500,452472,14820195.7200,2.010987,1.322264
2019-05-27,14.6576343200,14.9681774200,14.5467260700,14.9193777900,555231,18552341.5000,2.467693,2.063734
2019-05-28,14.9193777900,15.0524676900,14.7641062400,14.8262148600,540191,18220235.0200,2.400849,-0.624451
2019-05-29,14.8173422000,15.2299208900,14.7641062400,15.0302860400,709509,24081806.8000,3.153373,1.376430
2019-05-30,14.9504321000,15.5449003200,14.8173422000,15.4251194100,1080235,37068070.2500,4.801044,2.626917
2019-05-31,15.2166119000,16.0994415700,15.1722486000,15.8864977300,2352484,83551976.8800,10.455484,2.991087
2019-06-03,15.8110801200,15.8909340600,15.3497018000,15.3497018000,1235031,43329620.0900,5.489027,-3.378952
2019-06-04,15.3275201500,15.5803909600,15.1057036500,15.2387935500,740418,25508114.7800,3.290747,-0.722543
2019-06-05,15.3718834500,15.5005370200,14.7286156000,14.8173422000,891295,30410616.0000,3.961311,-2.765639
2019-06-06,14.8173422000,14.8173422000,14.1607653600,14.2406193000,905709,29393712.2300,4.025373,-3.892225
2019-06-10,14.2849826000,14.5600350600,14.2406193000,14.5555987300,491422,15962832.2200,2.184098,2.211847
2019-06-11,14.5511624000,15.0081043900,14.4846174500,14.9814864100,766080,25534159.5800,3.404800,2.925934
2019-06-12,14.8661418300,15.0613403500,14.8306511900,14.8971961400,543503,18284614.1000,2.415569,-0.562626
2019-06-13,14.8971961400,14.9326867800,14.7286156000,14.8173422000,473320,15809993.1200,2.103644,-0.536034
2019-06-14,14.8173422000,14.9060688000,14.2938552600,14.3559638800,570903,18770948.6900,2.537347,-3.113775
2019-06-17,14.6531979900,14.6531979900,14.3559638800,14.5289807500,366365,11980881.3700,1.628289,1.205190
2019-06-18,14.5289807500,15.0302860400,14.3737092000,14.9459957700,1027487,34417270.5300,4.566609,2.870225
2019-06-19,15.1323216300,15.3630107900,15.1323216300,15.2476662100,1441031,49544658.2000,6.404582,2.018404
2019-06-20,15.3452654700,15.3452654700,14.9548684300,15.1500669500,1177800,40088591.0000,5.234667,-0.640086
2019-06-21,14.9548684300,15.8687524100,14.9548684300,15.5094096800,1661218,57665743.8500,7.383191,2.371881
2019-06-24,15.3940651000,15.5404639900,15.2166119000,15.2432298800,969377,33529527.8500,4.308342,-1.716243
2019-06-25,15.2476662100,15.3452654700,14.8439601800,14.9947954000,735300,24838235.0000,3.268000,-1.629806
2019-06-26,14.9947954000,15.1500669500,14.8617055000,15.1234489700,514300,17478203.0000,2.285778,0.857991
2019-06-27,15.0435950300,15.2964658400,15.0435950300,15.1057036500,854609,29196825.8000,3.798262,-0.117339
2019-06-28,15.1057036500,15.1057036500,14.6931249600,14.8528328400,655109,21947555.4400,2.911596,-1.674008
2019-07-01,15.0302860400,15.2432298800,14.9593047600,15.2166119000,984700,33584779.0000,4.376444,2.449223
2019-07-02,15.1633759400,15.3896287700,15.1323216300,15.3807561100,1020139,35198337.0000,4.533951,1.078714
2019-07-03,15.2654115300,15.3497018000,15.1101399800,15.1944302500,665900,22809843.5200,2.959556,-1.211417
2019-07-04,15.2210482300,15.3053385000,15.0391587000,15.0746493400,515500,17578508.0000,2.291111,-0.788322
2019-07-05,15.1988665800,15.4295557400,15.0524676900,15.4295557400,1052936,36342099.7600,4.679716,2.354324
2019-07-08,15.3763197800,15.3763197800,14.7774152300,14.7774152300,1071700,36102886.0000,4.763111,-4.226560
2019-07-09,14.6975612900,14.9016324700,14.5511624000,14.6443253300,551145,18254757.9800,2.449533,-0.900640
2019-07-10,14.7197429400,14.7241792700,14.4624358000,14.5555987300,400727,13212907.8100,1.781009,-0.605868
2019-07-11,14.5511624000,14.7463609200,14.5511624000,14.6842523000,402222,13286073.6000,1.787653,0.883868
2019-07-12,14.6886886300,14.9504321000,14.6310163400,14.8528328400,502309,16793143.6900,2.232484,1.148040
2019-07-15,14.8483965100,14.9016324700,14.5511624000,14.8483965100,640309,21302359.9700,2.845818,-0.029864
2019-07-16,14.8350875200,15.0569040200,14.7641062400,14.9814864100,652709,22010168.7500,2.900929,0.896323
2019-07-17,14.9992317300,15.0391587000,14.8395238500,14.9060688000,472518,15895219.9800,2.100080,-0.503411
2019-07-18,14.8395238500,14.9016324700,14.5511624000,14.5910893700,486518,16041683.1200,2.162302,-2.113093
2019-07-19,14.6354526700,14.7507972500,14.5378534100,14.5600350600,406700,13399591.0000,1.807556,-0.212830
2019-07-22,14.5733440500,14.6398890000,13.9833121600,14.0010574800,715100,22834337.4600,3.178222,-3.839123
2019-07-23,14.1385837100,14.2406193000,13.8857129000,14.2361829700,590033,18705307.3600,2.622369,1.679343
2019-07-24,14.1518927000,14.3870181900,14.1518927000,14.2761099400,369538,11907322.6800,1.642391,0.280462
2019-07-25,14.2761099400,14.3737092000,14.1652016900,14.2317466400,371565,11945632.1500,1.651400,-0.310747
2019-07-26,14.2761099400,14.2761099400,14.1297110500,14.1518927000,339202,10838194.8400,1.507600,-0.561100
2019-07-29,14.1474563700,14.2273103100,14.1075294000,14.1474563700,300200,9588405.0000,1.334222,-0.031349
2019-07-30,14.1474563700,14.3116005800,14.1474563700,14.2494919600,333500,10712756.0000,1.482200,0.721200
2019-07-31,14.3337822300,14.3337822300,14.1563290300,14.1785106800,244609,7824807.7300,1.087200,-0.498100
2019-08-01,14.1119657300,14.1785106800,13.9877484900,14.1385837100,285601,9078658.2700,1.269300,-0.281600
2019-08-02,14.0188028000,14.0188028000,13.6417147500,13.7437503400,747000,23239537.4000,3.320000,-2.792600
2019-08-05,13.7969863000,13.8679675800,13.6550237400,13.6949507100,383140,11872771.6000,1.702800,-0.355100
2019-08-06,13.3444806400,13.4198982500,13.0472465300,13.2468813800,644590,19260610.0600,2.864800,-3.271800
2019-08-07,13.3045536700,13.3710986200,13.2202634000,13.2868083500,318587,9545586.9800,1.415900,0.301400
2019-08-08,13.2424450500,13.4553888900,13.2424450500,13.3533533000,403294,12138293.3500,1.792400,0.500800
2019-08-09,13.5308065000,13.5308065000,13.0561191900,13.1315368000,449918,13422261.3000,1.999600,-1.661100
2019-08-12,13.0383738700,13.2601903700,13.0383738700,13.2202634000,285518,8494545.3300,1.269000,0.675700
2019-08-13,13.2202634000,13.4553888900,13.1759001000,13.3799712800,444809,13378991.2000,1.976900,1.208100
2019-08-14,13.4553888900,13.6461510800,13.3799712800,13.4953158600,605909,18431498.4200,2.692900,0.862100
2019-08-15,13.2202634000,14.5378534100,13.1980817500,14.0764750900,1518647,47821306.8300,6.749500,4.306400
2019-08-16,13.9877484900,14.1030930700,13.7659319900,13.8413496000,996849,31201382.9100,4.430400,-1.670300
2019-08-19,13.8857129000,14.1297110500,13.8369132700,14.1075294000,805302,25493447.5900,3.579100,1.923100
2019-08-20,14.1164020600,14.3692728700,14.0188028000,14.3116005800,979711,31321755.9700,4.354300,1.446500
2019-08-21,14.2494919600,14.2849826000,14.0897840800,14.1252747200,618778,19738640.5500,2.750100,-1.301900
2019-08-22,14.1518927000,14.1962560000,14.0276754600,14.1164020600,380800,12096310.0000,1.692400,-0.062800
2019-08-23,14.1518927000,14.3737092000,14.0720387600,14.2140013200,877109,28187852.3800,3.898300,0.691400
2019-08-26,13.6638964000,14.0897840800,13.3089900000,13.9655668400,967539,30138955.4200,4.300200,-1.747800
2019-08-27,13.9611305100,14.6354526700,13.9522578500,14.1607653600,1075009,34689465.6300,4.777800,1.397700
2019-08-28,14.0809114200,14.4890537800,14.0188028000,14.3825818600,1156494,37293989.5800,5.140000,1.566400
2019-08-29,14.2849826000,14.4091998400,14.0897840800,14.0942204100,784495,25139946.2500,3.486600,-2.004900
2019-08-30,14.0942204100,14.2273103100,13.6106604400,13.6772053900,750325,23504085.2900,3.334800,-2.958800
2019-09-02,13.6772053900,13.8990218900,13.5751698000,13.8945855600,616631,19138627.2700,2.740600,1.589400
2019-09-03,13.9300762000,14.0631661000,13.8457859300,14.0454207800,630818,19852982.3100,2.803600,1.085600
2019-09-04,14.0454207800,14.1652016900,13.9300762000,14.0276754600,581389,18397813.4700,2.584000,-0.126300
2019-09-05,14.1385837100,14.3604002100,14.0720387600,14.1873833400,926068,29707669.0000,4.115900,1.138500
2019-09-06,14.1962560000,14.2539282900,14.0587297700,14.2228739800,714726,22824588.3700,3.176600,0.250200
2019-09-09,14.2894189300,14.5511624000,14.2450556300,14.5378534100,1242621,40416770.0100,5.522800,2.214600
2019-09-10,14.5422897400,14.7818515600,14.3071642500,14.6531979900,1361575,44777941.7300,6.051400,0.793400
2019-09-11,14.6798159700,14.7729789000,14.4713084600,14.4713084600,816872,26837784.0400,3.630500,-1.241300
2019-09-12,14.4624358000,14.7818515600,14.4091998400,14.7374882600,1133297,37379428.3200,5.036900,1.839400
2019-09-16,14.8395238500,14.8395238500,14.5067991000,14.5689077200,856635,28227451.8600,3.807300,-1.143900
2019-09-17,14.5689077200,14.5689077200,14.1740743500,14.2849826000,792700,25655925.3000,3.523100,-1.948800
2019-09-18,14.2938552600,14.4890537800,14.2761099400,14.3648365400,588200,19070044.8200,2.614200,0.559000
2019-09-19,14.3692728700,14.7818515600,14.3116005800,14.7507972500,1197283,39445700.3600,5.321300,2.686800
2019-09-20,14.7507972500,15.0214133800,14.6043983600,14.6310163400,936009,31029968.4100,4.160000,-0.812000
2019-09-23,14.6265800100,14.6975612900,14.3604002100,14.6975612900,677562,22250506.6200,3.011400,0.454800
2019-09-24,14.7507972500,14.7507972500,14.5112354300,14.5511624000,794995,26239605.7600,3.533300,-0.996100
2019-09-25,14.4269451600,14.5289807500,14.0897840800,14.0942204100,984465,31523607.8300,4.375400,-3.140200
2019-09-26,14.1208383900,14.2273103100,13.6461510800,13.7171323600,877900,27315663.0000,3.901800,-2.675500
2019-09-27,13.8280406100,14.0720387600,13.6461510800,13.9212035400,472857,14780325.1800,2.101600,1.487700
2019-09-30,13.8546585900,14.1075294000,13.8014226300,13.9123308800,431379,13578197.1700,1.917200,-0.063700
2019-10-08,13.7526230000,14.0143664700,13.6993870400,13.7925499700,453002,14178632.9900,2.013300,-0.861000
2019-10-09,13.7526230000,13.9300762000,13.5751698000,13.9256398700,377087,11715198.5600,1.675900,0.964900
2019-10-10,13.9256398700,14.1252747200,13.8724039100,14.0853477500,440958,13919299.9000,1.959800,1.146900
2019-10-11,14.0942204100,14.1563290300,13.9788758300,14.0587297700,385354,12237594.0200,1.712700,-0.189000
2019-10-14,14.0676024300,14.2761099400,14.0188028000,14.1740743500,525833,16809820.4300,2.337000,0.820400
2019-10-15,14.0853477500,14.1918196700,13.8457859300,13.9167672100,456309,14366737.9700,2.028000,-1.815300
2019-10-16,13.9123308800,13.9833121600,13.6772053900,13.7082597000,476418,14865685.3000,2.117400,-1.498300
2019-10-17,13.7260050200,13.8502222600,13.5751698000,13.6150967700,405388,12493220.8700,1.801700,-0.679600
2019-10-18,13.6106604400,13.7038233700,13.3710986200,13.4154619200,498568,15192866.5100,2.215900,-1.466300
2019-10-21,13.4110255900,13.4110255900,13.0694281800,13.1359731300,626509,18601248.2200,2.784500,-2.083300
2019-10-22,13.0871735000,13.2956810100,13.0871735000,13.2912446800,427113,12745576.2200,1.898300,1.182000
2019-10-23,13.3045536700,13.6195331000,13.1625911100,13.3622259600,471139,14307834.8600,1.106600,0.534100
2019-10-24,13.3666622900,13.4997521900,12.9895742400,13.0295012100,851963,25165141.5000,2.001100,-2.490000
2019-10-25,12.4749599600,12.7677577400,12.4616509700,12.7012127900,1041600,29701086.0000,2.446500,-2.519600
2019-10-28,12.6657221500,12.7544487500,12.6213588500,12.7322671000,961109,27547166.7600,2.257400,0.244500
2019-10-29,12.7145217800,12.8343026900,12.6479768300,12.6612858200,802218,23048767.0800,1.884200,-0.557500
2019-10-30,12.6879038000,12.6879038000,12.2220891500,12.2353981400,1095668,30593715.2200,2.573500,-3.363700
2019-10-31,12.2841977700,12.3108157500,11.8671827500,11.8982370600,1212648,32874992.2000,2.848300,-2.755600
2019-11-01,11.8893644000,12.0224543000,11.8450011000,12.0091453100,796009,21478665.3700,1.869700,0.932100
2019-11-04,12.0490722800,12.1289262200,12.0313269600,12.0934355800,753600,20519841.0000,1.770100,0.701900
2019-11-05,12.1688531900,12.1688531900,11.9026733900,12.0535086100,721000,19560480.0000,1.693500,-0.330200
2019-11-06,12.0756902600,12.1067445700,11.8982370600,11.9292913700,658400,17786621.0000,1.546400,-1.030600
2019-11-07,11.9603456800,12.0623812700,11.8938007300,12.0224543000,790100,21299700.0000,1.855800,0.781000
2019-11-08,12.0313269600,12.1910348400,11.9958363200,12.1200535600,1096009,29847880.7100,2.574300,0.811800
2019-11-11,12.0446359500,12.0579449400,11.5876939600,11.7562745000,1048343,27885728.3200,2.462300,-3.001500
2019-11-12,11.8050741300,11.8405647700,11.6276209300,11.7562745000,517250,13645001.4600,1.214900,0.000000
2019-11-13,11.7562745000,11.7562745000,11.6010029500,11.6498025800,585500,15380220.0000,1.375200,-0.905700
2019-11-14,11.6498025800,12.0889992500,11.6143119400,12.0446359500,1265709,34042913.9100,2.972900,3.389200
2019-11-15,12.0579449400,12.0668176000,11.8316921100,11.9292913700,702400,18904503.0000,1.649800,-0.957600
2019-11-18,11.8760554100,12.0446359500,11.8583100900,11.9603456800,787600,21202468.0000,1.849900,0.260300
2019-11-19,11.9204187100,12.3196884100,11.9026733900,12.2753251100,1450265,39634912.5000,3.406400,2.633500
2019-11-20,12.2220891500,12.9540836000,12.1289262200,12.7943757200,3320543,94682249.3100,7.799300,4.228400
2019-11-21,12.6435405000,12.8564843400,12.5370685800,12.7677577400,1299400,37121883.0000,3.052000,-0.208000
2019-11-22,12.6923401300,13.0694281800,12.5415049100,12.6834674700,1586373,45690818.0600,3.726100,-0.660200
2019-11-25,12.5592502300,12.7012127900,12.4616509700,12.6124861900,786900,22277794.0000,1.848300,-0.559600
2019-11-26,12.5681228900,12.6657221500,12.5370685800,12.5459412400,510500,14479670.0000,1.199100,-0.527600
2019-11-27,12.4483419800,12.7455760900,12.4483419800,12.4882689500,446500,12629645.0000,1.048700,-0.459700
2019-11-28,12.4882689500,12.7766304000,12.4439056500,12.7455760900,835500,23785631.0000,1.962400,2.060400
2019-11-29,12.5636865600,12.8431753500,12.4927052800,12.5370685800,746100,21132995.1500,1.752400,-1.635900
2019-12-02,12.5104506000,12.7988120500,12.5104506000,12.7322671000,742200,21195293.0000,1.743300,1.557000
2019-12-03,12.7278307700,12.7278307700,12.5858682100,12.6257951800,697865,19886031.6500,1.639100,-0.836200
2019-12-04,12.6213588500,12.7100854500,12.5415049100,12.5814318800,549000,15582973.0000,1.289500,-0.351400
2019-12-05,12.5548139000,12.8697933300,12.5548139000,12.8564843400,954200,27427916.0000,2.241200,2.186200
2019-12-06,12.8431753500,12.8653570000,12.7455760900,12.8609206700,659400,19031075.0000,1.548800,0.034500
2019-12-09,12.8609206700,13.4198982500,12.6923401300,13.2158270700,1775000,52803712.4400,4.169100,2.759600
2019-12-10,13.3001173400,13.3001173400,13.0472465300,13.1093551500,866600,25630735.0000,2.035500,-0.805600
2019-12-11,13.1137914800,13.4864432000,13.0117558900,13.4021529300,1058578,31625508.9000,2.486400,2.233500
2019-12-12,13.3755349500,13.5396791600,13.2868083500,13.3489169700,1138309,34411424.0900,2.673700,-0.397200
2019-12-13,13.4198982500,13.5840424600,13.3045536700,13.5041885200,998168,30270957.2600,2.344500,1.163200
2019-12-16,13.5396791600,13.7082597000,13.4198982500,13.5219338400,779326,23837785.3400,1.830500,0.131400
2019-12-17,13.5263701700,13.5751698000,13.2424450500,13.3089900000,1236466,37460994.7400,2.904200,-1.574800
2019-12-18,13.3089900000,13.4065892600,13.2557540400,13.3089900000,900000,26996094.0000,2.113900,0.000000
2019-12-19,13.3045536700,13.3533533000,13.1670274400,13.3178626600,651197,19467960.9000,1.529500,0.066700
2019-12-20,13.3444806400,13.3577896300,13.1226641400,13.1759001000,426900,12753596.0000,1.002700,-1.066000
2019-12-23,13.1936454200,13.1936454200,12.8653570000,12.8653570000,555800,16341938.0000,1.305500,-2.356900
2019-12-24,12.8786659900,13.1315368000,12.8786659900,13.0028832300,530200,15541074.0000,1.245300,1.069000
2019-12-25,13.0073195600,13.0649918500,12.8742296600,12.9762652500,528200,15455829.0000,1.240600,-0.204700
2019-12-26,13.0161922200,13.0561191900,12.9363382800,13.0161922200,598118,17519135.5800,1.404900,0.307700
2019-12-27,13.0428102000,13.1315368000,12.8653570000,12.8875386500,551500,16143061.0000,1.295400,-0.988400
2019-12-30,12.9008476400,13.0339375400,12.6879038000,13.0117558900,720100,20920438.0000,1.691400,0.963900
2019-12-31,12.9496472700,13.3045536700,12.9496472700,13.2734993600,999925,29741147.6800,2.348600,2.011600
2020-01-02,13.2779356900,13.3977166000,13.1892090900,13.2956810100,990708,29702449.8800,2.327000,0.167100
2020-01-03,13.3356079800,13.3755349500,13.2246997300,13.2868083500,594600,17796389.0000,1.396600,-0.066700
2020-01-06,13.2246997300,13.4065892600,13.1714637700,13.2513177100,896724,26839105.3200,2.106200,-0.267100
2020-01-07,13.3089900000,13.4864432000,13.2424450500,13.4553888900,1003797,30214945.0100,2.357700,1.540000
2020-01-08,13.3977166000,13.6062241100,13.3356079800,13.5174975100,1223197,37272175.0100,2.873000,0.461600
2020-01-09,13.5840424600,14.1075294000,13.5219338400,14.0720387600,2097410,65755801.0500,4.926400,4.102400
2020-01-10,14.0631661000,14.3781455300,13.9389488600,14.2494919600,1466415,46761356.2000,3.444300,1.261000
2020-01-13,14.3071642500,15.1766849300,14.2006923300,15.1012673200,2555214,85033799.0600,6.001700,5.977600
2020-01-14,15.0081043900,16.1704228500,14.9859227400,15.7844621400,3868197,137023032.7100,9.085600,4.524100
2020-01-15,15.7622804900,16.1083142300,15.4428647300,15.9530426800,2348739,83488171.4900,5.516700,1.068000
2020-01-16,16.0994415700,16.3123854100,15.8022074600,15.9840969900,2520591,91203425.6700,5.920400,0.194700
2020-01-17,16.1615501900,16.6051831900,15.8243891100,16.5741288800,2587514,95197324.3700,6.077500,3.691400
2020-01-20,16.8580540000,17.4747038700,15.9707880000,17.4214679100,3082188,118679575.7300,7.239400,5.112400
2020-01-21,17.1685971000,17.6565934000,16.8580540000,16.8580540000,2329187,89702635.8500,5.470800,-3.234000
2020-01-22,16.7693274000,17.0221982100,16.4232936600,16.7072187800,1737042,65193404.7300,4.080000,-0.894700
2020-01-23,16.7072187800,16.7205277700,15.2476662100,15.5271550000,3272943,116689185.4300,7.687500,-7.063200
2020-02-03,13.9744395000,14.9947954000,13.9744395000,13.9744395000,3157433,100309626.5000,7.416200,-10.000000
2020-02-04,13.9655668400,15.3718834500,13.9655668400,15.3718834500,3320890,112180094.7300,7.800100,10.000000
2020-02-05,15.3275201500,16.6184921800,15.3053385000,16.4809659500,3039117,109649874.4300,7.138300,7.215000
2020-02-06,16.4809659500,16.9245989500,16.2591494500,16.5208929200,2688863,100718105.6800,6.315600,0.242300
2020-02-07,16.4144210000,16.4144210000,15.7622804900,15.9885333200,2944486,106443298.2000,6.916000,-3.222300
2020-02-10,15.9175520400,15.9175520400,15.4694827100,15.7711531500,1732256,61202269.4300,4.068700,-1.359600
2020-02-11,15.7534078300,16.5386382400,15.5759546300,16.3700577000,2030931,73270775.8300,4.770200,3.797500
2020-02-12,16.3656213700,16.5386382400,16.1038779000,16.3301307300,1498943,54991965.3500,3.520700,-0.243900
2020-02-13,16.4366026500,16.4366026500,15.7933348000,15.7933348000,2014428,72543353.4000,4.731500,-3.287200
2020-02-14,15.5271550000,16.0950052400,15.5271550000,16.0417692800,1357040,48785101.6000,3.187400,1.573000
2020-02-17,16.0462056100,16.8846719800,16.0462056100,16.7560184100,2094857,78490050.2300,4.920400,4.452400
2020-02-18,16.6761644700,17.3016870000,16.3656213700,16.6806008000,1780685,66829223.3000,4.182500,-0.450100
2020-02-19,16.6584191500,17.6521570700,16.5120202600,17.5013218500,2622101,101640691.8600,6.158800,4.920200
2020-02-20,17.7009567000,17.7009567000,17.1952150800,17.4702675400,1769737,69316359.1700,4.156800,-0.177400
2020-02-21,17.4968855200,19.2181815600,17.4968855200,19.2181815600,2782583,119102212.2600,6.535700,10.005100
2020-02-24,19.5597789700,20.2607191100,19.2093089000,20.2607191100,3445622,153419439.8600,8.093100,5.424700
2020-02-25,19.5198520000,20.2074831500,19.2093089000,19.7860318000,1925643,85187718.3900,4.522900,-2.342900
2020-02-26,19.6085786000,19.6973052000,18.4329511500,18.5438594000,2103479,89786852.5100,4.940600,-6.278000
2020-02-27,18.5394230700,19.2048725700,18.0602994300,18.4817507800,1450634,60138549.2000,3.407200,-0.334900
2020-02-28,17.3016870000,17.7408836700,16.6318011700,16.9245989500,2161140,83070918.1000,5.076100,-8.425300
2020-03-02,17.1730334300,17.1730334300,16.6406738300,16.6983461200,2675400,101748485.0000,6.284000,-1.336800
2020-03-03,16.8669266600,17.6565934000,16.7249641000,17.2129604000,2644809,102008421.2200,6.212100,3.081800
2020-03-04,16.8802356500,17.0709978400,16.6140558500,16.8757993200,1408100,53332520.2000,3.307300,-1.958800
2020-03-05,16.8935446400,17.8118649500,16.8935446400,17.7896833000,2261510,89433766.1000,5.311800,5.415300
2020-03-06,17.7142656900,19.1072733100,17.4525222200,18.7124399400,2332595,97163729.0800,5.478800,5.187000
2020-03-09,18.4107695000,19.0008013900,17.3061233300,17.9005915500,2272918,92079737.9000,5.338600,-4.338600
2020-03-10,17.5235035000,17.9493911800,16.6406738300,17.9360821900,2623409,103557485.3500,6.161900,0.198300
2020-03-11,17.8118649500,18.3797151900,17.7941196300,17.9360821900,1756555,71772052.5000,4.125800,0.000000
2020-03-12,17.7763743100,17.7763743100,17.1153611400,17.2484510400,995800,38988434.0000,2.338900,-3.833800
2020-03-13,15.7933348000,17.4347769000,15.7489715000,17.1774697600,1368465,51706036.1000,3.214200,-0.411500
2020-03-16,17.2395783800,17.6876477100,16.0950052400,16.3256944000,1564016,59062150.0600,3.673600,-4.958700
2020-03-17,16.6539828200,16.8935446400,15.3408291400,16.8580540000,2167046,79065661.7400,5.089900,3.260900
2020-03-18,16.8580540000,18.1889530000,16.8580540000,17.6521570700,3169400,126908422.0000,7.466200,4.710500
2020-03-19,17.7941196300,17.7941196300,17.0266345400,17.5811757900,2387466,93903577.5300,5.607700,-0.402100
2020-03-20,17.5944847800,18.7213126000,17.5944847800,18.5749137100,2426330,100331610.4800,5.699000,5.652300
2020-03-23,17.7541926600,19.0274193700,17.7497563300,18.6547676500,3382749,142610309.3900,7.945400,0.429900
2020-03-24,18.8987658000,19.2137452300,18.4196421600,19.1605092700,3034094,129557522.3800,7.126500,2.711100
2020-03-25,19.4488707200,19.4621797100,18.8721478200,19.2403632100,1682069,72489252.1600,3.950800,0.416800
2020-03-26,19.0850916600,19.6662508900,19.0096740500,19.6263239200,1340867,58906540.9200,3.149400,2.006000
2020-03-27,19.7017415300,19.9191217000,19.2625448600,19.5198520000,1397776,61796115.0800,3.283100,-0.542500
2020-03-30,19.4399980600,19.4399980600,18.1889530000,19.0673463400,2228609,94361732.8200,5.234500,-2.318200
2020-03-31,19.0762190000,19.1738182600,18.5616047200,18.8455298400,1159009,49200581.5900,2.722300,-1.163300
2020-04-01,18.7612395700,19.0717826700,18.5704773800,18.8765841500,907627,38612266.9700,2.131800,0.164800
2020-04-02,18.6414586600,19.4533070500,18.3442245500,19.3423988000,1546700,66489531.0000,3.632900,2.467700
2020-04-03,19.0362920300,19.2226178900,18.5128050900,18.8189118600,1377109,58445772.3600,3.244100,-2.706400
2020-04-07,18.8277845200,20.3760636900,18.8277845200,20.2962097500,1776068,79089967.7200,4.183900,7.850100
2020-04-08,20.2296648000,21.2411480400,19.9634850000,20.5845712000,2135068,99306611.2000,5.029600,1.420800
2020-04-09,20.6644251400,21.3210019800,20.2296648000,21.2810750100,1506236,71135639.6000,3.548300,3.383600
2020-04-10,21.2500207000,21.4629645400,20.4248633200,21.1080581400,1310400,61587315.0000,3.086900,-0.813000
2020-04-13,20.6289345000,21.1302397900,20.1276292100,20.9527865900,1017900,47604582.0000,2.397900,-0.735600
2020-04-14,21.7158353500,21.7424533300,20.5446442300,20.9128596200,908500,42598501.0000,2.140200,-0.190600
2020-04-15,20.9128596200,21.1524214400,20.4603539600,20.6244981700,953268,44351119.8400,2.245600,-1.378900
2020-04-16,20.5047172600,21.0148952100,20.0965749000,20.8463146700,1440318,66645374.9800,3.393000,1.075500
2020-04-17,20.8418783400,21.4718372000,20.4603539600,21.3520562900,1513654,72117673.9600,3.565700,2.426000
2020-04-20,21.7380170000,23.3395321300,21.4274739000,23.2153148900,3339058,169917541.1800,7.865900,8.726400
2020-04-21,22.4300844800,22.8870264700,21.9687061600,22.5010657600,1676109,84406364.4000,3.948400,-3.076600
2020-04-22,22.3147399000,22.4788841100,21.6847810400,22.1372867000,1507268,75155712.5200,3.550700,-1.616700
2020-04-23,22.2969945800,22.5676107100,21.5605638000,21.6448540700,1227233,60596306.2700,2.891000,-2.224400
2020-04-24,21.7735076400,21.7735076400,20.7664607300,21.0060225500,1266400,60166176.0000,2.983300,-2.951400
2020-04-27,21.0060225500,21.6847810400,20.6910431200,21.1524214400,1336000,63767691.0000,3.147200,0.696900
2020-04-28,20.9705319100,21.2500207000,19.9634850000,20.8285693500,931500,43326933.0000,2.194300,-1.531000
2020-04-29,20.5535168900,20.8463146700,20.2296648000,20.6200618400,1111300,51319979.0000,2.617900,-1.001100
2020-04-30,20.4559176300,20.9261686100,20.4071180000,20.6999157800,1128135,52677359.4500,2.657600,0.387300
2020-05-06,20.5934438600,21.2455843700,19.9634850000,21.0148952100,1149709,53753061.6400,2.708400,1.521600
2020-05-07,21.2056574000,22.4034665000,20.8862416400,22.1062323900,1956690,96145482.8200,4.609400,5.193200
2020-05-08,22.1772136700,22.2481949500,21.3786742700,21.7380170000,1618700,79208807.0000,3.813200,-1.665700
2020-05-11,21.7380170000,21.8267436000,20.8729326500,20.8773689800,1146100,54755848.0000,2.699900,-3.959200
2020-05-12,20.9616592500,21.2722023500,20.7620244000,21.2322753800,917309,43606807.7200,2.160900,1.700000
2020-05-13,21.1213671300,21.9332155200,20.8285693500,21.7247080100,1326450,64466922.0000,3.124700,2.319300
2020-05-14,21.3564926200,21.6847810400,21.1479851100,21.1612941000,903618,43310065.5200,2.128700,-2.593400
2020-05-15,21.0770038300,21.2544570300,20.6910431200,21.1124944700,936318,44197450.6200,2.205700,-0.230600
2020-05-18,21.2766386800,22.1151050500,20.4071180000,21.3964195900,1593800,77727245.0000,3.754500,1.344800
2020-05-19,21.7335806700,21.9598335000,20.8951143000,21.1124944700,1178700,56631345.0000,2.776700,-1.327000
2020-05-20,20.8551873300,21.2455843700,20.1897378300,20.6866067900,1259085,58933942.7000,2.966000,-2.017200
2020-05-21,20.9306049400,20.9306049400,20.1631198500,20.1675561800,1353700,62352778.0000,3.188900,-2.509100
2020-05-22,20.4071180000,20.6111891800,19.9856666500,20.2962097500,1186100,54043307.0000,2.794100,0.637900
2020-05-25,20.5402079000,20.8507510000,20.0167209600,20.6466798200,931700,42838297.4600,2.194800,1.726800
2020-05-26,20.6777341300,21.8711069000,20.6777341300,21.5960544400,2053618,99692759.8200,4.837700,4.598200
2020-05-27,21.5162005000,21.9953241400,21.3964195900,21.5073278400,1567018,76831627.3800,3.691400,-0.410800
2020-05-28,21.6492904000,21.9553971700,21.0193315400,21.6315450800,1248600,60557986.0000,2.941300,0.577600
2020-05-29,21.8223072700,22.9713167400,21.2943840000,22.7628092300,4038840,203094214.2500,9.514300,5.229700
2020-06-01,22.8337905100,23.2862961700,22.1949589900,22.4389571400,2772876,141106933.6300,6.532100,-1.422700
2020-06-02,22.3591032000,22.3812848500,22.0929234000,22.3679758600,1120700,56105214.9400,2.640000,-0.316300
2020-06-03,22.3990301700,22.5676107100,22.1816500000,22.2836855900,1534583,77431790.8200,3.615000,-0.376800
2020-06-04,22.5321200700,22.7894272100,22.0929234000,22.1816500000,884715,44519499.3500,2.084100,-0.457900
2020-06-05,22.1860863300,22.8249178500,22.1284140400,22.5720470400,1207131,61191020.0000,2.843700,1.760000
2020-06-08,22.7007006100,23.4814946900,22.3147399000,22.5986650200,1395397,71822019.1200,3.287200,0.117900
2020-06-09,22.3812848500,23.6412025700,22.1195413800,23.2907325000,2254200,117544681.6900,5.310200,3.062400
2020-06-10,23.1576426000,24.4752326100,22.9801894000,24.3243973900,3857865,208288580.9300,9.088000,4.438100
2020-06-11,24.2489797800,26.6179800000,23.8985097100,25.8549312400,3918503,223688712.9500,9.230900,6.292200
2020-06-12,24.9765379000,26.3074369000,24.9765379000,25.5887514400,2600439,150356655.5100,6.125900,-1.029500
2020-06-15,25.3758076000,27.1503396000,25.3758076000,26.7555062300,2569838,153624938.8400,6.053800,4.559600
2020-06-16,26.6357253200,27.1902665700,26.2630736000,27.0527403400,2130809,128339913.6200,5.019600,1.110900
2020-06-17,26.7954332000,27.5850999400,25.7440229900,25.8638039000,2840909,169455792.5700,6.692400,-4.394900
2020-06-18,26.1299837000,26.1299837000,24.2001801500,24.5417775600,3817059,214055713.8000,8.991900,-5.111500
2020-06-19,24.8656296500,24.8656296500,24.1824348300,24.3998150000,1970500,108730368.0000,4.641900,-0.578500
2020-06-22,24.6216315000,24.9765379000,23.9561820000,24.3377063800,2499436,136577339.3300,5.888000,-0.254500
2020-06-23,24.3331995000,26.0277120000,23.7457685000,25.6391038000,3230427,179706684.8900,7.610000,5.347200
2020-06-24,25.5758420000,25.9418567000,24.5681719000,25.0561915000,2212563,122639627.9100,5.212200,-2.273500
2020-06-29,24.8528500000,25.1962712000,24.2563816000,24.8438126000,1999709,109060558.2000,4.710700,-0.847600
2020-06-30,24.9974484000,25.2776078000,24.4506857000,24.4642418000,2254050,123594105.1100,5.309900,-1.527800
2020-07-01,24.4913540000,25.0516728000,24.1886011000,24.8528500000,2143578,116135518.5400,5.049700,1.588500
2020-07-02,24.7760321000,26.2129787000,24.5726906000,24.6088402000,2793713,155653562.2000,6.581200,-0.981800
2020-07-03,24.5365410000,24.6449898000,23.9536287000,24.5365410000,1733144,93146299.4400,4.082800,-0.293800
2020-07-06,24.3106060000,24.6495085000,24.0394840000,24.4009800000,2278441,123100587.0400,5.367400,-0.552500
2020-07-07,24.7895882000,24.8302565000,24.3331995000,24.4958727000,3212124,174581081.3600,7.566800,0.388900
2020-07-08,24.7534386000,24.7534386000,23.8542173000,23.8994043000,3552256,189242660.5400,8.368100,-2.435000
2020-07-09,23.7819181000,25.0110045000,23.7819181000,24.5139475000,3996218,215521621.9000,9.413900,2.571400
2020-07-10,24.5500971000,26.5428438000,24.4009800000,26.0367494000,6027190,339874390.1900,14.198300,6.212000
2020-07-13,26.4343950000,26.6151430000,25.1149346000,25.8695575000,4630713,262275425.7800,10.908600,-0.642100
2020-07-14,25.9147445000,28.4587726000,25.7520713000,28.4587726000,8463914,511492341.9300,19.938500,10.008700
2020-07-15,27.8713416000,29.0552410000,26.9585642000,27.0624943000,5283481,326550545.9200,12.446400,-4.906300
2020-07-16,27.0353821000,27.0353821000,24.5365410000,24.7534386000,4144261,233198694.7100,9.762700,-8.532300
2020-07-17,24.4009800000,25.0381167000,23.9491100000,24.2066759000,2310639,124334510.5200,5.443200,-2.208800
2020-07-20,24.4958727000,26.5563999000,24.0665962000,26.1271234000,3391198,191468355.9000,7.988700,7.933500
2020-07-21,26.1632730000,28.7389320000,26.1632730000,28.7389320000,4817074,301911429.9600,11.347600,9.996500
2020-07-22,28.3322490000,31.5360073000,28.3322490000,30.2075095000,7330315,488961090.8800,17.268100,5.110100
2020-07-23,31.2016235000,31.2242170000,29.5974850000,30.7271600000,5315127,358337818.1300,12.520900,1.720300
2020-07-24,30.7271600000,30.7271600000,27.6544440000,28.8835304000,5081500,329872398.5300,11.970600,-6.000000
2020-07-27,29.2902134000,31.4546707000,29.1953207000,29.9137940000,5579737,369757770.6400,13.144300,3.567000
2020-07-28,30.7271600000,30.7271600000,26.9766390000,28.4678100000,6040623,376267859.5700,13.886300,-4.833800
2020-07-29,28.9196800000,29.7240086000,28.1153514000,29.3715500000,2966200,190816381.0000,6.818800,3.174600
2020-07-30,29.3715500000,29.3760687000,27.4917708000,27.8351920000,4819899,299046707.5500,11.080100,-5.230800
2020-07-31,27.6544440000,28.4226230000,26.6603300000,28.1515010000,2941109,181429170.0700,6.761100,1.136400
2020-08-03,28.0520896000,28.5581840000,27.6318505000,28.1198701000,2590900,160267311.0000,5.956000,-0.112400
2020-08-04,28.1289075000,28.1740945000,27.3290976000,27.5640700000,1910300,117335045.0000,4.391400,-1.976500
2020-08-05,27.4782147000,28.6666328000,27.2070927000,27.7674115000,2275200,140630599.0000,5.230300,0.737700
2020-08-06,27.5731074000,27.9436408000,26.5789934000,26.9676016000,2557700,153055392.0000,5.879700,-2.880400
2020-08-07,27.5550326000,27.5550326000,25.5306550000,26.1180860000,2502900,145634615.0000,5.753700,-3.150100
2020-08-10,26.1135673000,26.7597414000,25.7204404000,26.6241804000,1508900,88116558.6700,3.468700,1.937700
2020-08-11,26.8320406000,27.0670130000,26.0051185000,26.0638616000,1342900,78969010.0000,3.087100,-2.104500
2020-08-12,26.1858665000,26.1858665000,24.1750450000,24.7805508000,1985200,109453165.0300,4.563600,-4.923700
2020-08-13,24.7624760000,24.9838923000,23.8948856000,23.9265165000,2442640,131071423.8000,5.615200,-3.446400
2020-08-14,24.0440027000,24.0440027000,22.9685521000,23.8135490000,2565566,133351781.6400,5.897800,-0.472100
2020-08-17,23.6779880000,24.9115931000,23.6779880000,24.6946955000,2176340,118085128.4000,5.003000,3.700200
2020-08-18,24.7489199000,26.0277120000,24.4913540000,25.5261363000,2269450,126742315.0000,5.217100,3.366900
2020-08-19,25.5080615000,25.9147445000,24.7624760000,24.8438126000,1584640,88334350.2000,3.642800,-2.673000
2020-08-20,24.6540272000,25.1556029000,24.3964613000,24.4280922000,1050100,57354381.0000,2.414000,-1.673300
2020-08-21,24.4326109000,24.7534386000,24.3512743000,24.5862467000,720063,39183234.5400,1.655300,0.647400
2020-08-24,24.6449898000,25.0516728000,24.2337881000,24.9432240000,1918900,104021472.0000,4.411200,1.451900
2020-08-25,24.7172890000,24.9884110000,24.4009800000,24.6495085000,1147275,62679010.9000,2.637400,-1.177500
2020-08-26,24.4280922000,24.7172890000,23.7909555000,23.8994043000,1118800,60088243.4000,2.571900,-3.043100
2020-08-27,24.1750450000,24.7624760000,23.9762222000,24.6946955000,1077068,58420012.7100,2.476000,3.327700
2020-08-28,24.4732792000,25.7656274000,24.3512743000,25.3996127000,1690347,93629900.4000,3.885800,2.854500
2020-08-31,25.4041314000,25.8831136000,25.1104159000,25.3363509000,1337500,75263650.0000,3.074700,-0.249100
2020-09-01,25.3363509000,25.5848794000,24.8573687000,25.5758420000,1342709,74800177.5000,3.086600,0.945200
2020-09-02,25.4899867000,27.3742846000,25.4312436000,26.6467739000,3200860,189226289.1200,7.358200,4.187300
2020-09-03,26.6286991000,27.3652472000,26.1949039000,26.1949039000,1775600,105118048.0000,4.081800,-1.695800
2020-09-04,25.8605201000,27.3155415000,25.8605201000,27.1212374000,1750798,103863683.2000,4.024800,3.536300
2020-09-07,27.9120099000,29.1908020000,26.7507040000,28.1515010000,3851732,241745165.5600,8.854400,3.798700
2020-09-08,28.0159400000,28.6756702000,27.4827334000,28.3096555000,1626347,101135941.7100,3.738700,0.561800
2020-09-09,27.9255660000,28.4226230000,26.5744747000,27.4962895000,1548340,94466175.0000,3.559400,-2.873100
2020-09-10,27.4962895000,27.7402993000,25.8469640000,26.1180860000,1141500,67603849.0000,2.624100,-5.012300
2020-09-11,26.0231933000,26.5247690000,25.6662160000,26.4208389000,928200,53421662.0000,2.133800,1.159200
2020-09-14,26.6467739000,26.6467739000,25.9825250000,26.1226047000,680500,39544710.0000,1.564300,-1.128800
2020-09-15,26.1226047000,26.5699560000,25.7565900000,26.4434324000,652900,37722971.0000,1.500900,1.228200
2020-09-16,26.4434324000,27.2884293000,25.7565900000,26.2039413000,982200,57008541.0000,2.257900,-0.905700
2020-09-17,26.2536470000,26.7190731000,25.9825250000,26.1271234000,1025900,59694256.0000,2.358400,-0.293200
2020-09-18,25.8921510000,26.4841007000,25.5758420000,25.9915624000,976600,56005045.0000,2.245000,-0.518900
2020-09-21,25.9463754000,25.9915624000,25.3634631000,25.4945054000,670200,37928143.0000,1.540700,-1.912400
2020-09-22,25.4945054000,25.8921510000,25.1510842000,25.2414582000,500800,28342277.0000,1.151200,-0.992600
2020-09-23,25.5532485000,26.7597414000,25.2595330000,26.0728990000,1237700,71605271.0000,2.845200,3.293900
2020-09-24,25.9644502000,26.4298763000,25.2550143000,26.2355722000,1112709,63531019.2800,2.557900,0.623900
2020-09-25,26.2672031000,27.3336163000,26.0683803000,26.4253576000,1508500,88773708.0000,3.467800,0.723400
2020-09-28,26.4841007000,26.5428438000,25.4086501000,25.4538371000,810700,46469288.0000,1.863700,-3.676500
2020-09-29,25.6797721000,25.6797721000,24.9884110000,25.1239720000,871800,48697359.0000,2.004100,-1.295900
2020-09-30,25.1013785000,25.6436225000,24.8664061000,25.1962712000,457818,25675992.7000,1.052400,0.287800
2020-10-09,25.3047200000,25.5306550000,24.8573687000,25.1917525000,1035809,57724549.0900,2.381100,-0.017900
2020-10-12,25.2143460000,27.4872521000,25.2143460000,27.4059155000,2552193,150745744.5600,5.867000,8.789200
2020-10-13,27.5550326000,27.8803790000,26.7868536000,27.5821448000,1700100,103015513.0000,3.908200,0.643000
2020-10-14,27.7357806000,27.7357806000,26.0096372000,26.0638616000,2361300,137948781.0000,5.428200,-5.504600
2020-10-15,26.2897966000,26.4931381000,25.6029542000,26.0728990000,1422300,81868942.0000,3.269600,0.034700
2020-10-16,26.2084600000,26.2084600000,25.2324208000,25.4041314000,1554350,88108406.5000,3.573200,-2.565000
2020-10-19,25.5170989000,25.6933282000,25.1330094000,25.2595330000,1079109,60590057.0600,2.480700,-0.569200
2020-10-20,25.0200419000,25.2414582000,24.8754435000,25.1691590000,1210350,66932470.0000,2.782400,-0.357800
2020-10-21,25.1239720000,25.3047200000,24.1434141000,24.3422369000,1494084,81452278.0000,3.434600,-3.285500
2020-10-22,24.1388954000,24.8438126000,23.7954742000,24.1388954000,1467400,78885928.0000,3.373300,-0.835300
2020-10-23,24.1524515000,24.3783865000,22.5528317000,22.5935000000,1860600,95551312.0000,4.277200,-6.402100
2020-10-26,23.0227765000,23.0227765000,21.8343584000,22.1145178000,2766266,136654235.0000,6.359100,-2.120000
2020-10-27,22.2771910000,22.3675650000,21.4547876000,21.6445730000,2765800,132873768.0000,6.358100,-2.125100
2020-10-28,22.1551861000,22.4534203000,20.8312070000,21.9021389000,3616868,172730799.6000,8.314500,1.190000
2020-10-29,21.6987974000,23.3436042000,21.6942787000,23.1944871000,3344850,166765197.0000,7.689200,5.900600
2020-10-30,23.0363326000,23.3345668000,22.3856398000,22.4127520000,2113604,106890749.7400,4.858800,-3.370300
2020-11-02,22.6115748000,23.4475343000,22.5889813000,23.2577489000,1976118,101066741.5200,4.542700,3.770200
2020-11-03,23.2441928000,23.3887912000,22.8646220000,23.1673749000,1178009,60307815.2100,2.708000,-0.388600
2020-11-04,23.1538188000,23.6779880000,23.0498887000,23.3164920000,957500,49414722.0000,2.201100,0.643700
2020-11-05,23.4294595000,23.9355539000,23.3390855000,23.4882026000,1220009,63569722.4400,2.804600,0.736400
2020-11-06,23.3345668000,23.8948856000,22.8284724000,23.0137391000,1364200,69677102.9100,3.136000,-2.020000
2020-11-09,23.0544074000,23.6102075000,23.0498887000,23.2035245000,1239317,64160839.2400,2.849000,0.824700
2020-11-10,23.3119733000,23.3119733000,22.7155049000,23.0001830000,971900,49239415.0000,2.234200,-0.876300
2020-11-11,23.0001830000,23.0001830000,21.9382885000,22.3268967000,1532500,75564524.0000,3.522900,-2.927300
2020-11-12,22.4127520000,22.5392756000,22.1551861000,22.2681536000,718209,35463921.6000,1.651000,-0.263100
2020-11-13,22.2681536000,22.2771910000,21.7259096000,21.9608820000,1172700,56749418.0000,2.695800,-1.379900
2020-11-16,22.1416300000,22.2094105000,21.8524332000,21.9744381000,777109,37820791.4100,1.786400,0.061700
2020-11-17,22.1099991000,22.1099991000,21.2604835000,21.6536104000,1011700,48157199.0000,2.325700,-1.460000
2020-11-18,21.8479145000,21.9608820000,21.1836656000,21.4683437000,984300,46786777.0000,2.262700,-0.855600
2020-11-19,21.3960445000,21.8162836000,20.9938802000,21.5677551000,958509,45495715.6700,2.203400,0.463100
2020-11-20,21.4864185000,21.6355356000,21.2378900000,21.4186380000,912100,43230021.0000,2.096800,-0.691400
2020-11-23,21.4638250000,21.4728624000,21.0164737000,21.1113664000,1312000,61521198.0000,3.016100,-1.434600
2020-11-24,21.2830770000,21.3282640000,20.9306184000,20.9758054000,841800,39286699.0000,1.935100,-0.642100
2020-11-25,21.0706981000,21.1475160000,20.3341500000,20.4064492000,1453453,66185092.7900,3.341200,-2.714300
2020-11-26,20.5871972000,20.7724639000,20.2889630000,20.5871972000,1060618,48107214.8500,2.438200,0.885700
2020-11-27,20.6052720000,21.4818998000,20.3341500000,20.8447631000,1837200,85068005.0000,4.223400,1.251100
2020-11-30,20.7227582000,20.7227582000,20.3341500000,20.3793370000,1217700,55097593.0000,2.799300,-2.232800
2020-12-01,20.4606736000,20.9486932000,19.8822800000,20.8673566000,1546950,70708196.0000,3.556200,2.394700
2020-12-02,21.0074363000,21.1836656000,20.7453517000,20.9893615000,1041800,48324104.0000,2.394900,0.584700
2020-12-03,20.9983989000,21.1881843000,20.7815013000,21.0209924000,972500,45175861.0000,2.235600,0.150700
2020-12-04,21.1249225000,21.4638250000,20.9351371000,21.0074363000,1293500,60577499.0000,2.973500,-0.064500
2020-12-07,21.1836656000,21.2288526000,20.5600850000,20.7092021000,1490109,68847173.7900,3.425500,-1.419700
2020-12-08,20.6956460000,20.9080249000,20.3386687000,20.5329728000,1044100,47619185.0000,2.400200,-0.851000
2020-12-09,20.5781598000,20.6820899000,19.9862101000,19.9997662000,1184400,53264693.0000,2.722700,-2.596800
2020-12-10,20.0088036000,20.4335614000,19.7557564000,20.1579207000,966200,43108098.0000,2.221100,0.790800
2020-12-11,20.0946589000,20.0991776000,19.2089937000,19.4665596000,1139900,49359732.0000,2.620400,-3.429700
2020-12-14,19.5207840000,19.8099808000,18.9785400000,19.7602751000,1229100,53040852.0000,2.825500,1.508800
2020-12-15,19.7015320000,20.0946589000,19.6111580000,19.9816914000,841200,37035304.0000,1.933800,1.120500
2020-12-16,19.9816914000,20.0088036000,19.4304100000,19.5253027000,826100,35949842.0000,1.899100,-2.284000
2020-12-17,19.7422003000,19.8732426000,19.2089937000,19.8642052000,1047600,45382747.0000,2.408200,1.735700
2020-12-18,19.8461304000,19.8777613000,19.2225498000,19.2903303000,1132600,48752013.6600,2.603600,-2.889000
2020-12-21,19.2903303000,19.3309986000,18.9197969000,19.0327644000,987600,41770440.0000,2.270300,-1.335200
2020-12-22,18.9333530000,19.3671482000,18.6396375000,18.6848245000,1300654,54627058.5800,2.990000,-1.828100
2020-12-23,18.6396375000,18.9288343000,18.5266700000,18.6622310000,1001600,41461374.0000,2.302500,-0.120900
2020-12-24,18.5402261000,18.7526050000,18.0838374000,18.1651740000,954867,38734964.7300,2.195100,-2.663400
2020-12-25,18.0883561000,18.6622310000,17.9166455000,18.1606553000,981400,39602699.0000,2.256100,-0.024900
2020-12-28,18.2103610000,18.5808944000,17.8940520000,18.2600667000,1032500,41587385.5000,2.373500,0.547400
2020-12-29,18.1742114000,18.2329545000,17.9663512000,18.0838374000,791900,31710671.0000,1.820400,-0.965100
2020-12-30,18.2103610000,18.2103610000,17.8081967000,18.0793187000,830000,33121801.5000,1.908000,-0.025000
2020-12-31,18.0748000000,18.7661611000,18.0070195000,18.6893432000,1432409,58256376.3900,3.292800,3.374200
2021-01-04,18.5402261000,18.8339416000,18.4724456000,18.6848245000,1148900,47347221.0000,2.641100,-0.024200
2021-01-05,18.6848245000,18.7616424000,18.4001464000,18.5085952000,1032698,42393751.7800,2.374000,-0.943200
2021-01-06,18.5583009000,18.7751985000,17.8850146000,17.9618325000,1380700,55323730.0000,3.174000,-2.954100
2021-01-07,17.8669398000,17.9211642000,16.5248859000,16.6017038000,2105323,79243596.6600,4.839800,-7.572300
2021-01-08,16.5339233000,17.1846161000,16.1859834000,17.0129055000,1647909,61485938.0800,3.788200,2.476900
2021-01-11,17.0806860000,17.0806860000,16.1724273000,16.2176143000,1573700,57356543.0000,3.617700,-4.674600
2021-01-12,16.2763574000,16.5655542000,15.9600484000,16.3034696000,1038000,37495283.0000,2.386200,0.529400
2021-01-13,16.4345119000,16.4345119000,15.6121085000,15.7973752000,1442709,50615186.4000,3.316500,-3.104200
2021-01-14,15.7973752000,16.3486566000,15.5669215000,16.1905021000,1576506,55755394.2800,3.624100,2.488600
2021-01-15,16.0820533000,16.8231201000,16.0775346000,16.6423721000,1120709,41090319.9200,2.576300,2.791000
2021-01-18,16.6740030000,17.4783316000,16.5384420000,16.9903120000,1570400,59739322.0000,3.610100,2.090700
2021-01-19,17.0535738000,17.1077982000,16.7643770000,16.9451250000,1218600,45579882.0000,2.801300,-0.266000
2021-01-20,16.9451250000,17.4060324000,16.8095640000,17.0897234000,1382800,52474381.0000,3.178800,0.853300
2021-01-21,17.0942421000,17.2388405000,16.6830404000,16.8095640000,2180709,81267262.6300,5.013100,-1.639300
2021-01-22,16.7824518000,16.9586811000,16.5610355000,16.7598583000,1561300,57850641.0000,3.589100,-0.295700
2021-01-25,17.1846161000,17.7991593000,16.6107412000,16.6649656000,2322700,87282706.6400,5.293500,-0.566200
2021-01-26,16.5339233000,16.8231201000,16.2221330000,16.3848062000,1078800,39454910.0000,2.458600,-1.681100
2021-01-27,16.4028810000,16.6017038000,16.1814647000,16.2808761000,1139400,41153923.0000,2.596700,-0.634300
2021-01-28,16.1182029000,16.4661428000,16.0187915000,16.2085769000,863900,31153052.0000,1.968800,-0.444100
2021-01-29,16.1859834000,16.2718387000,15.5172158000,15.6527768000,1568100,54828050.0000,3.573700,-3.429000
2021-02-01,15.7657443000,15.9464923000,15.5895150000,15.8199687000,860600,30106220.0000,1.961300,1.068100
2021-02-02,15.7883378000,16.3576940000,15.7115199000,16.0910907000,1035400,36859790.0000,2.359700,1.713800
2021-02-03,16.0865720000,16.3125070000,15.4087670000,15.4268418000,1800600,63354136.0000,4.103600,-4.128100
2021-02-04,15.4313605000,15.6753703000,14.8665230000,14.9478596000,1436700,48320507.0000,3.274300,-3.104900
2021-02-05,14.9568970000,15.2596499000,14.4553213000,14.5185831000,1226909,40312909.0000,2.796200,-2.871800
2021-02-08,14.6812563000,14.6812563000,14.0531570000,14.1028627000,1315000,41569282.0000,2.996900,-2.863400
2021-02-09,14.1390123000,14.5185831000,14.0350822000,14.2474611000,1409900,44375140.8200,3.213200,1.025300
2021-02-10,14.2474611000,14.3920595000,14.1028627000,14.1661245000,1185800,37326365.0000,2.702500,-0.570900
2021-02-18,14.3604286000,15.2460938000,14.3423538000,14.9659344000,1717400,56626947.0000,3.914000,5.645900
2021-02-19,14.9794905000,15.4539540000,14.7535555000,15.4087670000,1240200,41669473.0000,2.826400,2.958900
2021-02-22,15.4313605000,15.9645671000,15.4178044000,15.5714402000,1778401,61820722.9300,4.053000,1.055700
2021-02-23,15.5036597000,15.7928565000,15.1828320000,15.6844077000,1119000,38594581.0000,2.550200,0.725500
2021-02-24,15.6301833000,15.8696744000,15.5081784000,15.6347020000,1254000,43526356.6100,2.857900,-0.316900
2021-02-25,15.6798890000,15.7612256000,15.3093556000,15.3771361000,1018600,34967312.0000,2.321400,-1.647400
2021-02-26,15.2054255000,15.7838191000,15.1512011000,15.4946223000,1209400,41646770.0000,2.756300,0.764000
2021-03-01,15.3635800000,16.1543525000,15.3635800000,16.0413850000,1702400,59880918.0000,3.879800,3.528700
2021-03-02,16.0413850000,16.1407964000,15.5578841000,15.6889264000,1350400,47220177.0000,3.077600,-2.197200
2021-03-03,15.6934451000,15.9238988000,15.6030711000,15.7431508000,1097300,38245997.0000,2.500800,0.345600
2021-03-04,15.7250760000,15.7883378000,15.1828320000,15.3861735000,1406200,48176253.0000,3.204800,-2.267500
2021-03-05,15.3952109000,15.7160386000,15.3364678000,15.5217345000,1020546,35104545.4000,2.325800,0.881100
2021-03-08,15.6256646000,15.7567069000,15.2867621000,15.3138743000,1202485,41248275.2500,2.740500,-1.339200
2021-03-09,15.3138743000,15.3409865000,14.5276205000,14.7445181000,1912535,62798141.4500,4.358700,-3.717900
2021-03-10,14.7761490000,15.0834206000,14.6179945000,14.7671116000,1484000,48783073.9000,3.382100,0.153200
2021-03-11,14.8032612000,14.9840092000,14.6631815000,14.9207474000,987550,32477541.5000,2.250600,1.040400
2021-03-12,14.9930466000,14.9930466000,14.5321392000,14.7219246000,919800,29877156.0000,2.096200,-1.332500
2021-03-15,14.7535555000,14.8303734000,14.4598400000,14.6225132000,957300,30996232.0000,2.181700,-0.675300
2021-03-16,14.6857750000,14.9343035000,14.5547327000,14.8800791000,937400,30652608.0000,2.136400,1.761400
2021-03-17,14.9930466000,16.3667314000,14.9297848000,16.3667314000,4260164,150417639.3000,9.709000,9.990900
2021-03-18,16.5700729000,17.5687056000,16.3712501000,17.2885462000,7594350,286093643.8600,17.307700,5.632200
2021-03-19,16.9677185000,17.4873690000,16.8728258000,17.4873690000,4453800,169495566.4800,10.150300,1.150000
2021-03-22,17.2523966000,18.0476878000,17.2072096000,17.6229300000,4314600,168792537.8200,9.833100,0.775200
2021-03-23,17.5099625000,17.7494536000,17.3969950000,17.6274487000,2727530,106193570.1800,6.216100,0.025600
2021-03-24,17.5325560000,17.6681170000,16.6920778000,16.8502323000,3573139,134791980.0400,8.143300,-4.409100
2021-03-25,16.8773445000,16.9993494000,16.5836290000,16.6965965000,1841017,68421511.1400,4.195700,-0.911800
2021-03-26,16.7960079000,17.3292145000,16.6197786000,16.9315689000,2039493,76781862.8400,4.648100,1.407300
2021-03-29,16.7960079000,17.4376633000,16.7463022000,16.8276388000,2131800,80663286.0000,4.858400,-0.613800
2021-03-30,16.8050453000,17.2433592000,16.7643770000,16.9134941000,1721100,64545067.0000,3.922400,0.510200
2021-03-31,16.8637884000,17.1032795000,16.7869705000,17.0852047000,1481218,55514627.6000,3.375700,1.015200
2021-04-01,17.2343218000,17.2614340000,16.4932550000,16.5384420000,2134200,79138325.5400,4.863900,-3.200200
2021-04-02,16.5836290000,16.8818632000,16.3848062000,16.7282274000,1603200,58916589.0000,3.653700,1.147500
2021-04-06,16.7282274000,17.1529852000,16.6288160000,16.9451250000,1540700,57769128.0000,3.511300,1.296600
2021-04-07,16.8321575000,17.1032795000,16.8005266000,17.0129055000,1512922,56814849.1800,3.448000,0.400000
2021-04-08,16.9451250000,17.4015137000,16.5610355000,16.5610355000,2136300,79443097.0000,4.868700,-2.656000
2021-04-09,16.5971851000,16.8411949000,16.4390306000,16.7734144000,1375268,50816622.0800,3.134300,1.282400
2021-04-12,16.8095640000,16.8095640000,15.9645671000,15.9961980000,2024622,73045028.0600,4.614200,-4.633600
2021-04-13,15.9826419000,16.3486566000,15.9510110000,16.0820533000,1202100,42855788.0000,2.739600,0.536700
2021-04-14,16.1091655000,16.3351005000,15.9148614000,16.3079883000,1123011,40144603.1800,2.559400,1.404900
2021-04-15,16.3622127000,16.5429607000,16.1679086000,16.5203672000,1111811,40338989.7300,2.533800,1.302300
2021-04-16,16.5384420000,16.7146713000,16.3712501000,16.4932550000,1516500,55670633.5200,3.456100,-0.164100
2021-04-19,15.9555297000,15.9555297000,14.8439295000,15.2325377000,5507641,183780029.5900,12.552000,-7.643800
2021-04-20,15.0246775000,15.2506125000,14.9343035000,14.9975653000,2763300,92196289.8300,6.297600,-1.542600
2021-04-21,14.9614157000,15.0834206000,14.8258547000,14.9885279000,1792600,59380448.5700,4.085400,-0.060300
2021-04-22,15.0020840000,15.4539540000,14.9433409000,15.2054255000,2051600,69001518.0000,4.675600,1.447100
2021-04-23,15.2099442000,15.3003182000,15.0156401000,15.0698645000,1420325,47451564.5000,3.237000,-0.891500
2021-04-26,15.3093556000,15.9284175000,15.3093556000,15.4675101000,3116800,107308601.0000,7.103300,2.638700
2021-04-27,15.4720288000,15.4765475000,14.7309620000,15.2235003000,2262700,75461579.0000,5.156700,-1.577600
2021-04-28,15.1828320000,15.3635800000,14.9568970000,15.1692759000,1437409,48293565.0100,3.275900,-0.356200
2021-04-29,15.1240889000,15.2189816000,14.7671116000,14.7942238000,1817400,60041099.8200,4.141900,-2.472400
2021-04-30,14.0124887000,14.5411766000,13.8272220000,14.1932367000,2923025,91584113.5800,6.661600,-4.062300
2021-05-06,14.1390123000,14.1390123000,13.5018756000,13.5470626000,2369996,71784860.1300,5.401300,-4.552700
2021-05-07,13.5561000000,13.7368480000,13.3075715000,13.3437211000,1633100,48748390.0000,3.721900,-1.501000
2021-05-10,13.3843894000,13.4747634000,13.1132674000,13.2804593000,1378300,40391136.0000,3.141200,-0.474100
2021-05-11,13.1991227000,13.3798707000,13.1991227000,13.3301650000,811834,23898185.8400,1.850200,0.374300
2021-05-12,13.3708333000,13.3979455000,13.2307536000,13.3753520000,969200,28524145.8200,2.208800,0.339000
2021-05-13,13.2397910000,13.8091472000,13.2307536000,13.6600301000,1504300,45299171.5000,3.428300,2.128400
2021-05-14,13.6238805000,13.9221147000,13.5651374000,13.8498155000,1179983,35944987.8800,2.689200,1.389300
2021-05-17,13.7368480000,13.8814464000,13.5786935000,13.7594415000,1038900,31443950.0000,2.367700,-0.652500
2021-05-18,13.7368480000,13.8498155000,13.4883195000,13.7594415000,909200,27438242.0000,2.072100,0.000000
2021-05-19,13.7504041000,13.8362594000,13.6735862000,13.7278106000,638200,19411223.0000,1.454500,-0.229900
2021-05-20,13.7278106000,13.8001098000,13.6193618000,13.6645488000,738600,22400992.2800,1.683300,-0.460800
2021-05-21,13.7142545000,13.7458854000,13.5922496000,13.5922496000,676000,20443239.0000,1.540600,-0.529100
2021-05-24,13.6283992000,13.6329179000,13.2759406000,13.5922496000,924265,27511820.0000,2.106400,0.000000
2021-05-25,13.5515813000,13.8814464000,13.5018756000,13.7097358000,921525,27982199.0000,2.100200,0.864400
2021-05-26,13.6961797000,13.8950025000,13.5922496000,13.8407781000,1132800,34500026.0000,2.581700,0.955800
2021-05-27,13.8407781000,13.9989326000,13.6916610000,13.9627830000,1258125,38714092.7500,2.525100,0.881500
2021-05-28,13.9673017000,14.1796806000,13.8678903000,13.8859651000,1286900,39877344.0000,2.582800,-0.550200
2021-05-31,13.9221147000,15.2732060000,13.9221147000,15.2732060000,3875227,126750965.7700,7.777600,9.990200
2021-06-01,15.5985524000,16.8005266000,15.4810662000,16.8005266000,7187691,256945765.1000,14.425800,10.000000
2021-06-02,18.4272586000,18.4814830000,17.8488650000,18.4814830000,6988056,284513797.6000,14.025100,10.005400
2021-06-03,18.0793187000,19.0689140000,17.3021023000,17.6726357000,9623655,380447634.2000,19.314800,-4.376500
2021-06-04,17.3608454000,19.3490734000,16.9948307000,17.9708699000,9532092,382957205.0600,19.131000,1.687500
2021-06-07,18.1742114000,19.7693125000,17.9076081000,18.9785400000,11835699,500177081.9700,23.754400,5.607200
2021-06-08,18.3549594000,18.4588895000,17.0806860000,17.0806860000,7546700,292196264.2400,15.146300,-10.000000
2021-06-09,16.6649656000,17.0852047000,16.2718387000,16.7734144000,5312684,196352553.9300,10.662600,-1.798900
2021-06-10,16.7643770000,16.9677185000,16.0459037000,16.1679086000,5626371,202969136.3300,11.292200,-3.609900
2021-06-11,16.3396192000,16.3667314000,15.6708516000,16.0187915000,4258322,150120955.4500,8.546500,-0.922300
2021-06-15,16.0142728000,16.2356891000,15.6934451000,15.8064126000,3119750,109888875.8400,6.261400,-1.325800
2021-06-16,15.8064126000,15.9510110000,14.9975653000,15.0879393000,3846950,131274020.5000,7.720900,-4.545500
2021-06-17,15.1014954000,15.3364678000,14.7942238000,14.9343035000,3906000,129765857.5600,7.839400,-1.018300
2021-06-18,15.0020840000,15.1150515000,14.5637701000,15.1150515000,2575800,84859282.0000,5.169700,1.210300
2021-06-21,15.1150515000,15.5262532000,14.9117100000,15.4629914000,3638303,122673256.2400,7.302100,2.301900
2021-06-22,15.4087670000,15.5985524000,15.1918694000,15.3048369000,2772111,94340028.7000,5.563700,-1.022800
2021-06-23,15.3048369000,15.3048369000,14.9478596000,15.0789019000,2909900,96953684.0000,5.840200,-1.476200
2021-06-24,15.1331263000,15.1963881000,14.7987425000,14.9614157000,2028609,67360188.7600,4.071400,-0.779100
2021-06-25,15.0472710000,16.4571054000,14.9930466000,16.4571054000,6019575,210666632.8600,12.081400,9.997000
2021-06-28,16.4571054000,17.4873690000,16.1182029000,16.9360876000,8431158,311462474.9700,16.921500,2.910500
2021-06-29,16.9360876000,17.1710600000,16.3938436000,16.8005266000,4855693,180267908.5400,9.745400,-0.800400
2021-06-30,16.8095640000,17.7358975000,16.6152599000,16.8457136000,5270160,199390400.2900,10.577300,0.269000
2021-07-01,16.8457136000,17.3969950000,16.4028810000,16.5022924000,4225836,158185790.6400,8.481300,-2.038600
2021-07-02,16.5022924000,16.6333347000,16.0052354000,16.1362777000,3409300,122734574.0000,6.842500,-2.218000
2021-07-05,16.1317590000,16.5068111000,16.0233102000,16.2221330000,2362771,85027371.0000,4.742100,0.532100
2021-07-06,16.2771101900,16.2771101900,15.3837703400,15.5532758500,3631737,124345881.9000,7.288900,-4.123100
2021-07-07,15.7365250500,15.7548499700,15.4204201800,15.5532758500,1694936,57606626.0400,3.401800,0.000000
2021-07-08,15.5945069200,16.8085328700,15.4479075600,16.0297237700,4193343,146817361.1400,8.416100,3.063300
2021-07-09,15.8922868700,16.1854855900,15.6769690600,15.8647994900,1930976,66875278.0400,3.875500,-1.028900
2021-07-12,15.7640124300,16.6573522800,15.7594312000,16.5061716900,3698837,131797218.1600,7.423600,4.042700
2021-07-13,16.4924280000,16.7077458100,16.3091788000,16.5061716900,2386911,85933213.7800,4.790600,0.000000
2021-07-14,16.4878467700,16.7673018000,16.2633665000,16.6710959700,2593336,93765235.2800,5.204900,0.999200
2021-07-15,16.6756772000,16.6985833500,15.8968681000,15.9976551600,2754653,97026282.2700,5.528600,-4.039600
2021-07-16,15.9884927000,16.2221354300,15.7090376700,16.1259296000,1731909,60136351.8600,3.476000,0.801800
2021-07-19,16.0388862300,16.0892797600,15.5761820000,15.8647994900,1570732,53998322.8800,3.152500,-1.619300
2021-07-20,15.8968681000,16.4924280000,15.8556370300,16.3962221700,2339816,83331857.4200,4.696000,3.349700
2021-07-21,16.5107529200,16.9276448500,16.2679477300,16.8406014800,3628353,132312878.3800,7.282200,2.710300
2021-07-22,16.8451827100,16.8955762400,16.3549911000,16.5061716900,2590032,93719157.7200,5.198200,-1.985900
2021-07-23,16.5199153800,16.5290778400,15.8327308800,16.1259296000,2081783,73423210.2600,4.178200,-2.303600
2021-07-26,16.0205613100,16.0205613100,15.6403192200,15.7548499700,2108083,72641701.4500,4.231000,-2.301100
2021-07-27,15.7502687400,15.8968681000,14.3850622000,14.4537806500,3318325,108125665.5000,6.659900,-8.258200
2021-07-28,14.4537806500,14.5912175500,13.6978777000,14.2063942300,2023900,62614188.0000,4.062000,-1.711600
2021-07-29,14.3621560500,14.5270803300,14.1605819300,14.2109754600,1477500,46174726.0000,2.965400,0.032200
2021-07-30,14.2063942300,14.3850622000,13.8444770600,14.1560007000,1350011,41501201.0500,2.709500,-0.386800
2021-08-02,14.1514194700,15.0951528500,14.1147696300,15.0401780900,2320463,74153995.7300,4.657200,6.246000
2021-08-03,14.9806221000,15.5716007700,14.7515606000,15.0722467000,2277851,75798582.0000,4.571700,0.213200
2021-08-04,15.1226402300,15.4433263300,14.9393910300,15.2096836000,1601000,53038625.0000,3.213200,0.911900
2021-08-05,15.3471205000,15.4845574000,14.5820550900,14.5957987800,2146251,69560239.2500,4.307600,-4.036100
2021-08-06,14.5957987800,14.5957987800,14.1101884000,14.2980188300,1750800,54480172.6000,3.513900,-2.040200
2021-08-09,14.3346686700,14.5041741800,14.2063942300,14.4262932700,882500,27737455.0000,1.771200,0.897100
2021-08-10,14.4308745000,14.5912175500,14.2980188300,14.4766868000,1166078,36841167.3600,2.340300,0.349300
2021-08-11,14.4766868000,14.5591489400,14.3163437500,14.3392499000,1374371,43236159.7200,2.758400,-0.949400
2021-08-12,14.3163437500,14.4491994200,14.2155566900,14.3575748200,1064100,33262746.0000,2.135700,0.127800
2021-08-13,14.3575748200,14.4079683500,13.9956576500,14.0506324100,1620200,49983632.0000,3.251800,-2.137800
2021-08-16,13.9773327300,15.2371709800,13.9269392000,14.7882104400,3034151,97091755.3000,6.089600,5.249400
2021-08-17,14.7836292100,15.0264344000,14.4400369600,14.5728926300,1717162,54963974.0300,3.446400,-1.456000
2021-08-18,14.5637301700,15.0035282500,14.3484123600,14.7378169100,1151200,36666189.0000,2.310500,1.131700
2021-08-19,14.7378169100,14.8889975000,14.6141237000,14.6507735400,988100,31805779.0000,1.983100,-0.590600
2021-08-20,14.6141237000,14.6141237000,14.2063942300,14.5957987800,1172993,36755685.3700,2.354200,-0.375200
2021-08-23,14.2430440700,14.4995929500,14.1972317700,14.2888563700,2109749,65732548.4700,4.210500,-2.103000
2021-08-24,14.2155566900,14.3988058900,14.1560007000,14.2155566900,1348509,41867104.1900,2.691300,-0.513000
2021-08-25,14.2018130000,14.8660913500,14.0185638000,14.6828421500,2297871,72789809.2500,4.586000,3.287100
2021-08-26,14.6599360000,15.3746078800,14.4446181900,14.9577159500,3506079,114769924.0500,6.997300,1.872100
2021-08-27,14.9577159500,15.0355968600,14.6599360000,14.6874233800,1874650,60574990.0000,3.741300,-1.807000
2021-08-30,14.6599360000,14.6874233800,14.2293003800,14.3026000600,1766400,55434738.4200,3.525300,-2.620100
2021-08-31,14.3026000600,14.3713185100,14.0872822500,14.1468382400,1329709,41180687.1900,2.653800,-1.089000
2021-09-01,14.1101884000,14.3575748200,14.1101884000,14.2751126800,1001109,31197438.9900,1.998000,0.906700
2021-09-02,14.3071812900,14.3484123600,14.1651631600,14.3300874400,917900,28559008.0000,1.831900,0.385100
2021-09-03,14.3758997400,14.9668784100,14.3300874400,14.8065353600,2446200,78619723.0000,4.882000,3.324800
2021-09-06,14.8248602800,14.9073224200,14.3621560500,14.5820550900,1769800,56181576.0000,3.532100,-1.516100
2021-09-07,14.5087554100,14.7423981400,14.5041741800,14.6416110800,798700,25479047.0000,1.594000,0.408400
2021-09-08,14.6507735400,14.8065353600,14.5774738600,14.7240732200,922300,29519520.0000,1.840700,0.563200
2021-09-09,14.7057483000,14.7057483000,14.5408240200,14.5637301700,717000,22846067.0000,1.431000,-1.089000
2021-09-10,14.5728926300,14.7423981400,14.3804809700,14.4262932700,1060200,33603987.0000,2.115900,-0.943700
2021-09-13,14.4033871200,14.5545677100,14.3163437500,14.4675243400,782300,24648118.0000,1.561300,0.285800
2021-09-14,14.3621560500,14.6232861600,14.3346686700,14.3621560500,1080500,34138250.0000,2.156400,-0.728300
2021-09-15,14.2934376000,14.3529935900,14.1560007000,14.2063942300,868045,26927419.7500,1.732400,-1.084500
2021-09-16,14.2063942300,14.3163437500,14.0781197900,14.0918634800,853100,26397756.0000,1.702600,-0.806200
2021-09-17,14.0964447100,14.1147696300,13.8124084500,13.8902893600,1000100,30469977.0000,1.995900,-1.430400
2021-09-22,13.7757586100,13.9086142800,13.7207838500,13.8490582900,690700,20784387.0000,1.378500,-0.296800
2021-09-23,13.9040330500,14.1330945500,13.8444770600,13.9773327300,560100,17087915.0000,1.117800,0.926200
2021-09-24,13.8673832100,13.9177767400,13.7574336900,13.7849210700,559851,16883583.5500,1.117300,-1.376600
2021-09-27,13.7482712300,13.7528524600,13.2122673200,13.2168485500,1171600,34294820.0000,2.338200,-4.121000
2021-09-28,13.2397547000,13.3771916000,13.1572925600,13.2855670000,365609,10596358.1900,0.729700,0.519900
2021-09-29,13.2397547000,13.2443359300,13.0839928800,13.0885741100,490800,14065891.0000,0.979500,-1.482800
2021-09-30,13.1160614900,13.3542854500,13.1160614900,13.3130543800,291300,8447317.0000,0.581400,1.715100
2021-10-08,13.3222168400,13.5512783400,13.3176356100,13.5237909600,430600,12668251.0000,0.859400,1.582900
2021-10-11,13.5421158800,13.6429029400,13.4596537400,13.6016718700,389900,11563146.0000,0.778100,0.575900
2021-10-12,13.6016718700,13.6245780200,13.3359605300,13.4000977500,426100,12487101.0000,0.850400,-1.482000
2021-10-13,13.3084731500,13.5650220300,13.3084731500,13.5604408000,359800,10576294.0000,0.718100,1.196600
2021-10-14,13.5879281800,13.5879281800,13.3863540600,13.4825598900,196900,5790194.0000,0.393000,-0.574300
2021-10-15,13.4825598900,13.4963035800,13.3863540600,13.4230039000,299945,8785798.5400,0.598600,-0.441700
2021-10-18,13.4367475900,13.4367475900,13.2168485500,13.3084731500,428400,12402173.0000,0.855000,-0.853200
2021-10-19,13.2397547000,13.6291592500,13.2397547000,13.5192097300,526500,15522008.0000,1.050800,1.583500
2021-10-20,13.4779786600,13.5375346500,13.3497042200,13.4138414400,401900,11758827.0000,0.802100,-0.779400
2021-10-21,13.4184226700,13.5008848100,13.2351734700,13.2764045400,574800,16689151.0000,1.106800,-1.024600
2021-10-22,13.4138414400,13.7299463100,13.2397547000,13.6474841700,1404600,41476708.0000,2.704600,2.795000
2021-10-25,13.6383217100,14.3621560500,13.5192097300,14.2705314500,1870700,57898031.0000,2.122900,4.565300
2021-10-26,14.2705314500,14.2934376000,13.9773327300,14.1193508600,813300,25115091.0000,0.922900,-1.059400
2021-10-27,14.1101884000,14.1514194700,13.6887152400,13.7986647600,759500,22951118.0000,0.861900,-2.271300
2021-10-28,13.7986647600,13.8032459900,13.5146285000,13.5604408000,512700,15274913.0000,0.581800,-1.726400
2021-10-29,13.4230039000,14.0185638000,13.3817728300,13.8994518200,1219300,36638755.0000,1.383700,2.500000
2021-11-01,13.8078272200,14.1834880800,13.6520654000,14.1101884000,989600,30281774.0000,1.123000,1.516200
2021-11-02,14.0231450300,14.4354557300,14.0231450300,14.2109754600,1383100,43141504.0000,1.569500,0.714300
2021-11-03,14.1193508600,14.4537806500,14.0781197900,14.4308745000,936400,29338682.0000,1.062600,1.547400
2021-11-04,14.5041741800,14.8889975000,14.5041741800,14.7836292100,1608800,51570714.0000,1.825700,2.444400
2021-11-05,14.7882104400,14.9531347200,14.7149107600,14.8431852000,1182000,38288428.0000,1.341300,0.402900
2021-11-08,14.6553547700,15.1638713000,14.6553547700,15.1318026900,1488905,48627450.3100,1.689600,1.944400
2021-11-09,15.1180590000,15.8785431800,15.0264344000,15.8418933400,2543800,86396429.3700,2.886700,4.692700
2021-11-10,15.7640124300,16.0938609900,15.4433263300,15.6128318400,1760500,60164507.0000,1.997800,-1.445900
2021-11-11,15.4570700200,15.6678066000,15.3379580400,15.3562829600,1473200,49794502.0000,1.671800,-1.643200
2021-11-12,15.3608641900,15.7227813600,15.3608641900,15.5716007700,1207309,40994340.5500,1.370100,1.402100
2021-11-15,15.5074635500,15.8510558000,15.1088965400,15.7548499700,2612900,88578725.0000,2.965100,1.176800
2021-11-16,15.5303697000,16.0297237700,15.5303697000,15.6494816800,1245400,42989554.0000,1.413300,-0.668800
2021-11-17,15.7594312000,16.0068176200,15.6036693800,15.9655865500,1254100,43526666.0000,1.423100,2.019900
2021-11-18,16.0068176200,16.0068176200,15.4891386300,15.5120447800,1113482,38137438.7500,1.263600,-2.840700
2021-11-19,15.3562829600,15.8693807200,15.3562829600,15.6769690600,1285900,43925387.0000,1.459200,1.063200
2021-11-22,15.6861315200,15.8968681000,15.5074635500,15.6311567600,1118100,38081073.0000,1.268800,-0.292200
2021-11-23,15.5853444600,15.7594312000,15.4983010900,15.6128318400,710078,24166017.5400,0.805800,-0.117200
2021-11-24,15.5990881500,15.7273625900,15.3608641900,15.5120447800,828000,28045353.0000,0.939600,-0.645500
2021-11-25,15.5761820000,15.7594312000,15.3746078800,15.5761820000,888400,30225232.0000,1.008200,0.413500
2021-11-26,15.6403192200,15.6403192200,15.3471205000,15.4570700200,708400,23920821.0000,0.803900,-0.764700
2021-11-29,15.4524887900,15.6219943000,15.3654454200,15.4891386300,742500,25125334.0000,0.842600,0.207500
2021-11-30,15.4158389500,15.5532758500,15.3929328000,15.5028823200,651900,22008489.0000,0.739800,0.088700
2021-12-01,15.4753949400,15.5395321600,15.1730337600,15.3196331200,1032000,34610537.0000,1.171100,-1.182000
2021-12-02,15.2371709800,15.4204201800,15.0081094800,15.0997340800,778400,25755781.0000,0.883300,-1.435400
2021-12-03,14.9164848800,15.2646583600,14.8340227400,14.8752538100,608800,19890368.0000,0.690900,-1.486700
2021-12-06,14.8752538100,14.9806221000,14.5087554100,14.5499864800,1090945,34934244.0500,1.238000,-2.186600
2021-12-07,14.5683114000,14.7882104400,14.2567877600,14.3713185100,1044333,32836421.1200,1.185100,-1.228000
2021-12-08,14.4308745000,14.5774738600,14.3438311300,14.4446181900,647400,20453170.0000,0.734700,0.510000
2021-12-09,14.4446181900,14.7836292100,14.4446181900,14.6324486200,782350,25033608.5000,0.887800,1.300300
2021-12-10,14.6599360000,14.8844162700,14.5683114000,14.7240732200,691700,22274765.0000,0.784900,0.626200
2021-12-13,14.7790479800,14.7790479800,14.4721055700,14.5683114000,876900,27904411.0000,0.995100,-1.057900
2021-12-14,14.6965858400,14.7057483000,14.4629431100,14.5957987800,650600,20705774.0000,0.738300,0.188700
2021-12-15,14.5957987800,14.5957987800,14.3255062100,14.3529935900,885072,27938526.2100,1.004400,-1.663500
2021-12-16,14.3529935900,14.6828421500,14.2980188300,14.6141237000,688355,21737281.7000,0.781100,1.819300
2021-12-17,14.6141237000,14.6553547700,14.2980188300,14.3071812900,765705,24099000.7500,0.868900,-2.100300
2021-12-20,14.3942246600,14.6141237000,14.2613689900,14.4766868000,815500,25747907.0000,0.925400,1.184800
2021-12-21,14.4721055700,14.8156978200,14.4675243400,14.6141237000,850650,27210149.5000,0.965300,0.949400
2021-12-22,14.6141237000,15.3700266500,14.5545677100,15.3104706600,1807170,59400264.6000,2.050800,4.764900
2021-12-23,15.5074635500,15.5303697000,14.8065353600,14.8477664300,1623300,53227033.5800,1.842100,-3.022100
2021-12-24,14.8248602800,16.3320849500,14.7057483000,16.3320849500,4028950,140839293.5000,4.572000,9.996900
2021-12-27,16.0159800800,16.5336590700,15.8418933400,16.4832655400,5489813,194883626.6000,6.229800,0.925700
2021-12-28,16.2633665000,16.2816914200,15.8785431800,16.0938609900,2212863,77602048.1900,2.511100,-2.362400
2021-12-29,16.1076046800,16.5428215300,15.9839114700,16.1121859100,2392400,85188377.0000,2.714900,0.113900
2021-12-30,16.0801173000,17.0788254400,16.0022363900,16.6756772000,2886200,104832536.0000,3.275300,3.497300
2021-12-31,16.7169082700,16.9001574700,16.5382403000,16.6436085900,2111311,77099009.1800,2.395900,-0.192300
2022-01-04,16.6619335100,18.1325083400,16.5244966100,17.5277859800,4522216,172263164.6500,5.131800,5.312400
2022-01-05,17.5461109000,17.6743853400,16.8680888600,17.5277859800,2282900,85464462.0000,2.590600,0.000000
2022-01-06,17.2712371000,17.3628617000,16.7673018000,17.3628617000,1722209,64112206.8700,1.954400,-0.940900
2022-01-07,17.4911361400,17.6652228800,16.9551322300,17.0513380600,1729434,65236237.6300,1.962600,-1.794200
2022-01-10,17.2300060300,17.6377355000,16.4970092300,17.4086740000,2494995,93976662.5500,2.831300,2.095600
2022-01-11,17.1841937300,17.5598545900,16.9276448500,17.1383814300,2274700,85245135.6300,2.581300,-1.552600
2022-01-12,17.3628617000,18.0958585000,17.2712371000,17.8897031500,3996263,155617657.2700,4.534900,4.383900
2022-01-13,17.7889160900,18.5860501100,17.6743853400,18.3615698400,3102900,123478361.0000,3.521200,2.637600
2022-01-14,18.4852630500,18.7280682400,18.0317212800,18.2928513900,2840635,113391217.5100,3.223500,-0.374300
2022-01-17,18.2882701600,19.2411660000,18.0821148100,19.1587038600,3941287,162802531.2400,4.472600,4.733300
2022-01-18,19.1678663200,19.2136786200,18.1874831000,18.4623569000,3243200,130694320.0000,3.680400,-3.634600
2022-01-19,18.2699452400,19.0350106500,18.2607827800,18.8471802200,2517700,102667198.0000,2.857100,2.084400
2022-01-20,18.5768876500,19.4656462700,18.3615698400,19.0075232700,2822030,115896586.1000,3.202400,0.850800
2022-01-21,18.8059491500,18.9204799000,17.7751724000,18.7830430000,1366600,55383957.0000,1.550800,-1.181000
2022-01-24,18.5768876500,18.9983608100,17.8713782300,18.4623569000,2824745,113977691.9900,3.205500,-1.707300
2022-01-25,18.3065950800,18.4623569000,17.2758183300,17.2941432500,2922674,113772303.4900,3.316600,-6.327500
2022-01-26,17.5827607400,17.9996526700,17.1796125000,17.5461109000,1716700,65420477.0000,1.948100,1.457000
2022-01-27,17.5140422900,17.6698041100,17.0467568300,17.3720241600,1557309,58985492.3800,1.767200,-0.992200
2022-01-28,17.5461109000,17.6377355000,16.6848396600,16.9597134600,2396258,89346174.6700,2.719300,-2.373400
2022-02-07,17.0009445300,17.2620746400,16.3366661800,16.9872008400,2627079,96792369.8000,2.981200,0.162100
2022-02-08,16.9505510000,17.4773924500,16.6894208900,17.2483309500,1570600,58940592.0000,1.782300,1.537200
2022-02-09,17.2483309500,17.5690170500,17.0834066700,17.5690170500,1197600,45351803.0000,1.359000,1.859200
2022-02-10,17.6377355000,17.6377355000,17.2025186500,17.5461109000,1375200,52236412.0000,1.560600,-0.130400
2022-02-11,17.3628617000,17.4453238400,16.2633665000,16.3549911000,2429918,88984507.8400,2.757500,-6.788500
2022-02-14,16.4466157000,16.6527710500,16.1854855900,16.3549911000,965913,34603442.1400,1.096100,0.000000
2022-02-15,16.3687347900,16.7718830300,16.2771101900,16.5199153800,994013,35701261.7200,1.128000,1.008400
2022-02-16,16.5336590700,16.9322260800,16.4008034000,16.8680888600,1108518,40364472.3400,1.257900,2.107600
2022-02-17,16.9597134600,17.0101069900,16.7169082700,16.7718830300,814442,29899410.3200,0.924200,-0.570300
2022-02-18,16.7718830300,18.0042339000,16.6161212100,17.8118222400,3502642,134533097.0200,3.974800,6.200500
2022-02-21,17.0971503600,17.6698041100,16.6069587500,17.0375943700,3712029,136953458.9900,4.212400,-4.346700
2022-02-22,16.6573522800,16.6619335100,15.9793302400,16.0343050000,2343507,83050107.2000,2.659400,-5.888700
2022-02-23,16.1259296000,16.2725289600,15.9655865500,16.1213483700,1146695,40490669.7500,1.301300,0.542900
2022-02-24,16.1671606700,16.4145470900,15.4387451000,15.7594312000,1314138,45678611.4400,1.491300,-2.245000
2022-02-25,15.7777561200,16.5382403000,15.7319438200,16.3366661800,1518108,53931010.2800,1.722700,3.662800
2022-02-28,16.1992292800,16.6115399800,15.9426804000,16.5748901400,1235900,44163026.0000,1.402500,1.458200
2022-03-01,16.5840526000,16.7169082700,16.2633665000,16.6161212100,1236600,44620892.0000,1.403300,0.248800
2022-03-02,16.5336590700,16.8818325500,16.3687347900,16.8039516400,1112318,40523618.0000,1.262300,1.130400
2022-03-03,16.8039516400,17.2849807900,16.5748901400,17.1154752800,1739700,64599773.0000,1.974200,1.853900
2022-03-04,17.0101069900,17.4269989200,16.8772513200,16.9505510000,1528239,57300545.0000,1.734200,-0.963600
2022-03-07,16.9276448500,17.2254248000,16.5794713700,16.7214895000,989161,36173947.0000,1.122500,-1.351400
2022-03-08,16.7214895000,16.7673018000,15.8052435000,15.8144059600,1265931,44677511.0000,1.436600,-5.424700
2022-03-09,15.8189871900,16.2450415800,14.2476253000,15.7685936600,1709171,58665318.0000,1.939600,-0.289700
2022-03-10,16.0663736100,16.3504098700,15.9197742500,16.2267166600,924125,32606956.0000,1.048700,2.905300
2022-03-11,16.1763231300,16.7169082700,16.0343050000,16.6481898200,1204700,43200544.0000,1.367100,2.597400
2022-03-14,16.8360202500,16.9505510000,16.4282907800,16.4282907800,1396971,51017237.0000,1.585300,-1.320900
2022-03-15,16.4282907800,16.6848396600,15.8785431800,15.8831244100,1128100,40039455.0000,1.280200,-3.318500
2022-03-16,16.1259296000,16.5382403000,15.5074635500,16.4374532400,1407054,49221255.0000,1.596700,3.490000
2022-03-17,16.5840526000,17.2483309500,16.4695218500,17.0834066700,1746306,64733945.0000,1.981700,3.929800
2022-03-18,17.1796125000,17.2803995600,16.9139011600,17.0925691300,813150,30293433.0000,0.922800,0.053600
2022-03-21,17.1704500400,17.4132552300,16.9505510000,17.1292189700,737600,27523716.0000,0.837000,0.214400
2022-03-22,17.0834066700,17.2574934100,16.8955762400,17.0650817500,713423,26479114.4200,0.809600,-0.374400
2022-03-23,16.9963633000,17.1292189700,16.7306519600,16.7993704100,1021057,37591011.8200,1.158700,-1.557000
2022-03-24,16.8039516400,17.0238506800,16.6436085900,16.6848396600,982700,36063332.0000,1.115200,-0.681800
2022-03-25,16.7581393400,18.2699452400,16.6894208900,17.6789665700,4022664,156047441.9600,4.564900,5.958300
2022-03-28,17.6789665700,17.6789665700,17.6789665700,17.6789665700,,,,
2022-03-29,17.6789665700,17.6789665700,17.6789665700,17.6789665700,,,,
2022-03-30,17.6789665700,17.6789665700,17.6789665700,17.6789665700,,,,
2022-03-31,17.6789665700,17.6789665700,17.6789665700,17.6789665700,,,,
2022-04-01,17.6789665700,17.6789665700,17.6789665700,17.6789665700,,,,
2022-04-06,17.6789665700,17.6789665700,17.6789665700,17.6789665700,,,,
2022-04-07,17.6789665700,17.6789665700,17.6789665700,17.6789665700,,,,
2022-04-08,17.6789665700,17.6789665700,17.6789665700,17.6789665700,,,,
2022-04-11,17.6789665700,17.6789665700,17.6789665700,17.6789665700,,,,
2022-04-12,17.6789665700,17.6789665700,17.6789665700,17.6789665700,,,,
2022-04-13,16.7947891800,17.2300060300,15.9564240900,16.9276448500,5073270,184171212.6200,5.757100,-4.249800
2022-04-14,16.9276448500,18.6226999500,16.7673018000,18.6226999500,5385291,215299667.1600,6.111200,10.013500
2022-04-15,18.6226999500,19.3877653600,18.2332954000,18.9388048200,5267854,216655013.5400,5.977900,1.697400
2022-04-18,18.4165446000,19.3831841300,18.2378766300,18.9021549800,3179370,130494672.1800,3.620700,-0.193500
2022-04-19,19.0716604900,20.7942029700,18.8471802200,20.7942029700,5840023,258136554.2500,6.650600,10.009700
2022-04-20,20.3223362800,21.5317810000,20.2811052100,20.5834663900,4953931,224713664.6000,5.641600,-1.013400
2022-04-21,20.5605602400,21.3027195000,20.4322858000,20.8400152700,3366550,153402256.0000,3.833800,1.246400
2022-04-22,20.4643544100,20.8445965000,18.7830430000,18.8288553000,4942300,211203603.0000,5.628300,-9.650500
2022-04-25,18.6685122500,18.8196928400,17.3170494000,17.3399555500,3974635,157069403.8000,4.526300,-7.907500
2022-04-26,17.3170494000,17.4728112200,16.1305108300,16.5886338300,2644102,96838630.4200,3.011100,-4.332900
2022-04-27,16.5886338300,16.8864137800,15.5761820000,16.8406014800,3368400,119035267.0000,3.835900,1.518900
2022-04-28,16.5474027600,16.8360202500,16.1717419000,16.3549911000,2008200,72180906.0000,2.286900,-2.883600
2022-04-29,16.5428215300,17.0421756000,15.8968681000,16.1946480500,2990900,106651761.0000,3.406000,-0.980400
2022-05-05,16.1854855900,16.9093199300,16.0297237700,16.5886338300,2083000,75154354.0000,2.372100,2.432800
2022-05-06,16.2633665000,16.7810454900,15.9564240900,16.4970092300,1482700,53193489.0000,1.688500,-0.552300
2022-05-09,16.7535581100,18.1462520300,16.4695218500,18.1462520300,1876590,71712966.1000,2.137100,9.997200
2022-05-10,18.3478261500,19.9604191100,18.2241329400,19.3786029000,5809290,243242789.1000,6.615600,6.791200
2022-05-11,19.6992890000,20.7071596000,19.3831841300,19.4106715100,5418262,237043105.2500,6.170300,0.165500
2022-05-12,20.1619932300,20.7529719000,18.7830430000,20.2948489000,6387600,281798975.0000,7.274200,4.555100
2022-05-13,20.7071596000,20.7300657500,19.1037291000,19.2365847700,4698000,201149590.0000,5.350100,-5.214400
2022-05-16,19.3190469100,20.0520437100,19.1403789400,19.2045161600,3913600,167048437.0000,4.456800,-0.166700
2022-05-17,19.6992890000,19.6992890000,18.6043750300,18.6914184000,2638500,108737685.0000,3.004700,-2.671800
2022-05-18,18.6181187200,18.9754546600,18.3249200000,18.6685122500,1910700,77869167.0000,2.175900,-0.122500
2022-05-19,18.4165446000,18.7189057800,18.2195517100,18.5356565800,1364427,55063533.4300,1.553800,-0.711700
2022-05-20,18.7189057800,18.8288553000,18.2699452400,18.4028009100,1471300,59244171.0000,1.675500,-0.716800
2022-05-23,18.5539815000,19.3556967500,18.2699452400,19.1770287800,2118850,87154602.0000,2.413000,4.207100
2022-05-24,19.1907724700,19.2686533800,18.1508332600,18.2378766300,1912700,78380469.0000,2.178200,-4.897300
2022-05-25,18.1829018700,18.4119633700,17.6194105800,18.2516203200,1899600,74580525.7000,2.163300,0.075400
2022-05-26,18.3249200000,18.3478261500,17.7293601000,17.9584216000,1222000,48074011.0000,1.391600,-1.606400
2022-05-27,17.8667970000,18.0683711200,17.4361613800,17.6560604200,1575700,60921333.0000,1.794400,-1.683700
2022-05-30,17.8438908500,17.8530533100,17.1338002000,17.3628617000,1158100,43920118.0000,1.318800,-1.660600
2022-05-31,17.4361613800,17.4361613800,16.9551322300,17.1292189700,997800,37244576.0000,1.136300,-1.345600
2022-06-01,17.1796125000,18.5539815000,17.0879879000,17.8622157700,2635550,103383273.2900,3.001400,4.279200
2022-06-02,17.9492591400,18.7280682400,17.5919232000,17.7201976400,2426500,95593100.0000,2.763300,-0.795100
2022-06-06,17.7705911700,18.2103892500,17.5461109000,17.7980785500,2058200,79890852.0000,2.343900,0.439500
2022-06-07,17.7889160900,18.0271400500,17.4086740000,17.5598545900,1654100,63637106.7000,1.883700,-1.338500
2022-06-08,17.5598545900,17.7476850200,17.1796125000,17.3628617000,1664800,63125767.0000,1.895900,-1.121800
2022-06-09,17.3170494000,17.3628617000,17.0009445300,17.1108940500,1021479,38258306.6000,1.163300,-1.451200
2022-06-10,16.9597134600,17.4544863000,16.9597134600,17.2803995600,1142019,42978409.4600,1.300500,0.990600
2022-06-13,17.2391684900,17.2803995600,17.0192694500,17.2208435700,1059500,39624671.6200,1.206600,-0.344600
2022-06-14,17.2620746400,17.8347283900,16.9872008400,17.4086740000,1940100,73995790.0000,2.209400,1.090700
2022-06-15,17.5002986000,17.8805406900,17.3307930900,17.7156164100,1609700,61806898.0000,1.833100,1.763200
2022-06-16,17.6377355000,18.4944255100,17.5644358200,18.2424578600,2519800,100015932.0000,2.869600,2.973900
2022-06-17,18.1233458800,18.5952125700,17.9263529900,18.1920643300,1488200,59150841.0000,1.694800,-0.276200
2022-06-20,18.1920540600,18.2981974500,17.7213312000,17.8367044500,1619300,62740041.0000,1.844100,-1.953300
2022-06-21,17.7674805000,18.2058988500,17.5367340000,17.6844117600,1413800,54575950.0000,1.610000,-0.853800
2022-06-22,17.7628655700,17.8551641700,17.3982861000,17.3982861000,1056500,40185661.0000,1.203100,-1.618000
2022-06-23,17.5090444200,17.5828833000,17.0706260700,17.4213607500,1338700,50246620.0000,1.524500,0.132600
2022-06-24,17.4352055400,17.8043999400,17.3013725700,17.4444354000,1289300,48998252.0000,1.468300,0.132500
2022-06-27,17.4536652600,18.0812957400,17.3982861000,17.6290326000,1657100,63299195.0000,1.887100,1.058200
2022-06-28,17.6198027400,17.7582506400,17.2136889000,17.6013430200,1412600,53529278.0000,1.608700,-0.157100
2022-06-29,17.6521072500,17.7397909200,17.0198618400,17.0429364900,1685200,63318853.0000,1.919100,-3.172500
2022-06-30,17.0429364900,17.3982861000,16.7983452000,17.2229187600,1903400,70496424.2500,2.167600,1.056100
2022-07-01,17.2183038300,17.3752114500,16.9275632400,17.2413784800,1269300,47215761.0000,1.445500,0.107200
2022-07-04,17.3429069400,17.6705669700,16.9783274700,17.6059579500,2005700,75288908.0000,2.284100,2.114600
2022-07-05,17.6659520400,18.0905256000,17.3429069400,17.4305906100,1945164,74202275.9400,2.215200,-0.996100
2022-07-06,17.4444354000,19.0042817400,17.4075159600,18.4366453500,4868274,192655385.6400,5.544000,5.771800
2022-07-07,18.1366749000,18.9627473700,18.0766808100,18.6397022700,3130300,125587968.0000,3.564800,1.101400
2022-07-08,18.8196845400,19.1888789400,18.4597200000,19.0273563900,2124200,87112331.0000,2.419000,2.079700
2022-07-11,19.0596609000,19.2350282400,18.8242994700,19.0088966700,1713300,70509109.0000,1.951100,-0.097000
2022-07-12,19.0042817400,19.4796195300,18.7966098900,19.4519299500,2626100,110037300.0000,2.990600,2.330700
2022-07-13,19.2488730300,19.4288553000,19.1011952700,19.3965507900,2401500,100244475.0000,2.734800,-0.284700
2022-07-14,19.3827060000,20.3887607400,19.2442581000,19.7611302600,3463900,150134429.0000,3.944700,1.879600
2022-07-15,19.6872913800,20.0564857800,19.5211539000,19.7149809600,2056800,87921900.0000,2.342300,-0.233500
2022-07-18,19.7195958900,19.7380556100,18.8750637000,19.1011952700,2449100,102256471.0000,2.789000,-3.113300
2022-07-19,19.1011952700,19.1011952700,18.6120126900,18.7366158000,1609009,65427668.1300,1.832300,-1.908700
2022-07-20,18.7135411500,19.5996077100,18.6904665000,19.3688612100,1719609,71756744.6800,1.958300,3.374400
2022-07-21,19.2904074000,19.5673032000,19.0458161100,19.4242403700,1069000,44785593.0000,1.217400,0.285900
2022-07-22,19.8349691400,19.8349691400,18.5981679000,18.8242994700,1901709,78398505.6800,2.165700,-3.088600
2022-07-25,19.0965803400,19.1381147100,18.4874095800,18.6720067800,1287000,52062019.0000,1.465600,-0.809000
2022-07-26,18.6073977600,18.8519890500,18.0951405300,18.1735943400,1977455,78201394.7200,2.251900,-2.669300
2022-07-27,18.2105137800,18.4551050700,17.9290030500,18.0074568600,1372400,53631284.0000,1.562900,-0.914200
2022-07-28,18.0351464400,18.2197436400,17.9520777000,18.0443763000,1050300,41099649.0000,1.196100,0.205000
2022-07-29,18.0074568600,18.0074568600,17.3752114500,17.4213607500,1719100,65612284.0000,1.957700,-3.452700
2022-08-01,17.3982861000,17.3982861000,17.0198618400,17.2506083400,2095700,78019677.0000,2.386600,-0.980100
2022-08-02,17.1029305800,17.2275336900,16.3414671300,16.5583688400,2214200,79798004.8400,2.521500,-4.012800
2022-08-03,16.5537539100,16.9137184500,16.3183924800,16.4614553100,1350458,48828140.6200,1.537900,-0.585300
2022-08-04,16.6045181400,16.9644826800,16.5445240500,16.7752705500,1090446,39702887.1400,1.241800,1.906400
2022-08-05,16.9229483100,17.3844413100,16.8444945000,17.3567517300,1503909,56005690.9600,1.712700,3.466300
2022-08-08,17.2136889000,17.6751819000,17.2136889000,17.6198027400,1014700,38630682.0000,1.155500,1.515600
2022-08-09,17.6151878100,17.6151878100,17.3798263800,17.4582801900,681909,25827235.9200,0.776600,-0.916700
2022-08-10,17.5275041400,17.5828833000,17.3198322900,17.3890562400,678058,25590870.7200,0.772200,-0.396500
2022-08-11,17.3982861000,17.6059579500,17.2782979200,17.5321190700,842920,31917309.8000,0.959900,0.822700
2022-08-12,17.5598086500,17.5598086500,17.1767694600,17.2136889000,833500,31268019.0000,0.949200,-1.816300
2022-08-15,17.1952291800,17.1952291800,16.8444945000,17.0706260700,1080800,39825480.0000,1.230800,-0.831100
2022-08-16,17.0752410000,17.3752114500,16.9921722600,17.0890857900,739500,27415062.0000,0.842100,0.108100
2022-08-17,17.1121604400,17.2275336900,16.9183333800,17.0890857900,628100,23194152.0000,0.715300,0.000000
2022-08-18,17.0475514200,17.1306201600,16.8814139400,16.9321781700,791400,29126960.0000,0.901200,-0.918200
2022-08-19,17.0198618400,17.1767694600,16.8537243600,17.0060170500,1018200,37572537.0000,1.159500,0.436100
2022-08-22,16.8444945000,17.0290917000,16.6368226500,16.9829424000,888306,32516675.9400,1.011600,-0.135700
2022-08-23,17.0752410000,17.6198027400,16.8952587300,17.4352055400,1297300,48937609.0000,1.477400,2.663000
2022-08-24,17.4490503300,17.5182742800,17.1029305800,17.2321486200,781308,29207590.1400,0.889800,-1.164600
2022-08-25,17.2136889000,17.3290621500,16.8444945000,16.9829424000,812700,29999071.0000,0.925500,-1.446200
2022-08-26,17.0890857900,17.1767694600,16.7521959000,16.7521959000,572700,21010081.0000,0.652200,-1.358700
2022-08-29,16.5352941900,17.0429364900,16.5352941900,17.0060170500,583600,21423003.0000,0.664600,1.515200
2022-08-30,17.0660111400,17.1583097400,16.7152764600,17.0060170500,513800,18886388.0000,0.585100,0.000000
2022-08-31,17.5228892100,17.8367044500,17.0060170500,17.3475218700,2175954,82107650.9600,2.469300,2.008100
2022-09-01,17.1767694600,18.0766808100,17.1352350900,17.8136298000,1811557,69713663.0700,2.055700,2.686900
2022-09-02,17.9013134700,17.9520777000,17.3198322900,17.4813548400,1183757,44979827.5300,1.343300,-1.865300
2022-09-05,17.4813548400,17.5690385100,16.9921722600,17.0521663500,914400,34110907.0000,1.037700,-2.455100
2022-09-06,17.0706260700,17.4767399100,17.0060170500,17.4213607500,600900,22535785.0000,0.681900,2.165100
2022-09-07,17.3936711700,17.4213607500,17.1490798800,17.1675396000,564071,21052401.5300,0.640100,-1.457000
2022-09-08,17.1675396000,17.2552232700,16.9598677500,16.9737125400,445771,16490822.5500,0.505900,-1.129000
2022-09-09,17.0567812800,17.1767694600,16.9275632400,17.1167753700,309400,11436261.0000,0.351100,0.842800
2022-09-13,17.2044590400,17.3844413100,16.9921722600,17.1813843900,542000,20244378.0000,0.615100,0.377500
2022-09-14,17.0660111400,17.1444649500,16.7521959000,17.0521663500,733800,26969150.0000,0.832700,-0.752100
2022-09-15,17.2367635500,17.2367635500,16.5491389800,16.6598973000,754800,27440863.0000,0.856500,-2.300400
2022-09-16,16.6645122300,16.7891153400,16.2676282500,16.3414671300,565900,20189292.0000,0.642200,-1.911400
2022-09-19,16.4060761500,16.4060761500,15.7969053900,15.8384397600,972500,33673413.0000,1.103600,-3.078200
2022-09-20,15.8430546900,16.1061057000,15.8384397600,15.8615144100,317500,10968912.0000,0.360300,0.145700
2022-09-21,15.8061352500,15.8615144100,15.3446422500,15.7138366500,548900,18592261.0000,0.622900,-0.931000
2022-09-22,15.7138366500,16.4153060100,15.5984634000,16.2860879700,843000,29592675.0000,0.956600,3.641700
2022-09-23,16.2445536000,16.2860879700,15.5338543800,15.6353828400,717500,24588622.0000,0.814200,-3.995500
2022-09-26,15.5892335400,16.0322668200,15.3584870400,15.6907620000,469700,16017420.0000,0.533000,0.354200
2022-09-27,15.6999918600,16.0507265400,15.5846186100,16.0230369600,632900,21691820.0000,0.718200,2.117600
2022-09-28,15.9907324500,16.2676282500,15.7922904600,15.8430546900,540600,18768429.0000,0.613500,-1.123300
2022-09-29,15.8430546900,17.2090739700,15.8292099000,16.6229778600,1549700,55828368.0000,1.758600,4.922800
2022-09-30,16.5076046100,17.1998441100,16.2030192300,16.8814139400,1157068,41980817.8700,1.313000,1.554700
2022-10-10,16.8767990100,17.2459934100,16.6506674400,16.7706556200,835574,30714614.1600,0.948200,-0.656100
2022-10-11,16.7983452000,16.8398795700,16.4753001000,16.6275927900,478858,17218775.1400,0.543400,-0.853100
2022-10-12,16.6598973000,17.7213312000,16.4753001000,17.4490503300,3317727,123232309.0400,3.764900,4.940300
2022-10-13,17.2829128500,18.9258279300,17.1906142500,18.2797377300,4377527,171874059.6900,4.967600,4.760600
2022-10-14,18.6166276200,19.4703896700,18.4181856300,19.1888789400,4819300,198845728.0000,5.468900,4.973500
2022-10-17,19.1104251300,19.4519299500,18.8750637000,19.3827060000,2962100,123634151.2100,3.361400,1.010100
2022-10-18,19.3827060000,21.3209766000,19.2442581000,21.3209766000,5802651,261605098.5900,6.584800,10.000000
2022-10-19,22.2439626000,22.5116285400,20.6795013300,21.4225050600,8567352,399520738.4000,9.722200,0.476200
2022-10-20,21.0902301000,22.2439626000,20.6795013300,21.2748273000,4865500,226596081.5800,5.521400,-0.689400
2022-10-21,21.4594245000,22.5208584000,21.0486957300,22.0824400500,4175955,199196280.4900,4.738900,3.796100
2022-10-24,22.1516640000,22.3085716200,20.6702714700,21.2009884200,4560337,212245225.0500,5.175100,-3.991600
2022-10-25,21.0071613600,21.3209766000,19.9180378800,20.4256801800,3497836,154941972.7700,3.969300,-3.656900
2022-10-26,20.3887607400,21.1594540500,20.1857038200,20.4579846900,3019316,135265974.4200,3.426300,0.158200
2022-10-27,20.4579846900,20.8271790900,20.1533993100,20.5456683600,2301900,102121257.3800,2.612200,0.428600
2022-10-28,20.5964325900,20.9840867100,19.8949632300,20.0749455000,1764352,77564504.4800,2.002200,-2.291100
2022-10-31,19.8488139300,20.3887607400,19.3827060000,20.1487843800,2226600,96037695.0000,2.526700,0.367800
2022-11-01,20.4810593400,20.6241221700,19.4888493900,20.0980201500,1958700,84288852.0000,2.222700,-0.251900
2022-11-02,20.1672441000,20.7948745800,19.8718885800,20.3979906000,2435500,108064217.0000,2.763800,1.492500
2022-11-03,20.2226232600,20.9979315000,20.0287962000,20.3333815800,1904700,84195443.0000,2.161400,-0.316700
2022-11-04,20.3149218600,20.5225937100,19.6965212400,20.2272381900,2848400,123324425.0000,3.232400,-0.522000
2022-11-07,20.1210948000,21.0533106600,19.9918767600,20.7810297900,2352612,104737699.0000,2.669700,2.737900
2022-11-08,20.7764148600,20.8964030400,19.9826469000,20.7394954200,2136963,94975221.8200,2.425000,-0.199900
2022-11-09,20.7579551400,21.8701532700,20.5502832900,21.3902005500,2400600,111285406.0000,2.724200,3.137500
2022-11-10,21.2379078600,21.4409647800,20.5733579400,20.6979610500,1713867,77691526.1800,1.944900,-3.236200
2022-11-11,20.9656269900,21.5471081700,20.4810593400,20.7210357000,2208800,100533426.0000,2.506500,0.111500
2022-11-14,20.6748864000,21.3255915300,20.3518413000,20.7671850000,1698279,76864126.7500,1.927200,0.222700
2022-11-15,20.9813323500,21.2490367500,20.0979078300,21.0817215000,3589489,110463715.0300,2.809200,1.514700
2022-11-16,21.0482584500,21.3628111200,20.6065461900,21.1218771600,2237265,70206766.7000,1.750900,0.190500
2022-11-17,21.2423441400,22.8084148800,20.9010210300,22.3867804500,5616046,185621465.4600,4.395200,5.988600
2022-11-18,22.4336287200,23.8256916000,22.1926947600,22.5474030900,6008223,206466821.4800,4.702100,0.717500
2022-11-21,22.4537065500,23.0426562300,21.9517608000,22.6879479000,3601009,120659248.5800,2.818200,0.623300
2022-11-22,22.2060799800,23.0694266700,21.6840564000,21.9049125300,5014345,165959462.2100,3.924300,-3.451300
2022-11-23,21.6171303000,22.0521499500,20.6132388000,20.7002427300,3546006,111286336.3900,2.775200,-5.499500
2022-11-24,20.8274023200,21.1151845500,20.3455344000,20.7403983900,2235949,68969523.3600,1.749900,0.194000
2022-11-25,20.7537836100,21.0081027900,20.0309817300,20.4191531100,2368006,72112507.4300,1.853200,-1.548900
2022-11-28,20.2116822000,20.6467018500,19.5624990300,19.6561955700,2763485,82342567.4500,2.162800,-3.736500
2022-11-29,19.8034329900,20.1179856600,19.4754951000,19.5892694700,2568625,75601800.9500,2.010300,-0.340500
2022-11-30,19.5892694700,19.7431995000,19.1743276500,19.3817985600,1595783,46386935.6400,1.248900,-1.059100
2022-12-01,19.5959620800,19.9439778000,19.2278685300,19.5290359800,2628839,76796880.4100,2.057400,0.759700
2022-12-02,19.5357285900,19.7164290600,19.2077907000,19.3550281200,1922770,55689592.0000,1.504800,-0.891000
2022-12-05,19.6093473000,19.6762734000,19.1743276500,19.3951837800,2299830,66644086.6600,1.799900,0.207500
2022-12-06,19.4018763900,19.4688024900,18.8463897600,18.9735493500,2192779,62671690.5000,1.716100,-2.173900
2022-12-07,19.6762734000,20.8742505900,19.4487246600,20.8742505900,6451289,196238633.5100,5.048900,10.017600
2022-12-08,20.9880249600,21.2824998000,19.7766625500,20.2451452500,9956259,303070662.3000,7.792000,-3.013800
2022-12-09,19.9841334600,20.1982969800,19.6963512300,19.7097364500,4835609,143625997.6800,3.784400,-2.644600
2022-12-12,19.8502812600,20.6132388000,19.4888803200,20.2786083000,6076863,182965955.1900,4.755900,2.886200
2022-12-13,20.3321491800,20.3455344000,19.3282576800,19.7298142800,4579129,134781941.6600,3.583700,-2.706300
2022-12-14,19.9372851900,20.1982969800,19.0070124000,19.0270902300,4069000,118382010.5300,3.184500,-3.561700
2022-12-15,18.9066232500,19.4621098800,18.8463897600,19.3483355100,2387668,68886028.0600,1.868600,1.688400
2022-12-16,19.1074015500,20.0778300000,19.0806311100,19.6829660100,3575699,105007087.5500,2.798400,1.729500
2022-12-19,19.6160399100,19.6428103500,18.5719927500,18.6456114600,2775598,78151401.5700,2.172200,-5.270300
2022-12-20,18.5653001400,18.6857671200,18.0031209000,18.6723819000,2078825,56805412.7500,1.626900,0.143600
2022-12-21,18.6656892900,18.6723819000,18.0700470000,18.1369731000,1266115,34515232.1900,0.990900,-2.867400
2022-12-22,18.3109809600,18.3109809600,17.5078677600,17.5614086400,1418911,37716032.5500,1.110500,-3.173400
2022-12-23,17.6350273500,17.9964282900,17.5747938600,17.7019534500,1260346,33511603.1300,0.986400,0.800300
2022-12-26,17.5614086400,17.9964282900,17.5480234200,17.7354165000,1231425,32605761.6200,0.963700,0.189000
2022-12-27,17.7354165000,17.7889573800,17.1665446500,17.5881790800,1882039,48930082.6500,1.472900,-0.830200
2022-12-28,17.5881790800,17.7688795500,17.4409416600,17.5011751500,969290,25491094.8000,0.758600,-0.494700
2022-12-29,17.5011751500,18.2038992000,17.3338599000,18.0031209000,2353903,63021782.4600,1.842200,2.868100
2022-12-30,18.0365839500,18.3042883500,17.7755721600,18.1102026600,1260893,33857277.2200,0.986800,0.594800
2023-01-03,18.2239770300,19.9238999700,18.2038992000,19.9238999700,4923440,143024944.5700,3.853200,10.014800
2023-01-04,19.9238999700,20.2919935200,19.5558064200,19.7833551600,3028445,89856154.9800,2.370100,-0.705400
2023-01-05,20.0577521700,20.0577521700,19.2278685300,19.4219542200,2093111,60808201.2400,1.638100,-1.826800
2023-01-06,19.4554172700,19.4888803200,19.1810202600,19.2546389700,1453346,42002894.4900,1.137400,-0.861500
2023-01-09,19.4085690000,20.0711373900,19.1944054800,20.0109039000,3137080,92486309.0500,2.455100,3.927700
2023-01-10,20.0778300000,20.6467018500,19.5758842500,20.4793866000,3433852,103286421.6400,2.687400,2.341100
2023-01-11,20.4124605000,20.8140171000,20.2786083000,20.2853009100,2083262,63691099.3600,1.630400,-0.947700
2023-01-12,20.4191531100,20.5797757500,19.8837443100,19.9774408500,1320860,39653505.2500,1.033700,-1.517700
2023-01-13,20.1046004400,20.1046004400,19.7097364500,19.9305925800,1166030,34654298.9000,0.912600,-0.234500
2023-01-16,20.0644447800,20.1313708800,19.6896586200,19.8435886500,1366437,40567255.7400,1.069400,-0.436500
2023-01-17,19.8368960400,20.0109039000,19.5624990300,19.7565847200,1486560,43906683.1000,1.163400,-0.438400
2023-01-18,19.6361177400,21.7309046700,19.6361177400,21.7309046700,5777930,182185693.6500,4.521900,9.993200
2023-01-19,21.9049125300,22.1458464900,21.2088810900,21.6974416200,4799396,155385155.3600,3.756100,-0.154000
2023-01-20,21.6104376900,22.5005548200,21.5033559300,22.3867804500,3002260,99210131.8500,2.349600,3.177100
2023-01-30,22.5005548200,22.5741735300,21.8045233800,21.9651460200,2158044,71083508.7200,1.688900,-1.883400
2023-01-31,22.0856130000,22.1860021500,21.6505933500,21.9049125300,1407431,45879258.0300,1.101500,-0.274200
2023-02-01,21.7978307700,22.1056908300,21.5368189800,22.0789203900,1252365,40962999.3000,0.980100,0.794400
2023-02-02,21.9182977500,23.0627340600,21.9116051400,22.4068582800,2987584,100461725.7400,2.338100,1.485300
2023-02-03,22.5741735300,22.7548740000,21.8714494800,22.2930839100,2318350,76910022.7500,1.814400,-0.507800
2023-02-06,22.0387647300,22.3533174000,21.5702820300,22.0053016800,1728740,56473790.4500,1.352900,-1.290900
2023-02-07,22.0856130000,22.4068582800,21.8714494800,22.1993873700,1595765,52747639.5000,1.248900,0.882000
2023-02-08,22.4403213300,23.4241350000,22.0989982200,22.7013331200,4473900,153916295.1500,3.501400,2.261100
2023-02-09,23.0091931800,23.4174423900,22.4202435000,23.2233567000,2734875,94183955.0000,2.140400,2.299500
2023-02-10,23.2233567000,23.7386876700,22.8284927100,23.0158857900,1739006,60162533.9100,1.361000,-0.893400
2023-02-13,23.0158857900,23.1363527700,22.4737843800,22.6009439700,2450680,83215274.6000,1.917900,-1.802800
2023-02-14,22.7481813900,23.9461585800,22.4938622100,23.8926177000,4638438,162328424.6900,3.630100,5.715100
2023-02-15,23.6985320100,23.9461585800,22.6210218000,22.6879479000,4014110,138842335.4000,3.141500,-5.042000
2023-02-16,22.6879479000,23.1497379900,22.0253795100,22.3198543500,3145854,106193437.4300,2.462000,-1.622400
2023-02-17,22.3332395700,23.1564306000,22.1592317100,22.8887262000,2374109,80834320.3700,1.858000,2.548700
2023-02-20,22.9088040300,23.5579872000,22.3533174000,23.3772867300,2752422,94348872.2500,2.154100,2.134500
2023-02-21,23.3906719500,23.8457694300,23.2300493100,23.7052246200,2525028,88850760.3500,1.976100,1.402800
2023-02-22,23.6650689600,24.4949526000,23.4308276100,24.3611004000,2772122,99941944.6800,2.169500,2.766800
2023-02-23,24.3677930100,24.5083378200,23.4776758800,23.5914502500,2657497,94961898.6100,2.079800,-3.159300
2023-02-24,23.7052246200,23.9930068500,23.3572089000,23.7319950600,2265603,79956115.7600,1.773100,0.595700
2023-02-27,23.6650689600,23.9394659700,22.9221892500,23.0828118900,1695189,58907521.3000,1.326700,-2.735500
2023-02-28,23.3772867300,23.6851467900,23.0359636200,23.4040571700,1227895,42941520.3000,0.961000,1.391700
2023-03-01,23.6650689600,23.6650689600,23.0761192800,23.5312167600,1214020,42538945.4500,0.950100,0.543300
2023-03-02,23.4107497800,23.5512945900,23.0225784000,23.0560414500,1449210,50170747.8500,1.134200,-2.019300
2023-03-03,23.1698158200,23.2902828000,22.5474030900,22.7548740000,1577865,53768029.2500,1.234900,-1.306200
2023-03-06,22.7481813900,23.0158857900,22.5340178700,22.9088040300,1647250,56087052.9000,1.289200,0.676500
2023-03-07,23.1564306000,23.3237458500,22.4670917700,22.4670917700,2122560,72412519.6500,1.661200,-1.928100
2023-03-08,22.4670917700,22.8552631500,22.4202435000,22.7615666100,887500,30065524.1500,0.694600,1.310700
2023-03-09,22.7615666100,24.4949526000,22.7615666100,24.4079486700,5077985,182158683.0000,3.974100,7.233200
2023-03-10,24.7091161200,24.7158087300,23.7922285500,23.8859250900,2319997,83423325.2000,1.815700,-2.138700
2023-03-13,23.7587655000,23.8524620400,23.2902828000,23.6382985200,1980455,69713624.0500,1.549900,-1.036700
2023-03-14,23.4308276100,24.8563535400,23.4308276100,24.1000886100,2961016,107557653.4200,2.317300,1.953600
2023-03-15,24.0130846800,25.0169761800,24.0130846800,24.7091161200,2397009,88527903.7700,1.875900,2.527100
2023-03-16,24.3008669100,24.7626570000,24.3008669100,24.4280265000,1615095,59137629.9000,1.264000,-1.137600
2023-03-17,24.8295831000,25.0303614000,23.7386876700,23.8524620400,3606540,130484248.5000,2.822500,-2.356200
2023-03-20,23.8993103100,23.9662364100,23.3772867300,23.6918394000,2084480,73755207.5000,1.631400,-0.673400
2023-03-21,23.9060029200,24.3343299600,23.5512945900,24.1737073200,1454205,52465491.0500,1.138100,2.033900
2023-03-22,24.2740964700,24.6890382900,23.0761192800,23.0895045000,3601942,127549518.3000,2.818900,-4.485000
2023-03-23,23.2768975800,24.2607112500,23.1631232100,24.1201664400,3760634,134334564.9400,2.943100,4.463800
2023-03-24,24.3008669100,24.6823456800,21.7108268400,22.1525391000,6814721,235701897.1600,5.333300,-8.157600
2023-03-27,22.0186869000,22.7347961700,21.1486476000,22.1458464900,3602120,118373708.7500,2.819100,-0.030200
2023-03-28,21.8714494800,22.2863913000,21.8580642600,21.8915273100,2298470,75903839.7800,1.798800,-1.148400
2023-03-29,22.0186869000,22.6544848500,19.7030438400,21.4163520000,5843320,188608377.5100,4.573100,-2.170600
2023-03-30,21.5903598600,21.6505933500,21.0147954000,21.1954958700,3008442,95807925.7000,2.354500,-1.031300
2023-03-31,21.3494259000,22.5273252600,21.2155737000,22.1926947600,2661107,87625290.4600,2.082600,4.704800
2023-04-03,22.2060799800,22.2997765200,20.7203205600,20.8140171000,4188963,132295636.1200,3.278400,-6.212300
2023-04-04,20.8943284200,21.4364298300,20.7604762200,20.9277914700,2591284,81271729.8500,2.028000,0.546600
2023-04-06,21.0081027900,21.9517608000,20.8809432000,21.0683362800,3204952,102485592.1500,2.508300,0.671600
2023-04-07,20.9813323500,21.4163520000,20.6734722900,20.8675579800,2337895,73097505.7300,1.829700,-0.953000
2023-04-10,20.8073244900,20.8073244900,20.0845226100,20.5061570400,1931925,59059639.3500,1.512000,-1.731900
2023-04-11,20.5463127000,20.6065461900,20.2652230800,20.3388417900,1075655,32747932.7000,0.841800,-0.815900
2023-04-12,20.6199314100,20.6199314100,19.7967403800,20.0778300000,2758615,82677652.6000,2.158900,-1.283300
2023-04-13,20.1112930500,20.6132388000,19.8101256000,20.1849117600,1950150,58629231.3000,1.526200,0.533300
2023-04-14,20.3455344000,20.9077136400,19.9439778000,20.4124605000,1935565,59044154.9500,1.514800,1.127300
2023-04-17,20.2518378600,20.7136279500,20.0912152200,20.4124605000,1687840,51332496.6500,1.320900,0.000000
2023-04-18,20.3789974500,20.4860792100,20.0443669500,20.0778300000,1227065,36964334.8500,0.960300,-1.639300
2023-04-19,20.0912152200,20.0912152200,19.7097364500,19.8904369200,1315375,39094952.0500,1.029400,-0.933300
2023-04-20,19.8904369200,19.8904369200,19.2077907000,19.3684133400,1907685,55304323.6500,1.493000,-2.624500
2023-04-21,19.2077907000,19.5223433700,19.0003197900,19.0739385000,1105085,31725416.8500,0.864900,-1.520400
2023-04-24,18.9869345700,19.3951837800,18.9066232500,19.0605532800,1089070,31197838.8000,0.852300,-0.070200
2023-04-25,19.0404754500,19.2747168000,18.3979848900,18.5987631900,1541265,42930535.6500,1.206200,-2.422800
2023-04-26,18.4782962100,19.0739385000,18.4046775000,18.5987631900,1203315,33717922.5000,0.941700,0.000000
2023-04-27,18.5719927500,19.3684133400,18.5719927500,18.9467789100,1904761,54098146.3000,1.490700,1.871200
2023-04-28,19.0404754500,19.8636664800,18.8530823700,19.7298142800,2522686,73482772.1100,1.974300,4.132800
2023-05-04,19.8569738700,20.2518378600,19.4955729300,20.0042112900,2612477,77894660.7800,2.044600,1.390800
2023-05-05,20.0644447800,20.1715265400,19.4085690000,19.4152616100,1763795,51710383.3000,1.380400,-2.944100
2023-05-08,19.3215650700,19.8101256000,19.1408646000,19.3014872400,1582310,45837723.1500,1.238300,-0.586000
2023-05-09,19.2278685300,19.2278685300,18.5318370900,18.5586075300,1920636,53754037.9200,1.503100,-3.848800
2023-05-10,18.5586075300,18.9066232500,18.4716036000,18.5653001400,1438725,40051892.8000,1.126000,0.036100
2023-05-11,18.5653001400,18.9601641300,18.5385297000,18.6456114600,1560065,43634980.6000,1.220900,0.432600
2023-05-12,18.7928488800,19.1676350400,18.5050666500,18.5586075300,1734431,48620185.9200,1.357400,-0.466600
2023-05-15,18.5786853600,18.8731602000,18.4247553300,18.8664675900,1744650,48522186.5500,1.365400,1.658900
2023-05-16,18.8999306400,19.5156507600,18.7393080000,19.3684133400,2253035,64712812.1100,1.763300,2.660500
2023-05-17,19.2680241900,19.6695807900,19.0203976200,19.5223433700,1612790,46701258.1000,1.262200,0.794700
2023-05-18,19.5223433700,19.8435886500,18.8664675900,18.9735493500,2084925,59677365.9500,1.631700,-2.811100
2023-05-19,19.1109124400,19.2678809200,18.6203859400,19.2090177400,2495996,48406328.3100,1.347200,1.241000
2023-05-22,19.1501545600,19.8172706000,19.0716703200,19.6406810600,3131384,62143107.1000,1.690100,2.247200
2023-05-23,19.6406810600,20.0821549100,19.6210600000,19.7976495400,2291702,46470268.3400,1.236900,0.799200
2023-05-24,19.6504915900,19.7976495400,19.3267441000,19.6112494700,1863702,37216406.8100,1.005900,-0.941500
2023-05-25,19.6112494700,19.8761337800,19.2580703900,19.4739020500,1426194,28305713.4400,0.769800,-0.700400
2023-05-26,19.5033336400,19.9742390800,19.2678809200,19.8270811300,1611418,32318542.8900,0.869700,1.813600
2023-05-29,19.9938601400,20.0429127900,19.5033336400,19.5327652300,2611506,52378280.9800,1.409500,-1.484400
2023-05-30,19.5033336400,19.8761337800,19.4248494000,19.6504915900,2377883,47628327.3800,1.283400,0.602700
2023-05-31,19.6504915900,19.7976495400,19.3267441000,19.3757967500,1337141,26571409.4700,0.721700,-1.397900
2023-06-01,19.2875019800,19.4248494000,18.9637544900,18.9735650200,2068225,40256408.1200,1.116300,-2.075900
2023-06-02,19.0324282000,19.1109124400,18.7871649500,18.9539439600,1731228,33430915.0400,0.934400,-0.103400
2023-06-05,19.0716703200,19.1697756200,18.6400070000,19.1207229700,2179214,41882295.6800,1.176200,0.879900
2023-06-06,19.1207229700,19.1207229700,18.3849332200,18.4634174600,2116729,40226747.3600,1.142500,-3.437700
2023-06-07,18.4634174600,18.5124701100,18.2083436800,18.2475858000,1537962,28739958.6700,0.830100,-1.169000
2023-06-08,18.2966384500,18.4045542800,17.9042172500,17.9827014900,2119000,39055523.2100,1.143700,-1.451600
2023-06-09,18.1298594400,18.3653121600,17.9042172500,18.2475858000,1584484,29304607.8700,0.855200,1.473000
2023-06-12,18.1494805000,18.8165965400,17.8551646000,18.2377752700,2021417,37565900.2900,1.091000,-0.053800
2023-06-13,18.1887226200,19.2090177400,18.0808067900,18.8754597200,4050710,77361622.2600,2.186300,3.496500
2023-06-14,18.8067860100,19.0324282000,18.1004278500,18.5026595800,4614092,86827426.2500,2.490400,-1.975100
2023-06-15,18.3849332200,18.5909543500,18.1200489100,18.4536069300,1989830,37169239.5600,1.074000,-0.265100
2023-06-16,18.3456911000,18.5517122300,18.0709962600,18.3260700400,2263264,42188786.9200,1.221600,-0.691100
2023-06-19,18.1691015600,18.6988701800,18.1592910300,18.3162595100,2224969,41760847.1700,1.200900,-0.053500
2023-06-20,18.4928490500,18.4928490500,18.1789120900,18.1985331500,1457719,27188856.2600,0.786800,-0.642700
2023-06-21,18.1592910300,18.2279647400,17.7276277100,17.7668698300,1454759,26581372.9400,0.785200,-2.372000
2023-06-26,17.7276277100,17.8355435400,17.3744486300,17.4529328700,1410058,25177062.8500,0.761100,-1.767000
2023-06-27,17.4823644600,18.0513752000,17.4333118100,17.9532699000,1744401,31718930.4700,0.941500,2.866800
2023-06-28,18.0611857300,18.0808067900,17.6687645300,18.0317541400,1118491,20368159.7700,0.603700,0.437200
2023-06-29,17.9532699000,18.5124701100,17.9238383100,18.3653121600,1408910,26292959.9800,0.760400,1.849800
2023-06-30,18.3653121600,18.9147018400,18.2279647400,18.8460281300,2299551,43843111.1000,1.241200,2.617500
2023-07-03,18.7773544200,19.4248494000,18.7773544200,19.0912913800,2719034,53022081.4000,1.467600,1.301400
2023-07-04,19.0912913800,19.4150388700,18.7479228300,19.3071230400,2556991,49830744.1400,1.380100,1.130500
2023-07-05,19.5229547000,20.3077971000,19.2286388000,19.9938601400,5297193,107579019.9800,2.859100,3.556900
2023-07-06,19.9938601400,20.5334392900,19.8074600700,20.2195023300,3573942,73598155.9600,1.929000,1.128600
2023-07-07,20.2195023300,20.8081341300,19.9153759000,20.5824919400,3441606,71860180.8900,1.857600,1.795200
2023-07-10,20.6805972400,21.0435868500,20.3274181600,20.8669973100,2898600,61014293.9400,1.564500,1.382300
2023-07-11,20.9749131400,20.9749131400,20.6021130000,20.7394604200,2145625,45347651.1600,1.158100,-0.611200
2023-07-12,20.7002183000,20.8473762500,20.1704496800,20.4843866400,4184563,87570812.2300,2.258600,-1.229900
2023-07-13,20.5923024700,20.7983236000,20.3077971000,20.6707867100,2071231,43442267.9400,1.117900,0.910000
2023-07-14,20.6707867100,20.8081341300,20.0429127900,20.1410180900,1895684,39222415.6500,1.023200,-2.562900
2023-07-17,20.1410180900,20.3372286900,19.8467021900,20.1802602100,1913476,39150548.2600,1.032800,0.194800
2023-07-18,20.2096918000,20.2783655100,19.9251864300,20.0134812000,1338396,27398958.5200,0.722400,-0.826400
2023-07-19,19.9448074900,20.1017759700,19.6995442400,19.8761337800,1362903,27587799.1900,0.735600,-0.686300
2023-07-20,19.8859443100,20.0625338500,19.3267441000,19.4052283400,2903480,57992199.6000,1.567100,-2.369200
2023-07-21,19.5425757600,19.5720073500,19.1795861500,19.3169335700,1741529,34344747.7700,0.940000,-0.455000
2023-07-24,19.2678809200,19.6701126500,19.1501545600,19.4542809900,1419658,28216663.3700,0.766200,0.711000
2023-07-25,19.4542809900,19.8565127200,19.4542809900,19.7976495400,1561165,31298370.8100,0.842600,1.765000
2023-07-26,19.7780284800,19.9840496100,19.5720073500,19.8467021900,1031530,20834444.1300,0.556800,0.247800
2023-07-27,19.8368916600,19.9546180200,19.6504915900,19.6701126500,944880,19034393.4000,0.510000,-0.889800
2023-07-28,19.6210600000,19.9055653700,19.3463651600,19.6701126500,1041062,20850767.2200,0.561900,0.000000
2023-07-31,19.6701126500,19.7780284800,18.8362176000,18.8852702500,3104062,60630865.2400,1.675400,-3.990000
2023-08-01,18.9441334300,19.0029966100,18.6400070000,18.6988701800,1379086,26402411.1400,0.744300,-0.987000
2023-08-02,18.6988701800,18.6988701800,18.3555016300,18.4437964000,1306591,24592260.8900,0.705200,-1.364100
2023-08-03,18.4437964000,18.8558386600,18.3751226900,18.6203859400,1010115,19194948.8500,0.545200,0.957400
2023-08-04,18.6203859400,18.8264070700,18.4045542800,18.5026595800,1157758,21891103.7700,0.624900,-0.632200
2023-08-07,18.5026595800,18.5026595800,18.0906173200,18.1004278500,1095107,20323534.6000,0.591100,-2.173900
2023-08-08,18.2672068600,18.3947437500,18.0317541400,18.2279647400,1350054,25072669.3500,0.728700,0.704600
2023-08-09,18.3260700400,18.4732279900,18.0808067900,18.2377752700,1123913,20944101.2100,0.606600,0.053800
2023-08-10,18.2770173900,18.5811438200,18.1691015600,18.2966384500,2213137,41374296.1300,1.194500,0.322800
2023-08-11,18.3555016300,18.6203859400,18.1789120900,18.2573963300,2321449,43571801.1700,1.253000,-0.214500
2023-08-14,18.2770173900,18.4928490500,17.9827014900,18.2083436800,1469370,27137634.7000,0.793100,-0.268700
2023-08-15,18.1691015600,18.3947437500,17.9336488400,18.2083436800,1270815,23432492.0500,0.685900,0.000000
2023-08-16,18.2083436800,18.5909543500,18.0415646700,18.0415646700,1542310,28802638.9000,0.832400,-0.915900
2023-08-17,18.0317541400,18.2377752700,17.8257330100,18.2181542100,1801849,33188975.9300,0.972500,0.978800
2023-08-18,18.2083436800,18.2475858000,17.5412276400,17.5412276400,1969264,35777802.4900,1.062900,-3.715700
2023-08-21,17.5412276400,17.7276277100,17.4038802200,17.4529328700,1424670,25478817.5700,0.768900,-0.503400
2023-08-22,17.4529328700,17.6491434700,16.9624063700,17.2959643900,1680433,29418810.6500,0.907000,-0.899400
2023-08-23,17.2763433300,17.5412276400,16.9918379600,17.0310800800,1206433,21250595.0800,0.651200,-1.531500
2023-08-24,17.0997537900,17.5019855200,16.8054378900,17.3155854500,1308528,22886715.3300,0.706300,1.670500
2023-08-25,17.2763433300,17.3450170400,16.7563852400,16.8544905400,1368266,23696721.6700,0.738500,-2.662900
2023-08-28,18.1396699700,18.1396699700,17.2959643900,17.4038802200,3268825,58866369.5200,1.764300,3.259600
2023-08-29,17.5216065800,18.2279647400,17.0899432600,18.0611857300,2859823,51957889.5600,1.543600,3.776800
2023-08-30,18.0611857300,18.5222806400,17.9728909600,18.4045542800,2064098,38654981.2400,1.114100,1.901100
2023-08-31,18.5909543500,18.7577333600,18.2181542100,18.6792491200,1959554,36996093.0900,1.057600,1.492500
2023-09-01,18.6301964700,18.8656491900,18.3653121600,18.7184912400,1896258,36181095.1300,1.023500,0.210100
2023-09-04,18.7577333600,18.9833755500,18.5419017000,18.9539439600,2361242,45191385.1000,1.274400,1.257900
2023-09-05,18.9048913100,19.2580703900,18.8165965400,19.2090177400,1486902,28914511.6700,0.802500,1.345800
2023-09-06,19.1207229700,19.3071230400,18.9147018400,19.1109124400,1471092,28583305.0400,0.794000,-0.510700
2023-09-07,19.0128071400,19.1109124400,18.6301964700,18.6498175300,2417333,46217616.5000,1.304700,-2.412700
2023-09-08,18.6400070000,18.7479228300,18.4437964000,18.4536069300,935675,17727512.3500,0.505000,-1.052100
2023-09-11,18.5713332900,19.0814808500,18.3260700400,18.9637544900,1886687,36305124.6500,1.018300,2.764500
2023-09-12,19.0814808500,19.1501545600,18.7969754800,18.8852702500,1072121,20678134.8400,0.578700,-0.413900
2023-09-13,19.0618597900,19.0618597900,18.2966384500,18.4732279900,1155813,21797670.6700,0.623800,-2.181800
2023-09-14,18.4732279900,18.6792491200,18.3947437500,18.4928490500,1313306,24780791.7700,0.708800,0.106200
2023-09-15,18.5713332900,19.1305335000,18.3064489800,18.8460281300,2165812,41599408.6700,1.169000,1.909800
2023-09-18,18.8362176000,19.0912913800,18.6596280600,18.7283017700,1546406,29673062.1300,0.834700,-0.624700
2023-09-19,18.7381123000,18.9539439600,18.5909543500,18.6890596500,1116462,21352543.3400,0.602600,-0.209500
2023-09-20,18.6890596500,18.8165965400,18.5517122300,18.5811438200,1563218,29733300.0800,0.843700,-0.577400
2023-09-21,18.5124701100,18.7283017700,18.2083436800,18.3751226900,1457971,27414152.9900,0.786900,-1.108800
2023-09-22,18.1887226200,18.5222806400,18.0121330800,18.5124701100,1667844,30961645.6300,0.900200,0.747500
2023-09-25,18.5222806400,18.8950807800,18.3162595100,18.6694385900,1949550,37251239.5500,1.052200,0.847900
2023-09-26,18.5124701100,18.7577333600,18.2868279200,18.3260700400,1408057,26470865.0600,0.760000,-1.839200
2023-09-27,18.3358805700,19.0618597900,18.2966384500,19.0226176700,3224380,61968332.1000,1.740300,3.800900
2023-09-28,18.8950807800,18.9245123700,18.3358805700,18.3849332200,3975610,74939000.2600,2.145800,-3.352200
2023-10-09,18.3751226900,18.6007648800,17.8159224800,18.2279647400,3030771,55994372.6700,1.635800,-0.853800
2023-10-10,18.3653121600,18.5419017000,17.8355435400,17.9434593700,2341463,43084809.7100,1.263800,-1.560800
2023-10-11,17.9336488400,18.7381123000,17.8551646000,18.3260700400,2802813,52666794.9800,1.512800,2.132300
2023-10-12,18.4143648100,19.0912913800,18.4143648100,18.7969754800,3073219,58742067.7400,1.658700,2.569600
2023-10-13,18.7969754800,19.0520492600,18.6301964700,18.8656491900,2996540,57498255.2300,1.617300,0.365300
2023-10-16,18.9735650200,19.2482598600,18.5026595800,18.6498175300,2790408,53512146.6400,1.506100,-1.144000
2023-10-17,18.6105754100,18.6792491200,18.1004278500,18.3456911000,1868197,34822026.4400,1.008300,-1.630700
2023-10-18,18.3358805700,18.3456911000,17.6687645300,17.7374382400,1772770,32297240.2500,0.956800,-3.315500
2023-10-19,17.7963014200,17.9336488400,17.3352065100,17.6000908200,1729897,31160205.8300,0.933700,-0.774300
2023-10-20,17.6687645300,17.7668698300,17.3450170400,17.4823644600,1410036,25140853.6000,0.761000,-0.668900
2023-10-23,17.6393329400,17.6393329400,16.9231642500,17.0212695500,1761850,30715324.6000,0.950900,-2.637500
2023-10-24,17.2174801500,17.6197118800,16.9525958400,17.5608487000,1363435,24138940.4500,0.735900,3.170000
2023-10-25,17.6000908200,17.8649751300,17.4725539300,17.6393329400,1091715,19680017.8000,0.589200,0.446900
2023-10-26,17.5706592300,17.8355435400,17.3744486300,17.5608487000,1014587,18129031.7200,0.547600,-0.444900
2023-10-27,17.5902802900,18.6988701800,17.4136907500,18.5320911700,2491929,46190503.4800,1.345000,5.530700
2023-10-30,18.2181542100,20.3862813400,17.9042172500,20.3862813400,10507757,211145393.0200,5.671400,10.005300
2023-10-31,20.5040077000,20.9847236700,19.7289758300,20.4059024000,11814554,247663926.1300,6.376800,0.096200
2023-11-01,20.4059024000,20.9552920800,19.8270811300,20.1704496800,6452052,132330362.6100,3.482400,-1.153800
2023-11-02,20.2195023300,20.4843866400,19.6014389400,19.6701126500,3687456,74405535.6400,1.990300,-2.480500
2023-11-03,19.6701126500,19.8565127200,19.2286388000,19.4837125800,4210070,83509347.9600,2.272300,-0.947600
2023-11-06,19.6897337100,19.9546180200,19.5229547000,19.6504915900,2877848,57927629.6300,1.553300,0.856000
2023-11-07,19.6701126500,20.4059024000,19.6504915900,20.0527233200,4288981,87719743.2200,2.314900,2.046900
2023-11-08,19.9644285500,20.2881760400,19.7485968900,19.8957548400,2782809,56676970.9200,1.502000,-0.782800
2023-11-09,19.8467021900,20.6805972400,19.7485968900,20.1017759700,4896654,100500864.9100,2.642900,1.035500
2023-11-10,19.9153759000,21.2986606300,19.8270811300,20.5040077000,7693769,161704913.1700,4.152600,2.001000
2023-11-13,20.5040077000,21.2496079800,20.3666602800,21.0533973800,6638686,141052820.4700,3.583100,2.679400
2023-11-14,20.8964289000,21.2103658600,20.6609761800,20.9651026100,4525915,96203491.6600,2.442800,-0.419400
2023-11-15,21.0337763200,21.0337763200,20.5628708800,20.6904077700,2240937,47270940.2300,1.209500,-1.310200
2023-11-16,20.6904077700,20.7198393600,20.3666602800,20.4549550500,2135427,44577731.3500,1.152600,-1.138000
2023-11-17,20.3764708100,21.2397974500,20.1802602100,21.0730184400,4872382,103156582.6500,2.629800,3.021600
2023-11-20,21.3771448700,21.4850607000,20.9749131400,21.4163869900,3229139,69751386.9200,1.742900,1.629400
2023-11-21,21.3084711600,21.4850607000,21.0632079100,21.2005553300,2726271,59127397.6500,1.471500,-1.007800
2023-11-22,21.1515026800,21.5733554700,21.1515026800,21.3379027500,2232010,48525400.8500,1.204700,0.647800
2023-11-23,21.2986606300,21.9755872000,21.2397974500,21.8186187200,3141909,69648272.0800,1.695800,2.252900
2023-11-24,21.8088081900,22.1619872700,21.5341133500,21.7107028900,2353144,52130093.5400,1.270100,-0.494600
2023-11-27,21.6224081200,21.7107028900,21.2103658600,21.4360080500,2368606,51681493.2200,1.278400,-1.265300
2023-11-28,21.3673343400,21.7793766000,21.2005553300,21.3869554000,1463293,31975001.7200,0.789800,-0.228800
2023-11-29,21.3182816900,21.5341133500,21.2103658600,21.4458185800,1493753,32540121.5500,0.806200,0.275200
2023-11-30,21.3967659300,21.9265345500,21.2496079800,21.6322186500,1974502,43539866.1000,1.065700,0.869200
2023-12-01,21.6812713000,21.8088081900,21.4948712300,21.7793766000,1646935,36346660.8400,0.888900,0.680300
2023-12-04,21.6910818300,21.7597555400,21.2692290400,21.6420291800,1448339,31782693.3500,0.781700,-0.630600
2023-12-05,21.5341133500,21.7989976600,21.2888501000,21.2888501000,1456797,31920424.9600,0.786300,-1.631900
2023-12-06,21.2496079800,21.4556291100,21.0337763200,21.0533973800,1910359,41234359.0100,1.031100,-1.106000
2023-12-07,21.1220710900,21.2005553300,20.8277551900,20.8768078400,1613123,34503774.6700,0.870700,-0.838800
2023-12-08,20.6707867100,21.1122605600,20.6707867100,20.8964289000,1168945,24921084.3000,0.630900,0.094000
2023-12-11,20.6707867100,20.9062394300,20.4549550500,20.5824919400,2073141,43669728.9100,1.119000,-1.502300
2023-12-12,20.5628708800,20.7885130700,20.3372286900,20.7100288300,898297,18872411.4500,0.484800,0.619600
2023-12-13,20.6413551200,21.4065764600,20.5824919400,20.9651026100,1912214,41201766.8300,1.032100,1.231600
2023-12-14,21.0141552600,21.3575238100,20.7983236000,20.7983236000,797515,17061010.3000,0.430400,-0.795500
2023-12-15,20.6805972400,21.1613132100,20.4255234600,20.4255234600,1204396,25249082.6200,0.650100,-1.792500
2023-12-18,20.2195023300,20.7885130700,20.2096918000,20.2587444500,1208109,25200667.9800,0.652100,-0.816500
2023-12-19,20.2587444500,20.5138182300,19.9938601400,20.2881760400,1015400,20882843.1000,0.548000,0.145300
2023-12-20,20.3960918700,20.5923024700,20.0919654400,20.2293128600,601736,12489537.3900,0.324800,-0.290100
2023-12-21,20.1704496800,20.4647655800,19.6897337100,20.3372286900,1125793,23106821.8500,0.607600,0.533500
2023-12-22,20.2685549800,20.4353339900,20.0232917300,20.1017759700,941668,19379650.6000,0.508300,-1.157700
2023-12-25,19.8172706000,20.2685549800,19.6799231800,20.1606391500,1207469,24516692.7700,0.651700,0.292800
2023-12-26,19.8957548400,20.2587444500,19.7093547700,19.9840496100,1507071,30690645.2300,0.813400,-0.875900
2023-12-27,20.1312075600,20.3077971000,19.8957548400,20.1213970300,833688,17049950.8100,0.450000,0.687300
2023-12-28,20.0331022600,20.7983236000,19.9840496100,20.5236287600,1106288,23030893.9300,0.597100,1.999000
2023-12-29,20.5236287600,21.5341133500,20.3372286900,21.2986606300,1959980,42200212.2800,1.057900,3.776300
2024-01-02,21.2103658600,21.6224081200,21.1613132100,21.3477132800,1485644,32374750.3100,0.801900,0.230300
2024-01-03,21.3280922200,21.5341133500,20.9552920800,21.1024500300,966822,20890951.3700,0.521800,-1.148900
2024-01-04,21.1907448000,21.2103658600,20.7983236000,20.9454815500,834646,17812606.2600,0.450500,-0.743800
2024-01-05,20.7983236000,20.8964289000,20.2783655100,20.3960918700,829731,17401893.7200,0.447800,-2.623000
2024-01-08,20.5432498200,20.5432498200,19.8663232500,19.8663232500,630945,12891447.2500,0.340500,-2.597400
2024-01-09,19.8663232500,20.3176076300,19.7191653000,20.0527233200,1021523,20935505.7000,0.551400,0.938300
2024-01-10,20.1017759700,20.3077971000,19.7780284800,19.7780284800,881783,17910215.6600,0.475900,-1.369900
2024-01-11,19.7780284800,19.9840496100,19.6701126500,19.9251864300,1265570,25569933.3600,0.683100,0.744000
2024-01-12,20.1998812700,20.2391233900,19.6603021200,19.7093547700,705577,14302839.9500,0.380800,-1.083200
2024-01-15,19.7093547700,19.9840496100,19.4935231100,19.5621968200,591247,11887691.5300,0.319100,-0.746600
2024-01-16,19.6504915900,19.6603021200,19.2482598600,19.4150388700,836227,16552608.5500,0.451300,-0.752300
2024-01-17,19.6112494700,19.6112494700,18.9343229000,18.9441334300,733390,14355864.8000,0.395800,-2.425500
2024-01-18,18.9931860800,18.9931860800,18.0415646700,18.6105754100,1179509,22168669.2200,0.636600,-1.760700
2024-01-19,18.6498175300,18.8950807800,18.2966384500,18.3260700400,1564426,29525222.0100,0.844400,-1.528700
2024-01-22,18.2770173900,18.3947437500,16.6975220600,16.8446800100,2277067,40367871.9200,1.229000,-8.083500
2024-01-23,16.7563852400,16.9722169000,16.2756692700,16.8643010700,1989937,33675676.6000,1.074000,0.116500
2024-01-24,16.8643010700,17.1586169700,16.1383218500,16.7760063000,1404153,23795926.4800,0.757900,-0.523600
2024-01-25,16.8839221300,17.9532699000,16.7269536500,17.7178171800,1818197,32318491.0600,0.981300,5.614000
2024-01-26,17.7766803600,17.9532699000,17.4333118100,17.5314171100,1267685,22909153.9500,0.684200,-1.052000
2024-01-29,17.6000908200,17.8159224800,16.9525958400,16.9918379600,1038083,18291763.4200,0.560300,-3.077800
2024-01-30,16.9918379600,17.1389959100,16.5013114600,16.5307430500,1048633,18005370.6500,0.566000,-2.713600
2024-01-31,16.6975220600,16.6975220600,15.3338583900,15.4025321000,1736210,28055126.9400,0.937100,-6.824900
2024-02-01,15.3927215700,15.4417742200,14.7942792400,14.9806793100,1862864,28712979.8000,1.005500,-2.738900
2024-02-02,15.0689740800,15.1572688500,13.4796682200,13.8917104800,2868398,41310692.0000,1.548200,-7.269200
2024-02-05,13.9505736600,13.9603841900,12.4986152200,12.6653942300,3332724,43765558.7600,1.798800,-8.827700
2024-02-06,12.0178992500,13.5385314000,11.8805518300,13.3423208000,3623820,47034553.5600,1.955900,5.344700
2024-02-07,13.2736470900,13.7347420000,12.6457731700,12.9106574800,4282184,57135027.5200,2.311300,-3.235300
2024-02-08,12.9302785400,14.2056474400,11.6156675200,14.2056474400,3615110,48012412.2200,1.951200,10.030400
2024-02-19,14.6569318200,15.3338583900,14.2252685000,14.9021950700,3264972,49288604.1700,1.762200,4.903300
2024-02-20,14.7059844700,15.5300689900,14.5588265200,15.3534794500,2144635,33392640.6700,1.157500,3.028300
2024-02-21,15.3044268000,15.6281742900,15.0395424900,15.0885951400,2301283,35889751.7400,1.242100,-1.725200
2024-02-22,15.0885951400,15.4319636900,14.9021950700,15.3240478600,1625129,25291801.3300,0.877100,1.560500
2024-02-23,15.2946162700,15.6674164100,15.2259425600,15.5496900500,1181868,18553756.1900,0.637900,1.472500
2024-02-26,15.5496900500,16.4032061600,15.3927215700,16.0205954900,1773647,28869013.3300,0.957300,3.028400
2024-02-27,16.0402165500,16.6092272900,15.7262795900,16.5013114600,1429649,23689988.4500,0.771600,3.000600
2024-02-28,16.6779010000,16.9624063700,15.0787846100,15.1278372600,2715379,44498762.5800,1.465600,-8.323400
2024-02-29,15.0395424900,15.8440059500,15.0101109000,15.6968480000,1612331,25566451.4300,0.870200,3.761300
2024-03-01,15.7262795900,15.9617323100,15.4025321000,15.7459006500,1199037,19151144.4200,0.647200,0.312500
2024-03-04,15.6477953500,16.0696481400,15.5889321700,15.9813533700,1375122,22229973.3100,0.742200,1.495300
2024-03-05,15.6968480000,15.9911639000,15.5104479300,15.5595005800,1010988,16189412.9400,0.545700,-2.639700
2024-03-06,15.6085532300,15.7459006500,15.3142373300,15.6281742900,882246,13990996.9500,0.476200,0.441400
2024-03-07,15.8538164800,15.9224901900,15.4025321000,15.4613952800,1051662,16733709.9900,0.567600,-1.067200
2024-03-08,15.4712058100,15.6477953500,15.2161320300,15.4613952800,850520,13360135.4000,0.459100,0.000000
2024-03-11,15.4221531600,15.9813533700,15.2946162700,15.8930586000,1151892,18403744.4500,0.621700,2.791900
2024-03-12,16.1285113200,16.3247219200,15.9715428400,16.2266166200,1079987,17815903.9600,0.582900,2.098800
2024-03-13,16.2462376800,16.3639640400,15.9224901900,16.2266166200,1117997,18425339.1000,0.603400,0.000000
2024-03-14,16.3345324500,16.7563852400,16.0107849600,16.1285113200,1112307,18482396.9800,0.600400,-0.604600
2024-03-15,16.1481323800,16.4816904000,16.0402165500,16.3051008600,1011552,16785549.5900,0.546000,1.094900
2024-03-18,16.3639640400,16.5307430500,16.2364271500,16.5013114600,1539396,25729166.5300,0.830900,1.203400
2024-03-19,16.5013114600,16.8348694800,16.3639640400,16.6092272900,1437326,24359205.1200,0.775800,0.654000
2024-03-20,16.6680904700,16.8937326600,16.4424482800,16.8544905400,1244651,21153121.9700,0.671800,1.476700
2024-03-21,16.8741116000,16.8741116000,16.3835851000,16.5699851700,1241877,20959848.2800,0.670300,-1.688000
2024-03-22,16.5209325200,16.5699851700,16.0304060200,16.1775639700,1423802,23499932.3800,0.768500,-2.368300
2024-03-25,16.0500270800,16.3051008600,15.7164690600,15.7164690600,1234895,20110271.5000,0.666500,-2.850200
2024-03-26,16.1775639700,16.1775639700,15.3534794500,15.5300689900,1456518,23121947.8700,0.786100,-1.186000
2024-03-27,15.5595005800,15.7753322400,15.3632899800,15.3829110400,869759,13802517.7400,0.469400,-0.947600
2024-03-28,15.3927215700,15.6772269400,15.2161320300,15.5006374000,1214510,19171315.6600,0.655500,0.765300
2024-03-29,15.5595005800,15.6477953500,15.3142373300,15.5398795200,908522,14333198.7000,0.490400,0.253200
2024-04-01,15.6674164100,16.3051008600,15.5791216400,16.1775639700,1480623,24091523.0800,0.799100,4.103500
2024-04-02,16.1775639700,16.3051008600,15.9421112500,16.1775639700,969412,15947540.7300,0.523200,0.000000
2024-04-03,16.1873745000,16.3051008600,15.9911639000,16.2168060900,923672,15221446.9800,0.498500,0.242600
2024-04-08,16.3835851000,16.3835851000,15.5202584600,15.5300689900,1044059,16852761.5600,0.563500,-4.234700
2024-04-09,15.5791216400,16.0402165500,15.5006374000,16.0107849600,1016418,16359553.6400,0.548600,3.095400
2024-04-10,15.9911639000,16.0107849600,15.5300689900,15.6477953500,725083,11604566.9100,0.391400,-2.267200
2024-04-11,15.6477953500,15.8734375400,15.4712058100,15.5889321700,938707,14997394.4200,0.506700,-0.376200
2024-04-12,15.5006374000,15.7459006500,15.3142373300,15.3927215700,810362,12778791.7800,0.437400,-1.258700
2024-04-15,15.4712058100,15.5398795200,14.5980686400,14.7550371200,1502869,22914980.5500,0.811200,-4.142800
2024-04-16,14.5293949300,14.6765528800,13.6268261700,13.7347420000,2458173,34980464.2500,1.326800,-6.914900
2024-04-17,14.1762158500,14.5686370500,13.8720894200,14.4705317500,2014251,29456162.1600,1.087200,5.357100
2024-04-18,14.4705317500,15.0297319600,14.1958369100,14.4803422800,1288217,19128587.3500,0.695300,0.067800
2024-04-19,14.3528053900,14.5490159900,14.0879210800,14.1860263800,690462,10032774.3200,0.372700,-2.032500
2024-04-22,14.3135632700,14.8923845400,14.0388684300,14.6275002300,1865933,27783200.1000,1.007100,3.112000
2024-04-23,14.8335213600,15.2063215000,14.5980686400,15.0003003700,1540422,23453939.4900,0.831400,2.548600
2024-04-24,14.7942792400,15.4908268700,14.7648476500,15.3731005100,1597445,24691330.2000,0.862200,2.485300
2024-04-25,15.2946162700,15.8636270100,15.2161320300,15.6085532300,1497317,23764777.0300,0.808200,1.531600
2024-04-26,15.5202584600,15.7164690600,15.3534794500,15.6674164100,1627337,25800949.5700,0.878300,0.377100
2024-04-29,15.4712058100,16.4130166900,15.3240478600,16.2658587400,2789711,45367389.5300,1.505700,3.819700
2024-04-30,16.0500270800,17.6197118800,15.9911639000,16.6975220600,4647721,79443365.3900,2.508500,2.653800
2024-05-06,16.9035431900,17.5608487000,16.5601746400,17.3646381000,5087669,88588329.7300,2.746000,3.995300
2024-05-07,17.4136907500,17.9532699000,17.0507011400,17.5510381700,4456409,80023497.5000,2.405300,1.073400
2024-05-08,17.4725539300,18.9637544900,17.2665328000,18.2475858000,7526762,139101629.6400,4.062500,3.968700
2024-05-09,18.3849332200,18.5909543500,17.5216065800,17.7374382400,6434082,117848773.5800,3.472700,-2.795700
2024-05-10,17.5608487000,17.6491434700,16.9918379600,17.0703222000,4562529,80105736.1200,2.462600,-3.761100
2024-05-13,16.8643010700,17.1389959100,16.6779010000,16.8054378900,2430662,41868131.3700,1.311900,-1.551700
2024-05-14,16.8054378900,16.9427853100,16.6092272900,16.6582799400,2007973,34287888.3600,1.083800,-0.875700
2024-05-15,16.5503641100,16.7269536500,16.3345324500,16.5013114600,1720555,28942244.4700,0.928600,-0.942300
2024-05-16,16.4718798700,17.4627434000,16.4718798700,16.8446800100,3699779,63684567.1600,1.996900,2.080900
2024-05-17,16.6779010000,16.8937326600,16.3933956300,16.5503641100,2826243,47694506.5600,1.525400,-1.747200
2024-05-20,16.4522588100,16.9427853100,16.4522588100,16.8643010700,2286291,39043942.0400,1.234000,1.896900
2024-05-21,16.9427853100,17.8159224800,16.5797957000,17.3548275700,4168057,73076240.8900,2.249700,2.908700
2024-05-22,17.3646381000,17.4823644600,16.8054378900,17.1586169700,2421313,42356804.9900,1.306900,-1.130600
2024-05-23,17.1880485600,18.2672068600,17.0408906100,18.0023225500,5223392,94438535.7300,2.819300,4.917100
2024-05-24,17.9042172500,18.0317541400,17.5314171100,17.7374382400,3042895,55074284.0600,1.642400,-1.471400
2024-05-27,17.5902802900,18.0023225500,17.4235012800,17.6589540000,2426313,43682589.8600,1.309600,-0.442500
2024-05-28,17.4725539300,17.5706592300,17.1291853800,17.2076696200,2426039,42880584.3100,1.309400,-2.555600
2024-05-29,17.1488064400,17.5608487000,16.9133537200,17.5216065800,2064110,36166275.6800,1.114100,1.824400
2024-05-30,17.2763433300,17.7570593000,17.1488064400,17.3646381000,1265481,22453324.8600,0.683000,-0.895900
2024-05-31,17.3646381000,17.5216065800,16.9525958400,17.0408906100,1306114,22794549.6100,0.705000,-1.864400
2024-06-03,16.9624063700,17.1193748500,16.6975220600,16.8250589500,1177760,20256313.8600,0.635700,-1.266600
2024-06-04,16.8152484200,16.8152484200,16.3835851000,16.4620693400,1566784,26385426.4100,0.845700,-2.157400
2024-06-05,16.4718798700,16.5209325200,16.0990797300,16.1088902600,1102425,18324040.5000,0.595000,-2.145400
2024-06-06,16.0500270800,16.3443429800,14.8727634800,15.0984056700,3205163,50115025.8400,1.729900,-6.272800
2024-06-07,15.1278372600,15.5202584600,15.1278372600,15.4613952800,1475477,23103828.5800,0.796400,2.404200
2024-06-11,15.3927215700,15.7753322400,15.2063215000,15.7164690600,1075663,17049694.4900,0.580600,1.649700
2024-06-12,15.6870374700,15.9224901900,15.5889321700,15.7753322400,979251,15727085.8000,0.528500,0.374500
2024-06-13,15.7949533000,15.7949533000,15.4025321000,15.4319636900,1045431,16540352.2900,0.564300,-2.176600
2024-06-14,15.5889321700,15.5889321700,15.1180267300,15.2259425600,983861,15274281.0900,0.531000,-1.335000
2024-06-17,15.1662775000,15.3353442000,15.0171010000,15.1961128000,876603,13355744.7900,0.473100,-0.196000
2024-06-18,15.1762226000,15.4149050000,14.9275951000,15.1165520000,1430075,21828480.6000,0.771900,-0.523600
2024-06-19,15.1165520000,15.3154540000,14.8579794000,14.9574304000,960196,14495970.5100,0.518300,-1.052600
2024-06-20,14.9574304000,15.1264971000,14.6491323000,14.7883637000,992252,14796206.5200,0.535600,-1.130300
2024-06-21,14.6789676000,14.8380892000,14.5695715000,14.6889127000,931790,13780095.8800,0.502900,-0.672500
2024-06-24,14.6391872000,14.7088029000,14.0325361000,14.1120969000,1693611,24269122.1800,0.914100,-3.926900
2024-06-25,14.2413832000,14.6292421000,14.1817126000,14.5894617000,1383900,20113815.2200,0.746900,3.382700
2024-06-26,14.5894617000,15.3154540000,14.4999558000,15.2458383000,1466355,22006191.8900,0.791400,4.499000
2024-06-27,15.2060579000,15.3055089000,14.6292421000,14.6491323000,1155404,17334060.6700,0.623600,-3.913900
2024-06-28,14.7983088000,14.8878147000,14.2811636000,14.4005048000,1079464,15767271.2500,0.582600,-1.697200
2024-07-01,14.4203950000,14.7187480000,14.1220420000,14.6988578000,888666,12869400.5100,0.479600,2.071800
2024-07-02,14.6590774000,16.1707326000,14.4303401000,15.3154540000,7129968,112635036.6900,3.848300,4.194900
2024-07-03,14.7983088000,15.1364422000,14.2115479000,14.4999558000,7198812,105561610.2200,3.885500,-5.324700
2024-07-04,14.0524263000,14.1618224000,13.1374771000,13.4059948000,6177758,85010459.0700,3.334400,-7.544600
2024-07-05,13.3363791000,14.2712185000,13.1275320000,14.2016028000,4177670,57644105.1500,2.254800,5.934700
2024-07-08,14.3408342000,14.4701205000,13.3960497000,13.5352811000,3099783,42710427.4200,1.673100,-4.691900
2024-07-09,13.7242380000,13.7242380000,12.9783555000,13.3662144000,3042187,40571307.7400,1.642000,-1.249100
2024-07-10,13.3264340000,13.4557203000,13.0081908000,13.0479712000,3040398,40274092.1500,1.641000,-2.381000
2024-07-11,13.2866536000,13.5253360000,13.1772575000,13.3562693000,3822902,51449290.0400,2.063400,2.362800
2024-07-12,13.3761595000,13.5750615000,13.0976967000,13.1573673000,3033575,40499069.8000,1.637300,-1.489200
2024-07-15,12.9385751000,13.1076418000,12.8291790000,12.9783555000,2156711,28121918.4300,1.164100,-1.360500
2024-07-16,12.9485202000,13.5551713000,12.9087398000,13.4059948000,3647632,48701937.2900,1.968800,3.295000
2024-07-17,13.4756105000,13.4756105000,13.1076418000,13.2767085000,2514997,33512900.0100,1.357400,-0.964400
2024-07-18,13.2866536000,13.3264340000,12.9186849000,13.1275320000,1840925,24216082.6000,0.993600,-1.123600
2024-07-19,13.2170379000,13.6247870000,13.0380261000,13.4656654000,2199290,29573276.2000,1.187000,2.575800
2024-07-22,13.3861046000,13.3861046000,12.7396731000,13.0380261000,4138497,54008845.9500,2.233700,-3.175800
2024-07-23,13.0579163000,13.0678614000,12.3816495000,12.4015397000,4020700,51089847.0000,2.170100,-4.881800
2024-07-24,12.4015397000,12.4413201000,11.9142298000,11.9937906000,3553456,43177635.6200,1.917900,-3.287900
2024-07-25,11.8346690000,12.2821985000,11.7849435000,11.9639553000,3036400,36720804.0000,1.638900,-0.248800
2024-07-26,12.0435161000,12.3120338000,11.9341200000,12.2125828000,2169192,26599576.5900,1.170800,2.078100
2024-07-29,12.3617593000,12.3617593000,11.8744494000,11.9142298000,2071709,25036933.1300,1.118200,-2.443000
2024-07-30,11.9142298000,12.0435161000,11.7749984000,11.8247239000,3392283,40673384.5000,1.830900,-0.751300
2024-07-31,11.8645043000,12.5009907000,11.7551082000,12.4811005000,3176993,39229975.1000,1.714700,5.550900
2024-08-01,12.5009907000,12.7794535000,12.4512652000,12.5507162000,2181915,27680184.8000,1.177700,0.557800
2024-08-02,12.4114848000,12.9684104000,12.4114848000,12.5507162000,2800200,35840865.0000,1.511400,0.000000
2024-08-05,12.5407711000,12.7297280000,12.1628573000,12.1827475000,2861500,35749373.0000,1.544500,-2.931900
2024-08-06,12.3120338000,12.6501672000,12.2424181000,12.6402221000,1955369,24507098.9100,1.055400,3.755100
2024-08-07,12.8092888000,12.9186849000,12.3915946000,12.5407711000,1722390,21765783.3000,0.929600,-0.786800
2024-08-08,12.6998927000,13.2767085000,12.5507162000,12.8192339000,4815643,62280570.9900,2.599200,2.220500
2024-08-09,12.9186849000,12.9186849000,12.3816495000,12.4413201000,3505976,44414469.4300,1.892300,-2.948000
2024-08-12,12.4910456000,12.8789045000,12.3915946000,12.6601123000,2898423,36978818.1600,1.564400,1.758600
2024-08-13,12.7197829000,12.7595633000,12.4114848000,12.5208809000,2033900,25588000.0000,1.097800,-1.099800
2024-08-14,12.5308260000,12.6203319000,12.3717044000,12.4015397000,1058021,13236407.5000,0.571100,-0.953100
2024-08-15,12.3915946000,12.5805515000,12.1926926000,12.3816495000,2034147,25286231.1800,1.097900,-0.160400
2024-08-16,12.3816495000,12.9087398000,12.2026377000,12.8391241000,3449473,43823022.4600,1.861800,3.694800
2024-08-19,12.8490692000,12.9087398000,12.4910456000,12.6800025000,2862748,36351464.5800,1.545100,-1.239300
2024-08-20,12.6700574000,12.6700574000,12.2523632000,12.3816495000,2538930,31589320.7200,1.370400,-2.352900
2024-08-21,12.3816495000,12.7496182000,12.1827475000,12.6998927000,2296853,29041458.5400,1.239700,2.570300
2024-08-22,12.6700574000,12.6800025000,12.2523632000,12.3518142000,2912231,36384396.2000,1.571800,-2.740800
2024-08-23,12.3617593000,12.3617593000,12.1230769000,12.2324730000,1335710,16412719.6000,0.720900,-0.966200
2024-08-26,12.2821985000,12.4214299000,12.1031867000,12.3717044000,1241700,15368847.0000,0.670200,1.138200
2024-08-27,12.2424181000,12.4612103000,12.2324730000,12.2623083000,1199607,14917116.8000,0.647500,-0.884200
2024-08-28,12.1728024000,12.5009907000,12.1330220000,12.4214299000,2563601,31898120.5000,1.383700,1.297600
2024-08-29,12.3717044000,12.9982457000,12.2821985000,12.9584653000,3323500,42578017.4200,1.793800,4.323500
2024-08-30,12.9584653000,13.3264340000,12.7893986000,13.1673124000,2623611,34744562.9800,1.416100,1.611700
2024-09-02,13.1772575000,13.3363791000,13.0280810000,13.1374771000,1877487,24930793.8900,1.013300,-0.226600
2024-09-03,13.1772575000,13.4656654000,13.0280810000,13.3363791000,1878729,25109432.9600,1.014000,1.514000
2024-09-04,13.2965987000,13.5551713000,13.2170379000,13.3662144000,1958706,26420140.4800,1.057200,0.223700
2024-09-05,13.2965987000,13.5551713000,13.2965987000,13.5054458000,1381614,18704569.7800,0.745700,1.041700
2024-09-06,13.5054458000,13.5850066000,13.1772575000,13.2170379000,1763195,23552920.0800,0.951700,-2.135500
2024-09-09,13.2170379000,13.5551713000,13.0877516000,13.3264340000,1215754,16315325.5600,0.656200,0.827700
2024-09-10,13.3164889000,13.6247870000,13.0579163000,13.2070928000,1810241,24088289.0700,0.977100,-0.895500
2024-09-11,13.2170379000,13.3065438000,12.8590143000,13.0081908000,1713262,22510195.0500,0.924700,-1.506000
2024-09-12,13.0081908000,13.1872026000,12.8490692000,12.8789045000,1082302,14162113.4500,0.584200,-0.993900
2024-09-13,12.9186849000,12.9584653000,12.5407711000,12.5407711000,1270245,16230863.2500,0.685600,-2.625500
2024-09-18,12.5606613000,12.6800025000,12.1429671000,12.1926926000,1492704,18447021.1600,0.805700,-2.775600
2024-09-19,12.3717044000,12.6899476000,12.3120338000,12.6402221000,1727111,21707781.0200,0.932200,3.670500
2024-09-20,12.5606613000,12.7595633000,12.4015397000,12.4711554000,1218800,15313302.0000,0.657800,-1.337500
2024-09-23,12.4711554000,12.7297280000,12.3319240000,12.3717044000,930300,11634569.0000,0.502100,-0.797400
2024-09-24,12.4114848000,13.1772575000,12.4114848000,13.1374771000,2195953,28308069.6200,1.185200,6.189700
2024-09-25,13.1573673000,13.5153909000,13.1573673000,13.2965987000,2003128,26849583.8000,1.081200,1.211200
2024-09-26,13.0380261000,13.9032498000,13.0181359000,13.7739635000,1886180,25600649.1000,1.018000,3.590100
2024-09-27,14.0126459000,14.4900107000,13.7142929000,14.0623714000,3639914,51139666.9300,1.964600,2.093900
2024-09-30,14.4701205000,15.2160030000,14.0922067000,15.0668265000,7219958,107236467.5900,3.896900,7.142900
2024-10-08,16.5784817000,16.5784817000,14.7485833000,15.6138070000,8053672,125831375.1700,4.346900,3.630400
2024-10-09,15.1165520000,15.1563324000,14.0723165000,14.1319871000,5282926,77893555.6700,2.851400,-9.490400
2024-10-10,14.1319871000,14.7883637000,14.1120969000,14.4402852000,4108341,59776357.9900,2.217400,2.181600
2024-10-11,14.2911087000,14.4601754000,13.8734145000,14.0126459000,2573250,36566113.1400,1.388900,-2.961400
2024-10-14,14.0424812000,14.2712185000,13.8037988000,14.1518773000,2513837,35563639.1700,1.356800,0.993600
2024-10-15,14.1618224000,14.3010538000,13.6645674000,13.7640184000,2558292,35956349.7600,1.380800,-2.740700
2024-10-16,13.7242380000,13.9828106000,13.5949517000,13.8734145000,2355201,32689273.8500,1.271200,0.794800
2024-10-17,13.8037988000,14.3010538000,13.6745125000,13.9131949000,3475429,48783132.0200,1.875800,0.286700
2024-10-18,13.6745125000,14.1220420000,13.6247870000,13.9529753000,4236442,58954942.1700,2.286600,0.285900
2024-10-21,13.9231400000,14.0424812000,13.3861046000,13.6048968000,9795729,133751496.2200,5.287100,-2.494700
2024-10-22,13.5253360000,13.7043478000,13.2866536000,13.6745125000,7478733,101753308.3400,4.036500,0.511700
2024-10-23,13.6745125000,13.7640184000,13.4258850000,13.5850066000,8101712,110533220.1300,4.372800,-0.654500
2024-10-24,13.6148419000,14.0225910000,13.5750615000,13.7739635000,9400969,129856850.1900,5.074000,1.390900
2024-10-25,13.8336341000,14.2811636000,13.5551713000,14.1120969000,10153602,141897011.5100,5.480300,2.454900
2024-10-28,14.2612734000,14.6192970000,14.1717675000,14.6192970000,10646796,154166211.6400,5.746500,3.594100
2024-10-29,14.7386382000,14.7585284000,13.9430302000,13.9629204000,9706157,139152829.1100,5.238800,-4.489800
2024-10-30,13.7242380000,14.1220420000,13.5949517000,14.0822616000,7680472,107590979.4300,4.145400,0.854700
2024-10-31,14.0126459000,14.2214930000,13.7242380000,13.8634694000,7385822,103451664.7000,3.986400,-1.553700
2024-11-01,13.8535243000,13.9828106000,13.5352811000,13.7142929000,6268928,86745812.2500,3.383600,-1.076000
2024-11-04,13.7043478000,13.8634694000,13.5850066000,13.8336341000,4954605,68272409.3700,2.674200,0.870200
2024-11-05,14.1120969000,14.2513283000,13.9430302000,14.2115479000,6965078,98949235.2300,3.759300,2.731800
2024-11-06,14.2115479000,14.2612734000,13.9529753000,14.0325361000,5923342,83936629.3800,3.197000,-1.259600
2024-11-07,14.0424812000,14.4999558000,14.0027008000,14.4104499000,6842274,98693994.0700,3.693000,2.693100
2024-11-08,14.5198460000,14.6292421000,14.1618224000,14.3209440000,6048869,87497439.6100,3.264800,-0.621100
2024-11-11,14.3109989000,14.4502303000,14.1916577000,14.4402852000,5581133,80371591.0100,3.012300,0.833300
2024-11-12,14.4701205000,14.8380892000,14.3607244000,14.4999558000,7990483,117590277.8000,4.312800,0.413200
2024-11-13,14.4203950000,14.6491323000,14.3507793000,14.4203950000,5529287,80550233.0800,2.984400,-0.548700
2024-11-14,14.4203950000,14.5894617000,14.2214930000,14.2314381000,4649451,67261390.2400,2.509500,-1.310300
2024-11-15,14.2214930000,14.3209440000,13.9330851000,14.0027008000,4659495,66118027.9900,2.514900,-1.607300
2024-11-18,14.0723165000,14.0723165000,13.5850066000,13.6944027000,3225166,44635415.3400,1.740700,-2.201700
2024-11-19,13.6247870000,13.9728655000,13.6148419000,13.9529753000,3857200,53519165.4000,2.081900,1.888200
2024-11-20,13.9131949000,14.1120969000,13.8236890000,14.0623714000,4519769,63546836.7800,2.439500,0.784000
2024-11-21,14.0623714000,14.3706695000,13.9828106000,14.0723165000,3390057,48197006.4100,1.829700,0.070700
2024-11-22,14.0723165000,14.1021518000,13.4756105000,13.5054458000,3296430,45647144.7200,1.779200,-4.028300
2024-11-25,13.5153909000,13.8634694000,13.4756105000,13.8336341000,3534922,48485683.6000,1.907900,2.430000
2024-11-26,13.7540733000,14.1916577000,13.7142929000,14.0723165000,3979534,56148450.8700,2.147900,1.725400
2024-11-27,14.0524263000,14.0524263000,13.6844576000,14.0424812000,2461021,34306366.3500,1.328300,-0.212000
2024-11-28,14.0524263000,14.3010538000,14.0424812000,14.1419322000,3566711,50891114.6300,1.925100,0.708200
2024-11-29,14.1717675000,14.3706695000,14.0623714000,14.2314381000,3465200,49648620.0000,1.870300,0.632900
2024-12-02,14.2513283000,14.4601754000,14.2513283000,14.3806146000,3051405,44008416.9000,1.647000,1.048200
2024-12-03,14.4502303000,14.4701205000,14.2115479000,14.4303401000,3319646,48019075.4700,1.791700,0.345800
2024-12-04,14.4005048000,14.4005048000,14.0822616000,14.1319871000,3151609,45015621.0300,1.701000,-2.067500
2024-12-05,14.1220420000,14.2214930000,14.0325361000,14.1518773000,2378371,33789972.0200,1.283700,0.140700
2024-12-06,14.2115479000,14.3109989000,14.0424812000,14.3109989000,2519441,35963240.8700,1.359800,1.124400
2024-12-09,14.4402852000,14.9077049000,14.4203950000,14.7187480000,7240778,106848854.4900,3.908100,2.849200
2024-12-10,15.0171010000,15.0171010000,14.5496813000,14.6491323000,4285811,63345206.4100,2.313200,-0.473000
2024-12-11,14.6093519000,15.2060579000,14.5596264000,15.1165520000,5261360,78573485.3100,2.839700,3.190800
2024-12-12,15.0171010000,15.2259481000,14.7983088000,15.1066069000,4450404,67183737.0100,2.402000,-0.065800
2024-12-13,15.1165520000,15.2358932000,14.5099009000,14.5695715000,5249510,78032726.8300,2.833400,-3.555000
2024-12-16,14.5795166000,14.7088029000,14.4303401000,14.5695715000,2734462,40015239.9100,1.475900,0.000000
2024-12-17,14.5795166000,14.6192970000,13.8634694000,13.9728655000,3703511,52581165.9000,1.998900,-4.095600
2024-12-18,13.9828106000,14.0524263000,13.7640184000,13.7739635000,2633258,36723226.7700,1.421300,-1.423500
2024-12-19,13.7242380000,13.8236890000,13.4955007000,13.6745125000,2362643,32408333.6300,1.275200,-0.722000
2024-12-20,13.6446772000,13.8037988000,13.6247870000,13.7441282000,2366759,32634468.3100,1.277400,0.509100
2024-12-23,13.7739635000,13.8137439000,13.2667634000,13.3065438000,3171423,42921830.3600,1.711700,-3.183800
2024-12-24,13.3363791000,13.5452262000,13.3065438000,13.5153909000,1685467,22796562.2300,0.909700,1.569500
2024-12-25,13.5054458000,13.5750615000,13.0778065000,13.3662144000,1717870,22951771.9200,0.927200,-1.103800
2024-12-26,13.3264340000,13.4756105000,13.2866536000,13.3662144000,1301530,17530149.9600,0.702500,0.000000
2024-12-27,13.3264340000,13.5551713000,13.2269830000,13.5054458000,1169132,15824585.8900,0.631000,1.041700
2024-12-30,13.4059948000,13.5054458000,13.2965987000,13.3761595000,1283880,17280780.6700,0.693000,-0.957300
2024-12-31,13.3761595000,13.4059948000,13.0380261000,13.1076418000,1567746,20811395.3600,0.846200,-2.007400
2025-01-02,13.0877516000,13.3065438000,12.8590143000,12.9783555000,2040623,26940907.5000,1.101400,-0.986300
2025-01-03,13.0181359000,13.2070928000,12.7893986000,12.8291790000,1930628,25211304.1500,1.042000,-1.149400
2025-01-06,13.0181359000,13.4258850000,12.7595633000,13.3960497000,3590730,47736559.9200,1.938000,4.418600
2025-01-07,13.3065438000,13.3065438000,13.0479712000,13.2866536000,2213505,29285615.4800,1.194700,-0.816600
2025-01-08,13.2070928000,13.3562693000,12.9684104000,13.3264340000,1514385,20134929.7500,0.817400,0.299400
2025-01-09,13.2468732000,13.3463242000,13.1175869000,13.1772575000,1235456,16415147.5800,0.666800,-1.119400
2025-01-10,13.1275320000,13.2070928000,12.9385751000,12.9783555000,1209180,15870375.0000,0.652600,-1.509400
2025-01-13,13.0280810000,13.5551713000,12.7993437000,13.2965987000,2577995,34401092.5800,1.391400,2.452100
2025-01-14,13.2468732000,13.4557203000,13.2468732000,13.4358301000,2542047,34200612.2200,1.372000,1.047100
2025-01-15,13.4656654000,13.4656654000,13.2468732000,13.3264340000,1177532,15769689.0500,0.635600,-0.814200
2025-01-16,13.3164889000,13.4358301000,13.1175869000,13.2468732000,1552123,20764360.1100,0.837700,-0.597000
2025-01-17,13.1971477000,13.3662144000,13.1275320000,13.2767085000,1199515,16024897.7500,0.647400,0.225200
2025-01-20,13.2767085000,13.5651164000,13.2667634000,13.3761595000,1590141,21450458.8100,0.858300,0.749100
2025-01-21,13.3761595000,13.4756105000,13.1573673000,13.2468732000,1412441,18818088.2100,0.762300,-0.966500
2025-01-22,13.2468732000,13.2965987000,13.0479712000,13.1275320000,1102184,14556460.6600,0.594900,-0.900900
2025-01-23,13.2269830000,13.3562693000,13.1275320000,13.1374771000,1241061,16527814.2700,0.669800,0.075800
2025-01-24,13.1374771000,13.2369281000,12.9982457000,13.2269830000,1213862,16029559.6000,0.655200,0.681300
2025-01-27,13.2767085000,13.5153909000,13.2667634000,13.3363791000,1752551,23620086.0300,0.945900,0.827100
2025-02-05,13.3761595000,13.4855556000,13.2965987000,13.3662144000,1270524,17093475.8800,0.685700,0.223700
2025-02-06,13.3662144000,13.4557203000,13.2170379000,13.4358301000,1650240,22168407.2000,0.890700,0.520800
2025-02-07,13.4557203000,13.6148419000,13.3761595000,13.5651164000,2153136,29310103.1800,1.162100,0.962300
2025-02-10,13.5850066000,13.6745125000,13.5054458000,13.6745125000,1931931,26450982.2600,1.042700,0.806500
2025-02-11,13.7043478000,13.7043478000,13.4258850000,13.5551713000,1499117,20386757.0000,0.809100,-0.872700
2025-02-12,13.5949517000,13.6247870000,13.4656654000,13.5850066000,2011944,27400035.7600,1.085900,0.220100
2025-02-13,13.5850066000,13.6745125000,13.5054458000,13.5253360000,1402141,19148632.6300,0.756800,-0.439200
2025-02-14,13.4756105000,13.6844576000,13.4756105000,13.5253360000,2131964,29079493.8600,1.150700,0.000000
2025-02-17,13.5253360000,13.6745125000,13.4656654000,13.5750615000,2001030,27337265.4800,1.080000,0.367600
2025-02-18,13.5750615000,13.6446772000,13.3065438000,13.3761595000,2335800,31619111.0400,1.260700,-1.465200
2025-02-19,13.3761595000,13.3761595000,13.2568183000,13.3562693000,2056523,27538351.1300,1.110000,-0.148700
2025-02-20,13.3562693000,13.5850066000,13.2965987000,13.5253360000,1750964,23762302.9900,0.945100,1.265800
2025-02-21,13.5551713000,13.5949517000,13.3164889000,13.4258850000,1630751,21979972.4600,0.880200,-0.735300
2025-02-24,13.4258850000,13.5452262000,13.3363791000,13.4358301000,1629563,21990163.6500,0.879500,0.074100
2025-02-25,13.3264340000,13.4358301000,13.2568183000,13.2667634000,1416052,18999978.5700,0.764300,-1.258300
2025-02-26,13.3065438000,13.4059948000,13.2767085000,13.3662144000,1277243,17122890.7600,0.689400,0.749600
2025-02-27,13.3662144000,13.4159399000,13.2170379000,13.4059948000,2227879,29870821.2800,1.202500,0.297600
2025-02-28,13.3861046000,13.4358301000,13.0380261000,13.0877516000,2970360,39391467.8400,1.603200,-2.373900
2025-03-03,13.0877516000,13.2767085000,13.0579163000,13.1772575000,2265299,30085433.6200,1.222700,0.683900
2025-03-04,13.1772575000,13.2767085000,13.0479712000,13.2667634000,1275814,16952225.8000,0.688600,0.679200
2025-03-05,13.2667634000,13.2667634000,12.9883006000,13.1175869000,2138503,28119826.6600,1.154200,-1.124400
2025-03-06,13.1474222000,13.1971477000,13.0380261000,13.1772575000,1888006,24905976.9900,1.019000,0.454900
2025-03-07,13.1076418000,13.1673124000,13.0579163000,13.1275320000,1353299,17839086.5000,0.730400,-0.377400
2025-03-10,13.1772575000,13.3264340000,13.1374771000,13.2965987000,1997979,26648643.1600,1.078400,1.287900
2025-03-11,13.2170379000,13.2965987000,13.0877516000,13.2568183000,1715870,22742736.0400,0.926100,-0.299200
2025-03-12,13.2568183000,13.2965987000,13.1374771000,13.1673124000,1672137,22183693.7200,0.902500,-0.675200
2025-03-13,13.1673124000,13.2070928000,12.9783555000,13.1175869000,1901256,24977835.3200,1.026200,-0.377600
2025-03-14,13.0976967000,13.4656654000,13.0877516000,13.4557203000,3065974,41044306.7400,1.654800,2.577700
2025-03-17,13.4457752000,13.5153909000,13.3960497000,13.4756105000,1555384,21054406.2300,0.839500,0.147800
2025-03-18,13.5551713000,13.5750615000,13.4258850000,13.5651164000,1709992,23220297.3800,0.922900,0.664200
2025-03-19,13.5253360000,13.6347321000,13.3960497000,13.4557203000,1756445,23869434.9700,0.948000,-0.806500
2025-03-20,13.4159399000,13.4955007000,13.3562693000,13.3960497000,1327381,17914704.2300,0.716400,-0.443500
2025-03-21,13.3562693000,13.5153909000,13.1971477000,13.2269830000,1802112,24097980.2300,0.972700,-1.262100
2025-03-24,13.2269830000,13.2767085000,12.9584653000,13.1573673000,2953021,38916574.2000,1.593900,-0.526300
2025-03-25,13.1374771000,13.1971477000,12.9186849000,13.1474222000,2372152,31114866.5700,1.280300,-0.075600
2025-03-26,13.1076418000,13.4855556000,13.0479712000,13.4258850000,3364763,45084585.8000,1.816100,2.118000
2025-03-27,13.4159399000,13.8933047000,13.2468732000,13.6745125000,4534266,61957387.4100,2.447300,1.851900
2025-03-28,13.7043478000,14.7684735000,13.6148419000,14.0922067000,12653369,181867528.6400,6.829500,3.054500
2025-03-31,13.8535243000,14.1220420000,13.4258850000,13.6745125000,8181278,113019959.1400,4.415700,-2.964000
2025-04-01,13.6745125000,14.3607244000,13.5352811000,14.0126459000,7553283,106965366.3400,4.076800,2.472700
2025-04-02,14.0126459000,14.3905597000,13.9430302000,14.2214930000,5693538,81262999.9000,3.073000,1.490400
2025-04-03,14.0723165000,14.3806146000,14.0027008000,14.1120969000,4633390,66027349.4600,2.500800,-0.769200
2025-04-07,13.3463242000,13.6148419000,12.6998927000,12.6998927000,4787463,62086599.1900,2.584000,-10.007000
2025-04-08,12.6899476000,12.8391241000,12.0534612000,12.3319240000,6453768,80060878.1400,3.483300,-2.897400
2025-04-09,12.1330220000,12.4910456000,11.3771944000,12.3319240000,5026602,60572367.2700,2.713000,0.000000
2025-04-10,12.4512652000,12.8092888000,12.4015397000,12.6004417000,4020594,50873766.7900,2.170100,2.177400
2025-04-11,12.5407711000,12.8092888000,12.4811005000,12.4910456000,2649645,33563014.4500,1.430100,-0.868200
2025-04-14,12.6103868000,12.9286300000,12.5208809000,12.7893986000,2975944,38220368.8800,1.606200,2.388500
2025-04-15,12.7893986000,13.0479712000,12.6103868000,12.8888496000,2186272,28225109.5500,1.180000,0.777600
2025-04-16,12.8291790000,12.8291790000,12.3319240000,12.5407711000,2769530,35017201.1000,1.494800,-2.700600
2025-04-17,12.5407711000,12.7297280000,12.4214299000,12.6402221000,1442415,18318728.6600,0.778500,0.793000
2025-04-18,12.5805515000,12.8987947000,12.4811005000,12.6103868000,1368429,17392987.6200,0.738600,-0.236000
2025-04-21,12.5407711000,12.9286300000,12.4811005000,12.8291790000,2408750,30982981.5000,1.300100,1.735000
2025-04-22,12.9087398000,13.4557203000,12.7893986000,13.4159399000,5400031,71547738.5100,2.914600,4.573600
2025-04-23,13.4258850000,14.4203950000,13.2369281000,13.8734145000,8583984,120050464.9800,4.633100,3.409900
2025-04-24,13.7441282000,14.2413832000,13.7043478000,13.7441282000,6767585,94694581.9700,3.652700,-0.931900
2025-04-25,13.7341831000,13.8734145000,13.2866536000,13.3662144000,5028791,68208897.3000,2.714200,-2.749600
2025-04-28,13.3662144000,13.5253360000,13.2070928000,13.2767085000,3299917,44327742.3600,1.781100,-0.669600
2025-04-29,13.3562693000,13.7043478000,13.3264340000,13.4457752000,2585483,35124236.0100,1.395500,1.273400
2025-04-30,13.3562693000,13.5949517000,13.2866536000,13.2965987000,2671717,36027356.0800,1.442000,-1.109500
2025-05-06,13.3264340000,13.5850066000,13.2767085000,13.4159399000,2434221,32779557.5100,1.313800,0.897500
2025-05-07,13.5253360000,13.9032498000,13.4159399000,13.5551713000,2794755,38167731.5200,1.508400,1.037800
2025-05-08,13.5253360000,13.9231400000,13.4457752000,13.6546223000,2552572,35157831.1800,1.377700,0.733700
2025-05-09,13.6247870000,13.7242380000,13.4756105000,13.5750615000,1907051,26040264.2200,1.029300,-0.582700
2025-05-12,13.5651164000,13.6446772000,13.3363791000,13.4557203000,2690728,36328267.2600,1.452300,-0.879100
2025-05-13,13.5750615000,13.6048968000,13.3363791000,13.4059948000,1797200,24282442.0000,0.970000,-0.369500
2025-05-14,13.3463242000,13.4059948000,13.1872026000,13.2866536000,2067430,27573992.3000,1.115900,-0.890200
2025-05-15,13.3065438000,13.5253360000,13.1772575000,13.4159399000,2074796,27884291.8200,1.119800,0.973100
2025-05-16,13.3562693000,13.8336341000,13.3363791000,13.8137439000,3580770,49169456.1800,1.932700,2.965200
2025-05-19,13.8037988000,13.8137439000,13.5153909000,13.6347321000,2927891,40080899.7300,1.580300,-1.295900
2025-05-20,13.6347321000,14.1419322000,13.6148419000,14.0723165000,4540764,63682987.2600,2.450800,3.209300
2025-05-21,14.0225910000,15.4347952000,13.9927557000,14.5198460000,12264522,180831024.3200,6.619600,3.180200
2025-05-22,14.4402852000,14.5297911000,14.1419322000,14.1916577000,7741472,111440586.0000,4.178400,-2.260300
2025-05-23,14.2811636000,14.8778696000,14.1220420000,14.1220420000,5927706,85774793.0500,3.199400,-0.490500
2025-05-26,14.1817126000,14.8082539000,14.0225910000,14.2214930000,5406936,77916395.9300,2.918300,0.704200
2025-05-27,14.2911087000,14.5994068000,14.1518773000,14.5695715000,4927838,71529157.8500,2.659700,2.447600
2025-05-28,14.5198460000,14.7088029000,14.3209440000,14.3806146000,4521760,65883763.4000,2.440600,-1.296900
2025-05-29,14.4203950000,15.2756736000,14.2612734000,14.9574304000,8842538,131777312.1300,4.772600,4.011100
2025-05-30,14.8579794000,15.2060579000,14.8181990000,14.9773206000,6193502,93286491.1800,3.342900,0.133000
2025-06-03,15.1662775000,16.4790307000,14.8778696000,16.4790307000,11593181,186289997.2300,6.257300,10.026600
2025-06-04,17.9011800000,17.9011800000,16.6083170000,16.7475484000,29191947,500795632.6800,15.756000,1.629500
2025-06-05,16.4193601000,18.4183252000,16.0613365000,17.7420584000,28927490,503679195.1800,15.613200,5.938200
2025-06-06,17.7321133000,19.5122862000,17.2547485000,19.5122862000,29548865,549190390.4500,15.948600,9.977600
2025-06-09,20.6360825000,21.4615258000,20.6360825000,21.4615258000,16235145,347329052.9300,8.762700,9.989800
2025-06-10,23.6096674000,23.6096674000,23.0726320000,23.6096674000,9616181,227979150.5200,5.190200,10.009300
2025-06-11,25.6384678000,25.9666561000,24.3456048000,25.9666561000,53854727,1393270618.6600,29.067400,9.983200
2025-06-12,27.6274878000,28.2241938000,25.8373698000,26.9512210000,48759283,1321650841.6400,26.317200,3.791700
2025-06-13,26.1158326000,27.0606171000,25.3600050000,26.2053385000,30254506,797632901.2900,16.329500,-2.767500
2025-06-16,25.9467659000,28.8308449000,25.5489619000,28.8308449000,28519035,784061023.5200,15.392800,10.019000
2025-06-17,30.2629393000,31.6552533000,28.3435350000,28.8507351000,38638392,1155898313.8000,20.854600,0.069000
2025-06-18,28.2639742000,28.7214488000,26.8617151000,27.8462800000,31411319,873418985.7200,16.953800,-3.481600
2025-06-19,28.7413390000,30.2927746000,28.1147977000,28.8805704000,22902092,672973018.6300,12.361100,3.714300
2025-06-20,26.9213857000,31.7646494000,26.9213857000,31.7646494000,17405539,527747368.4500,9.394400,9.986200
2025-06-23,31.2176689000,32.1226730000,28.5921625000,31.8342651000,23402479,728051215.0800,12.631200,0.219200
2025-06-24,31.2375591000,34.3105950000,31.2375591000,33.2265791000,23341176,779664836.6200,12.598100,4.373600
2025-06-25,32.0729475000,34.8874108000,32.0232220000,32.6696535000,24234326,813160636.5400,13.080200,-1.676100
2025-06-26,30.9889316000,32.2718495000,29.4374960000,30.7104688000,19371348,596969065.8700,10.455400,-5.997000
2025-06-27,30.7303590000,33.7835047000,30.4220609000,33.7835047000,13101298,427603585.8100,7.071300,10.006500
2025-06-30,33.7835047000,37.1648387000,33.7835047000,36.9062661000,19532019,693285862.5400,10.542200,9.243500
2025-07-01,36.0310973000,40.5958982000,36.0211522000,40.5958982000,16130624,617725806.3100,8.706300,9.997300
2025-07-02,40.5660629000,44.6534990000,39.9594118000,44.6534990000,21213821,926681469.0800,11.449900,9.995100
2025-07-03,40.7749100000,48.3331860000,40.7749100000,44.6733892000,17684452,788939149.6700,9.545000,0.044500
2025-07-04,43.7584400000,44.3551460000,40.7052943000,41.1826591000,13819686,584472880.6800,7.459000,-7.813900
2025-07-07,42.9879400000,42.9879400000,39.6965200000,41.3422300000,10559086,437174059.0000,5.699100,0.387500
2025-07-08,41.5816060000,41.7212420000,38.2702380000,39.7264420000,10521328,418539663.8100,5.678700,-3.908300
2025-07-09,39.5169880000,40.8435300000,38.1206280000,39.5369360000,9789910,383700627.9300,5.284000,-0.477000
2025-07-10,39.6665980000,39.7663380000,37.1531500000,37.6319020000,7965061,303927881.9600,4.299000,-4.818400
2025-07-11,37.8912260000,40.2450900000,37.6019800000,38.2004200000,9466233,368408413.0900,5.109300,1.510700
2025-07-14,38.8387560000,42.0204620000,38.2502900000,42.0204620000,10948228,442943729.8200,5.909200,10.000000
2025-07-15,41.8908000000,41.8908000000,39.0980800000,40.9432700000,9511530,386229527.8700,5.133700,-2.563500
2025-07-16,40.0555840000,44.9428440000,39.4970400000,43.0876800000,12583462,533593835.9000,6.791800,5.237500
2025-07-17,44.8830000000,47.3964480000,44.3344300000,44.9727660000,17933101,834379126.1200,9.679200,4.375000
2025-07-18,44.8730260000,49.4710400000,43.2472640000,49.4710400000,16234375,763655956.8000,8.762300,10.002200
2025-07-21,49.4710400000,54.4181440000,49.4710400000,54.4181440000,14912887,785732393.3400,8.049000,10.000000
2025-07-22,54.4181440000,59.8340260000,52.3635000000,55.2160640000,18250462,1014091469.3100,9.850400,1.466300
2025-07-23,52.7624600000,58.8466000000,50.9172700000,58.6371460000,16194241,902398012.1700,8.740600,6.195800
2025-07-24,58.7269120000,63.8236260000,57.7494600000,63.8236260000,13925563,848335518.0500,7.516100,8.845000
2025-07-25,62.8362000000,68.6211200000,57.4402660000,57.4402660000,20859872,1337482553.9400,11.258800,-10.001600
2025-07-28,54.3882220000,62.0283060000,53.4805880000,59.9138180000,24875700,1415607950.3000,13.426300,4.306300
2025-07-29,57.8492000000,59.4949100000,54.7173640000,56.2234380000,21506377,1231197911.6100,11.607800,-6.159500
2025-07-30,54.8669740000,56.4029700000,51.7251640000,51.8648000000,18123812,972453515.7100,9.782100,-7.752400
2025-07-31,52.4033960000,57.0512800000,52.4033960000,57.0512800000,20965866,1164795684.7800,11.316100,10.000000
2025-08-01,57.8492000000,62.7564080000,57.7494600000,62.7564080000,11620080,716919488.9500,6.271800,10.000000
2025-08-04,62.1479940000,64.6015980000,57.8492000000,64.5317800000,23454819,1448683090.8300,12.659400,2.829000
2025-08-05,62.1579680000,62.4372400000,58.0786020000,58.4276920000,18349619,1093982803.3200,9.904000,-9.459000
2025-08-06,57.3804220000,60.3427000000,56.6523200000,57.9289920000,14333846,837304379.2300,7.736500,-0.853500
2025-08-07,56.9116440000,58.1484200000,54.9467660000,55.6050500000,12964748,727581597.1700,6.997600,-4.011700
2025-08-08,55.4953360000,57.1011500000,53.9194440000,54.1987160000,14075335,777064356.1500,7.597000,-2.529100
2025-08-11,54.2086900000,57.3604740000,54.0491060000,57.3604740000,15823166,883752374.6600,8.540300,5.833600
2025-08-12,56.7420860000,56.8617740000,52.7425120000,52.8921220000,15834033,855203592.2100,8.546200,-7.789900
2025-08-13,52.7524860000,53.8596000000,51.3661000000,52.4133700000,14653468,769916318.1200,7.909000,-0.905100
2025-08-14,51.8648000000,52.6826680000,51.0668800000,51.1267240000,10138633,525997455.9800,5.472200,-2.454800
2025-08-15,50.3786740000,51.3461520000,47.8752000000,49.5209100000,15342585,756487998.6800,8.281000,-3.140900
2025-08-18,49.3114560000,50.7377380000,49.3114560000,50.3687000000,12133272,607771999.3200,6.548800,1.712000
2025-08-19,50.7676600000,55.3557000000,50.7676600000,54.7173640000,25649817,1372925331.5500,13.844200,8.633700
2025-08-20,50.8773740000,52.8622000000,49.2416380000,49.3214300000,16653853,846997350.0600,8.988700,-9.861500
2025-08-21,48.8726000000,53.3509260000,48.2741600000,51.2264640000,15157726,769061098.9300,8.181200,3.862500
2025-08-22,50.8973220000,51.2164900000,49.7303640000,50.4285440000,8591629,433482147.0400,4.637200,-1.557600
2025-08-25,50.3687000000,55.4753880000,50.0694800000,55.4753880000,13149336,713878448.7600,7.097200,10.007900
2025-08-26,56.6423460000,58.7767820000,52.5530060000,52.7425120000,19103033,1054628378.0500,10.310600,-4.926300
2025-08-27,52.7325380000,53.6601200000,49.9198700000,49.9198700000,12195800,632323288.4000,6.582500,-5.351700
2025-08-28,49.8999220000,50.8773740000,47.2967080000,49.3713000000,12398111,607916268.6400,6.691700,-1.098900
2025-08-29,49.1418980000,50.4185700000,49.0022620000,49.2915080000,7938625,395042283.6500,4.284800,-0.161600
2025-09-01,48.9124960000,51.0968020000,48.2242900000,48.8726000000,12923335,640211719.2600,6.975200,-0.849900
2025-09-02,48.8726000000,48.9723400000,44.4840400000,45.2819600000,14270057,659429854.2900,7.702100,-7.346900
2025-09-03,45.2819600000,47.1072020000,44.8929740000,45.6908940000,9676437,446982353.9900,5.222700,0.903100
2025-09-04,45.4914140000,46.1197760000,42.6089280000,43.6362500000,10950536,486500568.8400,5.910400,-4.496800
2025-09-05,43.2173420000,43.6861200000,42.3396300000,42.5690320000,10504585,451232183.5600,5.669700,-2.445700
2025-09-08,42.3396300000,43.3869000000,41.6414500000,42.1700720000,8521337,362226184.2900,4.599300,-0.937200
2025-09-09,42.0902800000,42.5291360000,40.1952200000,40.7637380000,8660766,357464485.0100,4.674500,-3.334900
2025-09-10,40.8934000000,41.6314760000,40.1752720000,40.3049340000,7702887,314881551.2400,4.157500,-1.125500
2025-09-11,39.7064940000,41.2823860000,38.3699780000,41.2125680000,10325945,417430648.3400,5.573300,2.251900
2025-09-12,41.3821260000,45.3318300000,41.0330360000,45.3318300000,17212557,743679838.2300,9.290300,9.995200
2025-09-15,45.2221160000,45.2221160000,42.8981740000,43.0876800000,16688627,732876715.8900,9.007500,-4.950500
2025-09-16,43.3470040000,44.5638320000,42.8283560000,43.1275760000,12377345,542510068.4200,6.680500,0.092600
2025-09-17,42.6986940000,43.5863800000,40.9432700000,41.1726720000,13326410,557426418.8300,7.192800,-4.532800
2025-09-18,41.3921000000,41.7910600000,39.5668580000,40.0356360000,12906965,527412479.8500,6.966400,-2.761600
2025-09-19,40.1952200000,40.9033740000,38.7689380000,39.2576640000,9711032,384137773.7000,5.241400,-1.943200
2025-09-22,39.7164680000,40.1752720000,38.7988600000,39.2776120000,5178961,203881855.9200,2.795300,0.050800
2025-09-23,39.2476900000,39.3474300000,37.5022400000,38.3101340000,6594654,252868184.0700,3.559400,-2.463200
2025-09-24,38.2901860000,39.4770920000,38.0009400000,39.0482100000,7201915,280632585.5500,3.887100,1.926600
2025-09-25,39.0581840000,40.8934000000,38.5295620000,38.7689380000,12620162,501037053.7000,6.811600,-0.715200
2025-09-26,38.3101340000,38.6991200000,37.5521100000,37.7615640000,7948347,302516984.1200,4.290000,-2.598400
2025-09-29,37.8712780000,37.8912260000,36.9237480000,37.3127340000,6649090,248846871.2400,3.588800,-1.188600
2025-09-30,37.5920060000,38.1006800000,37.1132540000,37.9211480000,5870356,221513225.9800,3.168400,1.630600
2025-10-09,38.1206280000,38.2602640000,37.0135140000,37.3027600000,5697580,213970296.5000,3.075200,-1.630700
2025-10-10,37.5022400000,38.3799520000,37.1631240000,37.7914860000,6936126,263307380.4500,3.743700,1.310200
2025-10-13,36.2554900000,38.8587040000,36.0061400000,38.3600040000,7949623,302642200.8200,4.290700,1.504400
2025-10-14,38.4697180000,39.3773520000,37.2030200000,37.3526300000,8963616,342908009.9000,4.838000,-2.626100
2025-10-15,37.4723180000,41.0928800000,37.4025000000,41.0928800000,12957949,518975865.8300,6.993900,10.013400
2025-10-16,41.8110080000,44.6835200000,41.1926200000,43.6761460000,35291316,1521509412.7000,19.048000,6.286400
2025-10-17,43.2372900000,46.5586320000,41.9705920000,44.7034680000,27677833,1235068013.0700,14.938700,2.352100
2025-10-20,43.4068480000,44.0850800000,40.2949600000,41.5516840000,21483313,899111202.3400,11.595300,-7.050400
2025-10-21,41.3921000000,41.4419700000,38.4796920000,38.8188080000,21069998,828695448.6500,11.372300,-6.577100
2025-10-22,39.4571440000,42.6986940000,39.4571440000,42.6986940000,11072158,466187872.4600,5.976100,9.994900
2025-10-23,43.1275760000,43.1874200000,39.6267020000,40.2051940000,25555165,1050626525.4600,13.793100,-5.839800
2025-10-24,39.4272220000,40.3248820000,38.6492500000,39.0382360000,16981523,667955149.6800,9.165600,-2.902500
2025-10-27,39.3374560000,40.4645180000,39.3374560000,39.5768320000,13953557,555336060.4700,7.531200,1.379700
2025-10-28,39.0881060000,39.2676380000,37.5820320000,37.6917460000,17188237,656970031.6900,9.277100,-4.763100
2025-10-29,37.6019800000,38.1505500000,36.5447360000,37.8313820000,13660832,510355134.7100,7.373300,0.370500
2025-10-30,37.7815120000,37.7914860000,36.0061400000,36.0260880000,12794427,468032362.9200,6.905600,-4.771900
2025-10-31,36.3751780000,39.6267020000,36.2056200000,39.6267020000,20784230,801213218.1400,11.218000,9.994500
2025-11-03,40.7338160000,41.8908000000,39.6267020000,40.9731920000,32063588,1311998307.9100,17.305900,3.397900
2025-11-04,40.5542840000,41.3921000000,39.5768320000,40.7238420000,19612945,792953619.9000,10.585800,-0.608600
2025-11-05,39.9159480000,41.8509040000,38.4996400000,40.0156880000,23656082,953351373.5000,12.768100,-1.738900
2025-11-06,39.4970400000,39.7763120000,38.3101340000,39.1579240000,14324197,559351461.1500,7.731300,-2.143600
2025-11-07,38.9484700000,40.1054540000,37.5521100000,37.6019800000,13946017,538629768.9100,7.527200,-3.973500
2025-11-10,37.6817720000,41.3621780000,37.6019800000,41.3621780000,11698422,478700241.3400,6.314100,10.000000
2025-11-11,41.2923600000,43.7858600000,40.4046740000,42.5291360000,37376074,1573748629.4200,20.173200,2.821300
2025-11-12,42.9081480000,45.8006080000,41.5018140000,43.9454440000,36353417,1591081355.8200,19.621300,3.330200
2025-11-13,43.5764060000,45.2719860000,42.0902800000,44.4241960000,28745022,1268493861.4300,15.514700,1.089400
2025-11-14,43.8856000000,48.7728600000,43.6960940000,46.8778000000,32858199,1511725024.1900,17.734800,5.523100
2025-11-17,46.6783200000,46.6783200000,43.1076280000,43.3170820000,25157587,1112463313.3600,13.578500,-7.595700
2025-11-18,43.7858600000,44.2546380000,41.9705920000,42.5590580000,14920100,639979284.2100,8.052900,-1.749900
2025-11-19,42.2698120000,42.3196820000,40.3348560000,40.8136080000,15380563,634637861.7000,8.301500,-4.101200
2025-11-20,40.8036340000,41.7411900000,40.0456100000,40.2949600000,12207122,499581229.9400,6.588600,-1.270800
2025-11-21,39.2975600000,40.2650380000,38.3001600000,38.3600040000,12065993,471805452.0200,6.512500,-4.802000
2025-11-24,39.0800000000,39.9900000000,37.8900000000,39.0500000000,10003435,388559352.1300,5.399200,1.798700
2025-11-25,39.0800000000,40.7400000000,38.5600000000,39.7900000000,12206480,488211654.3000,6.588300,1.895000
2025-11-26,39.0400000000,40.9600000000,38.5700000000,38.7300000000,15857767,630377621.3500,8.559000,-2.664000
2025-11-27,38.2400000000,38.3100000000,37.0100000000,37.5000000000,14943168,561960005.7000,8.065400,-3.175800
2025-11-28,37.3100000000,37.7000000000,36.1200000000,37.6500000000,12266214,453087584.1000,6.620500,0.400000
2025-12-01,38.0000000000,38.0000000000,37.2000000000,37.8000000000,7683610,289409206.4000,4.147100,0.398400
2025-12-02,37.8100000000,37.9600000000,36.8500000000,36.9700000000,7005186,260057544.8600,3.781000,-2.195800
2025-12-03,37.0000000000,39.0600000000,36.5000000000,38.5300000000,16152819,610278109.6000,8.718300,4.219600
2025-12-04,38.4300000000,39.2900000000,37.1600000000,38.2600000000,13009312,498304044.7000,7.021600,-0.700800
2025-12-05,37.8000000000,38.2100000000,37.5000000000,37.7100000000,7643202,288073435.7000,4.125300,-1.437500
2025-12-08,38.4400000000,38.4400000000,37.5800000000,38.1800000000,7415086,282060095.0200,4.002200,1.246400
2025-12-09,38.1500000000,39.0500000000,37.8300000000,38.2500000000,6923200,265878535.4000,3.736700,0.183300
2025-12-10,38.2000000000,38.2000000000,36.9000000000,37.2300000000,7741000,288852755.0000,4.178100,-2.666700
2025-12-11,37.4400000000,37.5000000000,36.6300000000,36.6500000000,6476475,238739435.0000,3.495600,-1.557900
2025-12-12,36.5700000000,36.5700000000,34.0000000000,34.2200000000,15600502,538275915.4200,8.420200,-6.630300
2025-12-15,34.0000000000,34.0700000000,32.9600000000,32.9600000000,9382500,313766602.0500,5.064100,-3.682100
2025-12-16,32.7800000000,33.9600000000,32.2500000000,33.4100000000,10748613,354907251.3700,5.801400,1.365300
2025-12-17,32.9000000000,32.9000000000,31.4500000000,32.2200000000,11077363,354686344.1500,5.978900,-3.561800
2025-12-18,32.0400000000,33.1000000000,32.0100000000,32.1900000000,7142902,232399620.4000,3.855300,-0.093100
2025-12-19,32.0600000000,33.3000000000,32.0600000000,33.1600000000,9735582,320420018.8000,5.254700,3.013400
2025-12-22,33.0100000000,34.0900000000,32.9000000000,33.5200000000,7214900,242811084.4000,3.894100,1.085600
2025-12-23,33.5400000000,33.7300000000,33.1400000000,33.4100000000,5304800,177307841.5000,2.863200,-0.328200
2025-12-24,33.2000000000,33.9600000000,33.1200000000,33.8700000000,5689770,191110527.9500,3.071000,1.376800
2025-12-25,33.5900000000,34.0700000000,33.1300000000,33.8900000000,6230498,209641402.1400,3.362800,0.059000
2025-12-26,33.7800000000,34.0000000000,33.4900000000,33.8200000000,6999645,236232417.2000,3.778000,-0.206600
2025-12-29,33.5700000000,34.0000000000,33.4600000000,33.8100000000,4710490,158978131.0000,2.542400,-0.029600
2025-12-30,33.5700000000,33.8500000000,33.3500000000,33.6700000000,4640010,156038855.4000,2.504400,-0.414100
2025-12-31,33.6700000000,33.8100000000,33.2400000000,33.5200000000,4799146,160782545.6900,2.590300,-0.445500
2026-01-05,33.5200000000,35.2900000000,33.4700000000,35.2300000000,10665012,371025483.9000,5.756300,5.101400
2026-01-06,35.2300000000,35.3800000000,34.5600000000,34.7800000000,7530771,263051861.1500,4.064600,-1.277300
2026-01-07,34.6100000000,35.2900000000,34.6100000000,34.8500000000,5523110,192947371.2500,2.981000,0.201300
2026-01-08,35.0000000000,35.9800000000,34.9100000000,35.6000000000,8777415,312044041.5500,4.737500,2.152100
2026-01-09,35.3000000000,36.1300000000,35.1000000000,35.8400000000,9774751,347681265.0500,5.275800,0.674200
2026-01-12,35.5300000000,39.4200000000,35.4100000000,38.6600000000,25787873,978562479.6300,13.918700,7.868300
2026-01-13,39.7300000000,41.7500000000,36.9000000000,36.9300000000,22236373,857314519.7600,12.001800,-4.474900
2026-01-14,36.9800000000,37.7200000000,35.9400000000,36.4800000000,13900131,513457506.4300,7.502400,-1.218500
2026-01-15,36.1000000000,36.7700000000,35.5000000000,35.6700000000,7257009,260860291.7300,3.916900,-2.220400
2026-01-16,35.5800000000,35.7300000000,34.6600000000,35.0300000000,6581845,231055548.7500,3.552500,-1.794200
2026-01-19,34.8900000000,35.5600000000,34.7400000000,35.1200000000,5267600,185134910.0000,2.843100,0.256900
2026-01-20,35.0100000000,35.2600000000,34.0000000000,34.2000000000,5565161,191821028.4400,3.003700,-2.619600
2026-01-21,34.0000000000,34.5400000000,33.5100000000,34.2200000000,4307400,147315431.0000,2.324900,0.058500
2026-01-22,34.2300000000,34.5100000000,33.7100000000,33.9400000000,5000894,169789916.6000,2.699200,-0.818200
2026-01-23,34.1800000000,34.9000000000,34.0400000000,34.5100000000,6518196,225357189.1600,3.518100,1.679400
2026-01-26,34.4000000000,34.7100000000,33.5100000000,33.8000000000,7701446,261409178.7300,4.156800,-2.057400
2026-01-27,33.8600000000,33.9900000000,32.3900000000,33.0000000000,6593460,216370595.3200,3.558700,-2.366900
2026-01-28,33.0200000000,33.1600000000,32.3300000000,32.4000000000,4371780,142640384.4800,2.359600,-1.818200
2026-01-29,32.1700000000,32.5600000000,31.7100000000,31.9900000000,4383141,140960999.0200,2.365700,-1.265400
2026-01-30,32.6000000000,32.9900000000,31.7800000000,32.1000000000,6273791,202046722.9100,3.386200,0.343900
2026-02-02,31.9900000000,32.5600000000,31.7000000000,31.8200000000,5410395,174122345.2500,2.920200,-0.872300
2026-02-03,31.8200000000,32.1600000000,31.7200000000,32.1600000000,4003454,127824316.0800,2.160800,1.068500
2026-02-04,31.9500000000,32.7600000000,31.8800000000,32.6900000000,4950200,160095497.9700,2.671800,1.648000
2026-02-05,32.4300000000,33.1600000000,32.3200000000,32.6400000000,6129133,200348017.3800,3.308100,-0.153000
2026-02-06,32.5000000000,33.2600000000,32.3200000000,32.7000000000,7316633,240587572.6900,3.949100,0.183800
2026-02-09,32.3600000000,32.8400000000,32.3100000000,32.7000000000,4282266,139618600.5600,2.311300,0.000000
2026-02-10,32.6900000000,33.3600000000,32.4500000000,32.7700000000,4737723,155941969.6600,2.557100,0.214100
2026-02-11,32.6000000000,33.2800000000,32.6000000000,32.6000000000,4250127,139623955.9600,2.294000,-0.518800
2026-02-12,32.8000000000,32.8400000000,32.1900000000,32.3100000000,3529950,114495469.0000,1.905200,-0.889600
2026-02-13,32.6500000000,32.7900000000,31.9300000000,31.9800000000,3380103,109335584.1400,1.824400,-1.021400
2026-02-24,32.0700000000,32.3200000000,31.8700000000,32.1800000000,3800482,122039904.1600,2.051300,0.625400
2026-02-25,32.1600000000,32.5400000000,32.0800000000,32.4600000000,3287500,106397862.0000,1.774400,0.870100
2026-02-26,32.6200000000,32.7700000000,32.0100000000,32.0600000000,4298200,138491854.3200,2.319900,-1.232300
2026-02-27,31.9700000000,32.3800000000,31.8200000000,32.3700000000,3634922,117081549.4300,1.961900,0.966900
2026-03-02,32.0000000000,32.0000000000,30.7100000000,30.8800000000,6809571,211945720.3500,3.675400,-4.603000
2026-03-03,31.1200000000,31.4700000000,29.8800000000,29.9100000000,6108725,186033063.0800,3.297100,-3.141200
2026-03-04,29.8000000000,30.0700000000,29.4200000000,29.6200000000,4132788,122578317.7900,2.230600,-0.969600
2026-03-05,30.0300000000,30.2000000000,29.6700000000,29.9200000000,3264710,97726200.7000,1.762100,1.012800
2026-03-06,29.8000000000,30.8000000000,29.7500000000,30.7300000000,4436515,135658731.5000,2.394600,2.707200
2026-03-09,30.4200000000,30.7500000000,30.0000000000,30.4200000000,3329100,100976413.0000,1.796800,-1.008800
2026-03-10,30.7000000000,31.1300000000,30.5000000000,31.0200000000,3646162,112685064.1800,1.968000,1.972400
2026-03-11,31.0500000000,31.1800000000,30.8300000000,30.9500000000,2510500,77763059.0000,1.355000,-0.225700
2026-03-12,30.9400000000,30.9500000000,30.3000000000,30.4200000000,2811473,85794945.3100,1.517500,-1.712400
2026-03-13,30.3000000000,30.9800000000,30.1200000000,30.5000000000,3797176,116147715.5200,2.049500,0.263000
2026-03-16,30.5000000000,30.7900000000,30.1500000000,30.4800000000,3303910,100545138.2000,1.783200,-0.065600
2026-03-17,30.4800000000,31.0500000000,30.1200000000,30.1500000000,3504369,107126777.9000,1.891400,-1.082700
2026-03-18,30.1000000000,30.5700000000,29.9200000000,30.5100000000,2821500,85269707.0000,1.522900,1.194000
2026-03-19,30.2000000000,30.4300000000,29.6500000000,29.8100000000,3031500,90914294.5500,1.636200,-2.294300
2026-03-20,29.8100000000,30.2000000000,29.0100000000,29.0100000000,3025500,89265079.5400,1.633000,-2.683700
2026-03-23,28.4400000000,28.8000000000,27.3100000000,27.3800000000,5031920,141102268.2000,2.715900,-5.618800
2026-03-24,27.8600000000,28.8400000000,27.8600000000,28.8000000000,5506114,156326199.5200,2.971900,5.186300
2026-03-25,28.8100000000,29.2900000000,28.6100000000,29.1600000000,3470251,100996757.0600,1.873000,1.250000
2026-03-26,29.2800000000,29.8800000000,28.9300000000,29.1200000000,3252496,95434226.0000,1.755500,-0.137200
2026-03-27,28.8900000000,31.9000000000,28.7000000000,31.1600000000,16501568,510045206.8500,8.906500,7.005500
2026-03-30,30.6100000000,32.0000000000,30.6100000000,31.2900000000,13730626,431692064.9100,7.410900,0.417200
2026-03-31,31.1100000000,32.2800000000,31.0000000000,31.7100000000,16004122,508487550.4200,8.638000,1.342300
2026-04-01,31.7200000000,34.8800000000,31.7200000000,34.8800000000,21691006,727249671.0500,11.707400,9.996800
2026-04-02,35.8000000000,38.0000000000,34.2400000000,36.4900000000,44429386,1597774860.2700,23.980200,4.615800
2026-04-03,35.0000000000,35.4700000000,33.4900000000,33.5500000000,29129573,1001786074.4200,15.722300,-8.057000
2026-04-07,33.0100000000,34.7600000000,31.6100000000,33.7600000000,26390433,878526331.4100,14.243900,0.625900
2026-04-08,34.2300000000,34.4500000000,32.5800000000,32.9200000000,25726006,853427537.2900,13.885300,-2.488200
2026-04-09,32.6000000000,33.1300000000,30.5100000000,31.2200000000,24113504,764275336.4500,13.014900,-5.164000
2026-04-10,30.5600000000,31.4900000000,29.8800000000,31.0400000000,15741987,483421791.0500,8.496500,-0.576600
2026-04-13,31.0700000000,31.0800000000,29.7100000000,29.8700000000,12371954,371547220.7000,6.677600,-3.769300
2026-04-14,29.9000000000,30.4800000000,29.5100000000,30.4600000000,10381960,311334666.2100,5.603500,1.975200
2026-04-15,31.6600000000,32.4900000000,30.7100000000,32.3600000000,22765133,720899911.8300,12.287200,6.237700
2026-04-16,31.6100000000,35.6000000000,31.4300000000,35.6000000000,19412936,672459641.5400,10.477900,10.012400
2026-04-17,35.9600000000,39.1600000000,35.8700000000,39.1600000000,39683450,1503537971.0200,21.418600,10.000000
2026-04-20,42.1000000000,43.0800000000,38.3200000000,39.8000000000,60573907,2482731097.2700,32.694000,1.634300
2026-04-21,39.2900000000,40.9900000000,37.7600000000,39.1200000000,31792863,1244902425.1300,17.159800,-1.708500
2026-04-22,39.0000000000,40.4400000000,38.0700000000,39.7800000000,27588473,1081851814.8000,14.890500,1.687100
2026-04-23,39.5000000000,40.9000000000,38.6200000000,39.2000000000,25096590,996220786.5300,13.545600,-1.458000
2026-04-24,39.0000000000,40.5500000000,38.0700000000,39.9000000000,24752933,974213331.7700,13.360100,1.785700
2026-04-27,42.5000000000,42.9800000000,35.9100000000,36.3300000000,36442214,1389215012.5700,19.669200,-8.947400
2026-04-28,36.3300000000,36.8200000000,35.2000000000,35.3500000000,19961475,713051744.2500,10.773900,-2.697500
2026-04-29,35.1500000000,35.3500000000,34.1500000000,34.1700000000,15379605,531794501.6100,8.301000,-3.338000
2026-04-30,33.9500000000,34.2800000000,32.8800000000,33.0800000000,11604082,386014522.2600,6.263200,-3.189900
