date,open,high,low,close,volume,amount,turn,pctChg
2010-01-04,3311.7280,3316.1240,3276.2270,3276.2270,15678338932,206969543774.3800,0.011590,-0.599716
2010-01-05,3283.1590,3309.1450,3245.8610,3305.7480,18735007038,254908350559.5000,0.013848,0.901044
2010-01-06,3301.4770,3327.4820,3288.7060,3289.3480,18338137527,250322871023.3200,0.013555,-0.496103
2010-01-07,3287.4940,3299.9600,3208.0000,3224.5500,18508135695,248013424887.0900,0.013681,-1.969923
2010-01-08,3210.6490,3244.4500,3189.2040,3243.8940,14506975928,192485588492.2000,0.010722,0.599905
2010-01-11,3319.9930,3324.2170,3237.4740,3253.6660,19480668908,267378004726.3000,0.014190,0.301235
2010-01-12,3248.8250,3309.5320,3224.0360,3309.4900,20686345097,277368422153.2700,0.015066,1.715710
2010-01-13,3233.6600,3284.8770,3220.9580,3229.3180,23207301147,310508922201.0200,0.016900,-2.422485
2010-01-14,3238.7390,3289.2400,3230.6640,3289.1730,20829995688,277015170536.1500,0.015168,1.853502
2010-01-15,3293.0420,3316.7280,3276.7330,3306.3810,18370355852,246951795398.4600,0.013373,0.523171
2010-01-18,3298.7230,3335.3670,3288.1040,3335.2320,19913220738,265788957344.4000,0.014495,0.872573
2010-01-19,3340.1060,3353.7000,3324.8310,3338.7500,19426893460,258820323333.6300,0.014139,0.105504
2010-01-20,3341.4060,3343.3770,3219.1250,3226.4490,23472402004,305693542782.1100,0.017081,-3.363587
2010-01-21,3226.8660,3257.8910,3200.3930,3241.1480,16493623159,214773281806.7000,0.012002,0.455600
2010-01-22,3201.3240,3220.0050,3119.4500,3184.4340,19519017733,246658112644.7700,0.014201,-1.749830
2010-01-25,3159.5120,3191.6500,3141.2800,3143.1860,11721807719,147223901571.0300,0.008512,-1.295302
2010-01-26,3144.9110,3158.5140,3029.1370,3051.1280,13714733258,170758924625.6900,0.009956,-2.928807
2010-01-27,3050.2250,3065.3230,2998.7160,3016.4830,11303125416,142675129881.1600,0.008204,-1.135466
2010-01-28,3013.6640,3045.3230,2996.1420,3036.1700,10578475300,134791224611.8400,0.007677,0.652632
2010-01-29,3021.3400,3082.1250,3009.8330,3044.2790,12266962974,155992248864.2100,0.008901,0.267084
2010-02-01,3037.7370,3037.7370,2965.4420,3001.3950,13359854480,169555403712.7500,0.009693,-1.408684
2010-02-02,3014.6570,3050.5080,2988.2610,2990.9970,12062787002,152954043650.7100,0.008750,-0.346429
2010-02-03,2999.6100,3057.6130,2925.8620,3057.3350,15237961466,190293077215.3300,0.011051,2.217919
2010-02-04,3037.5420,3084.5500,3022.6700,3061.8450,15353993781,186844989218.0700,0.011135,0.147530
2010-02-05,2996.0510,3030.6140,2976.6960,3000.1110,15290386498,184145521444.7300,0.011080,-2.016247
2010-02-08,2996.9780,3016.0760,2983.0970,2998.9430,9845426416,120370387965.3400,0.007134,-0.038931
2010-02-09,2994.1280,3020.5800,2990.8210,3009.7530,9228369732,108998539549.9300,0.006687,0.360454
2010-02-10,3030.2180,3051.1850,3021.7310,3051.0790,8391511592,109385527745.4100,0.006080,1.373075
2010-02-11,3052.6840,3068.9630,3044.5340,3051.5030,8356594422,105458257123.2400,0.006054,0.013907
2010-02-12,3062.6260,3087.2870,3061.0160,3086.0940,8218365636,108171864224.9300,0.005956,1.133566
2010-02-22,3083.6380,3102.0120,3072.3380,3077.0660,9973302310,124934309847.4700,0.007225,-0.292556
2010-02-23,3070.8470,3070.8470,3012.6150,3067.2090,11955611113,153121177272.8700,0.008661,-0.320335
2010-02-24,3049.5100,3120.2520,3037.9030,3120.1810,14418362598,177594243411.4500,0.010445,1.727040
2010-02-25,3127.0900,3170.2730,3125.6200,3168.5520,17999248920,227059957642.9400,0.013038,1.550258
2010-02-26,3161.9340,3180.3480,3150.7450,3163.9460,15323065449,195099225898.7900,0.011097,-0.145349
2010-03-01,3169.2500,3208.9150,3168.9330,3203.9840,17010554603,215946040666.5600,0.012296,1.265455
2010-03-02,3206.4260,3217.0710,3183.3790,3197.3380,16745192626,212401141203.4500,0.012101,-0.207444
2010-03-03,3197.6990,3227.2710,3184.8960,3226.8750,18239513494,228094436290.8000,0.013157,0.923811
2010-03-04,3229.6780,3238.3670,3125.9230,3132.9500,19943839163,248694774964.0700,0.014386,-2.910720
2010-03-05,3134.9360,3159.5210,3117.5330,3143.1050,13823868609,170753249873.9600,0.009970,0.324152
2010-03-08,3151.0380,3178.9560,3143.8760,3171.9750,12293351902,153559016965.3000,0.008865,0.918491
2010-03-09,3170.9770,3198.2940,3142.6470,3185.0860,14140389072,177321227357.0700,0.010195,0.413341
2010-03-10,3183.5570,3197.6700,3139.8460,3155.5000,12916247021,162854782545.7000,0.009312,-0.928867
2010-03-11,3155.2330,3172.6790,3120.3380,3147.6310,11990396284,155210771354.7100,0.008642,-0.249386
2010-03-12,3146.9950,3154.6330,3102.8090,3104.0580,11055140599,144920844526.3200,0.007966,-1.384311
2010-03-15,3101.0840,3105.7070,3051.8330,3065.5290,9592852860,124245250067.9200,0.006900,-1.241240
2010-03-16,3065.2900,3088.0640,3050.8800,3088.0640,8867327179,114052765872.6200,0.006374,0.735107
2010-03-17,3096.0710,3160.9440,3092.4680,3160.9440,13210328642,171178893492.3300,0.009493,2.360043
2010-03-18,3165.3980,3182.2480,3147.5870,3160.5300,13889879216,179057072009.4700,0.009979,-0.013099
2010-03-19,3162.8040,3186.6990,3146.0720,3184.7920,13478216442,172049003796.4700,0.009676,0.767647
2010-03-22,3188.3440,3200.5030,3179.4290,3197.9360,14365970530,182917994457.1300,0.010313,0.412736
2010-03-23,3199.5000,3202.6520,3168.7020,3174.6410,13860657162,179926396414.6600,0.009947,-0.728444
2010-03-24,3179.4840,3193.7690,3174.6450,3181.8780,13832021425,181463642756.0700,0.009924,0.227957
2010-03-25,3175.8210,3175.8210,3132.4910,3139.4040,14077207099,185298705185.3900,0.010098,-1.334868
2010-03-26,3134.8020,3188.7280,3128.1200,3181.6810,13319451291,174720832978.1100,0.009551,1.346668
2010-03-29,3197.3870,3240.9670,3196.6310,3240.9120,18145791458,236512477411.1100,0.013006,1.861601
2010-03-30,3241.5560,3256.6860,3232.2020,3252.5570,14936407207,203576650787.0700,0.010702,0.359321
2010-03-31,3253.7170,3254.0180,3235.6390,3244.9580,14973313863,204054295071.2300,0.010724,-0.233620
2010-04-01,3247.6910,3291.6440,3247.6910,3291.1590,19125944220,258689133164.3400,0.013681,1.423761
2010-04-02,3296.5630,3307.9270,3287.4240,3303.5430,18589396506,248489351001.6600,0.013296,0.376304
2010-04-06,3315.6690,3323.5490,3285.5520,3306.2750,17575346893,238455192925.4000,0.012564,0.082690
2010-04-07,3304.0830,3308.6850,3280.0770,3299.4740,15576399299,215411153334.9300,0.011131,-0.205701
2010-04-08,3293.9780,3299.1850,3264.5340,3274.5310,17302814697,242520123170.4000,0.012364,-0.755958
2010-04-09,3275.5180,3312.9960,3274.2560,3312.9960,16075540442,227126915410.4700,0.011483,1.174660
2010-04-12,3321.9680,3326.6250,3283.8800,3308.2000,21120284904,294916303658.5700,0.015074,-0.144753
2010-04-13,3307.8670,3334.3440,3240.1670,3312.3780,22216418128,318861408647.2500,0.015849,0.126292
2010-04-14,3311.3570,3334.3120,3298.9060,3334.0780,16642672121,234498004413.4000,0.011870,0.655102
2010-04-15,3335.3470,3340.1760,3283.7560,3310.9540,16757715540,235336875119.6200,0.011942,-0.693558
2010-04-16,3302.8640,3311.3760,3270.5030,3285.6330,12742789882,175513676633.3200,0.009065,-0.764758
2010-04-19,3248.5920,3248.5920,3125.8400,3126.5410,19721561555,260664326342.8700,0.014010,-4.842059
2010-04-20,3124.0390,3145.3120,3078.1690,3139.2120,16138983891,216659615517.4400,0.011463,0.405269
2010-04-21,3143.1180,3214.8660,3140.2050,3214.0210,18429912444,254676175987.6500,0.013086,2.383069
2010-04-22,3202.4860,3225.8640,3168.1670,3196.5650,19097444705,266339275438.6000,0.013560,-0.543130
2010-04-23,3192.3560,3218.1380,3162.3780,3178.8760,16539637081,238133843615.7200,0.011745,-0.553382
2010-04-26,3182.4360,3194.0080,3160.8880,3166.3030,14175945929,203562248007.6200,0.010055,-0.395502
2010-04-27,3156.8510,3156.8510,3043.5460,3095.3350,16515539004,220604044840.1200,0.011701,-2.241352
2010-04-28,3063.4690,3109.3730,3046.4630,3081.0200,12707330339,174909879774.2500,0.008848,-0.462484
2010-04-29,3094.5020,3111.7770,3020.9120,3021.2150,13549291295,186397565070.1200,0.009430,-1.941084
2010-04-30,3016.2990,3021.8970,2939.5610,2993.3200,13519253130,176121206651.4400,0.009402,-0.923289
2010-05-04,2939.7860,2996.1900,2921.4200,2962.5760,9919911455,129168361459.6100,0.006863,-1.027108
2010-05-05,2928.9460,3008.9060,2910.9760,3008.6770,13943967495,182686577762.2700,0.009640,1.556106
2010-05-06,2995.7290,2995.7290,2888.0890,2889.2080,13955129440,187719733346.3300,0.009645,-3.970799
2010-05-07,2825.4360,2891.4160,2810.3010,2835.4490,13616254664,177379347103.1500,0.009402,-1.860676
2010-05-10,2837.2730,2861.6540,2767.1740,2826.8500,12408582323,158967120264.2600,0.008561,-0.303272
2010-05-11,2881.9260,2889.2050,2752.0540,2760.4470,13103858059,163912786985.6900,0.009039,-2.349013
2010-05-12,2738.5380,2781.4800,2695.0880,2746.5790,12082771749,144718032469.3000,0.008330,-0.502397
2010-05-13,2746.5010,2815.6240,2724.3160,2815.6240,12248834987,145520472118.9200,0.008432,2.513879
2010-05-14,2795.2200,2829.4310,2782.0940,2810.2080,10921462799,135164990684.4700,0.007510,-0.192356
2010-05-17,2772.3480,2772.3480,2648.4280,2649.3230,12127672581,140930111621.9100,0.008273,-5.725021
2010-05-18,2642.3000,2704.4940,2606.1600,2696.2790,12402753391,139373739636.5900,0.008458,1.772379
2010-05-19,2676.0500,2732.9260,2651.7710,2693.2610,10856113353,131151012177.8300,0.007402,-0.111953
2010-05-20,2670.8660,2723.8170,2645.9990,2651.5760,10146238448,122684027612.3100,0.006915,-1.547736
2010-05-21,2580.4460,2698.2990,2569.9270,2698.2990,12744617169,147823313169.9100,0.008685,1.762071
2010-05-24,2718.5270,2816.1760,2718.5270,2808.7520,17286961104,209041328174.9500,0.011768,4.093427
2010-05-25,2788.5270,2800.2630,2745.4260,2766.2890,14244458255,172421927815.7900,0.009691,-1.511815
2010-05-26,2763.1450,2789.9750,2748.4850,2768.9790,10567678055,129184126751.5100,0.007184,0.097258
2010-05-27,2763.6250,2824.2450,2729.5310,2817.9010,13518129503,164376732601.6200,0.009184,1.766784
2010-05-28,2842.5120,2850.0900,2799.9750,2817.3330,13653293221,170676716691.3900,0.009272,-0.020135
2010-05-31,2803.3150,2827.1050,2737.3950,2737.3950,12334356052,152713877704.5900,0.008374,-2.837389
2010-06-01,2715.4270,2738.9640,2656.0040,2699.5440,11726409885,140473019731.1500,0.007954,-1.382732
2010-06-02,2685.8840,2723.9920,2657.5540,2723.8720,10043602812,120105621754.1200,0.006806,0.901203
2010-06-03,2734.9980,2759.2850,2704.2380,2704.6360,11104616297,137020663672.2400,0.007525,-0.706213
2010-06-04,2688.9190,2723.5840,2681.1710,2719.8930,9247662177,111738606384.1400,0.006264,0.564099
2010-06-07,2666.9340,2703.7310,2657.8810,2690.1960,10690282285,134645717664.2200,0.007238,-1.091827
2010-06-08,2687.5090,2718.7120,2671.1980,2703.3890,10367281812,132082482700.0300,0.007002,0.490396
2010-06-09,2715.1150,2782.0790,2698.7370,2779.8410,15158325553,183491736860.2400,0.010231,2.828012
2010-06-10,2759.1210,2789.4390,2751.9990,2764.8030,13139902103,155121243812.1600,0.008823,-0.540969
2010-06-11,2778.4250,2790.0000,2761.5190,2764.0990,11265623049,140379732896.4200,0.007561,-0.025449
2010-06-17,2781.8520,2789.7290,2739.1430,2739.3560,9123606284,117694003447.4000,0.006118,-0.895171
2010-06-18,2734.0500,2742.0080,2654.0930,2666.6710,11059694165,134683437094.8500,0.007413,-2.653345
2010-06-21,2665.6410,2747.3050,2648.2470,2747.3050,12325443347,140342906608.3700,0.008246,3.023771
2010-06-22,2741.5070,2768.4860,2735.4310,2757.5860,10683486297,122328891440.2400,0.007147,0.374204
2010-06-23,2742.8460,2767.0530,2710.0620,2739.3480,9844086804,115987580483.5300,0.006567,-0.661359
2010-06-24,2736.5690,2761.7260,2723.3780,2740.7960,8036939566,95130790624.2400,0.005344,0.052859
2010-06-25,2728.5760,2737.8700,2688.2140,2710.5340,8439790820,98938003282.6500,0.005611,-1.104148
2010-06-28,2707.8140,2720.1270,2673.2190,2681.1360,7118165653,84487245709.3900,0.004727,-1.084581
2010-06-29,2681.3620,2688.2970,2546.8440,2546.9890,11698517210,128146405797.7200,0.007765,-5.003355
2010-06-30,2524.8810,2526.4960,2489.4980,2513.8400,8847074684,93695876392.0000,0.005873,-1.301514
2010-07-01,2509.5920,2527.7220,2477.5610,2479.0060,8147720793,86680444560.3400,0.005408,-1.385698
2010-07-02,2475.9240,2484.6820,2393.5060,2477.1200,10833543305,112772527055.2000,0.007185,-0.076049
2010-07-05,2449.4940,2475.0360,2422.5100,2459.5370,7828780734,80585343539.0400,0.005190,-0.709816
2010-07-06,2453.0310,2516.7380,2451.5990,2516.7380,9888034078,103217612499.8800,0.006552,2.325659
2010-07-07,2517.1440,2541.3400,2505.5020,2541.3400,9383797717,100080247825.7100,0.006218,0.977547
2010-07-08,2551.2580,2560.3190,2518.6060,2535.0400,9059123463,97584238383.7900,0.006001,-0.247912
2010-07-09,2536.6890,2616.8880,2518.2170,2605.6380,13807462851,149660782809.6200,0.009145,2.784903
2010-07-12,2606.1710,2645.7450,2597.6830,2634.0900,13595012228,148973392916.3800,0.008992,1.091936
2010-07-13,2610.7670,2610.7670,2574.5300,2595.0580,11149186983,121936785449.0800,0.007366,-1.481801
2010-07-14,2600.0730,2643.7270,2600.0730,2615.2730,11664624134,127402469038.1500,0.007704,0.778993
2010-07-15,2611.1750,2637.3290,2563.7430,2563.8160,10561557136,112328798369.5100,0.006955,-1.967577
2010-07-16,2551.9440,2578.5500,2525.7600,2573.8830,9025494133,95421032955.3300,0.005938,0.392672
2010-07-19,2549.9440,2642.9050,2542.1660,2635.9040,12139328296,133701014281.2800,0.007970,2.409608
2010-07-20,2639.8200,2703.4420,2639.8200,2700.9710,17485856257,193333794852.2000,0.011461,2.468485
2010-07-21,2703.3080,2728.0890,2693.3380,2706.8440,17040758123,186538844438.9100,0.011168,0.217433
2010-07-22,2698.3270,2743.3350,2694.6850,2743.3350,15107853880,164001756868.0100,0.009901,1.348118
2010-07-23,2747.9500,2761.0490,2723.6850,2751.3500,15269619355,172104810270.7500,0.010006,0.292168
2010-07-26,2756.2340,2776.9290,2739.7560,2776.9290,14150102673,159817077079.9700,0.009263,0.929684
2010-07-27,2770.4660,2781.4700,2755.1110,2767.6900,13414031083,155068573577.9200,0.008777,-0.332697
2010-07-28,2765.8730,2832.6330,2755.5870,2831.5960,19181971945,211799997123.4100,0.012545,2.308984
2010-07-29,2835.7000,2853.5540,2818.4030,2847.6020,21430535620,225921787392.9000,0.014015,0.565277
2010-07-30,2841.2130,2847.4370,2813.3550,2841.6970,15445562997,173105784847.1100,0.010101,-0.207360
2010-08-02,2841.3300,2893.6990,2841.3300,2892.2240,17991691100,201578804183.2400,0.011765,1.778061
2010-08-03,2898.9590,2903.5520,2843.0830,2843.0830,19994605436,226839762713.8300,0.013071,-1.699085
2010-08-04,2834.3220,2862.4770,2799.1410,2862.4770,17675965439,198990377302.7100,0.011555,0.682140
2010-08-05,2861.2640,2877.4210,2833.7570,2853.4370,17964104747,206017877998.2000,0.011741,-0.315820
2010-08-06,2850.1060,2903.7480,2825.9340,2903.7480,19397482247,224222912567.2500,0.012677,1.763191
2010-08-09,2902.2220,2934.5540,2897.8270,2932.2480,19196598203,230188860250.3300,0.012537,0.981499
2010-08-10,2933.1120,2936.5560,2837.6190,2837.7520,19960843990,234164664202.2500,0.013035,-3.222650
2010-08-11,2827.5930,2872.4660,2827.4610,2861.8700,13936282177,164137451331.0900,0.009091,0.849887
2010-08-12,2832.9100,2873.4090,2821.0510,2827.8040,15175487753,179052944730.8700,0.009899,-1.190321
2010-08-13,2829.0370,2872.6920,2810.9910,2872.6910,14241888996,166813424734.7900,0.009288,1.587317
2010-08-16,2869.5850,2942.9970,2863.5790,2938.1870,19365049845,230550801149.5700,0.012619,2.279948
2010-08-17,2943.8570,2967.4710,2935.0080,2960.3470,19146590433,230413157294.2800,0.012470,0.754237
2010-08-18,2963.2900,2974.9780,2936.9320,2956.6100,18332626814,223062516736.5900,0.011935,-0.126254
2010-08-19,2958.2310,2988.1950,2943.2890,2968.4190,19187921613,237494165084.8500,0.012492,0.399429
2010-08-20,2956.2230,2961.7050,2902.0980,2909.4800,18382994541,223339809464.8000,0.011942,-1.985558
2010-08-23,2907.1850,2932.7990,2905.5150,2917.7070,14125656195,174232050600.6600,0.009173,0.282767
2010-08-24,2914.5060,2955.8260,2891.9860,2941.2530,16512220923,193929194505.3900,0.010723,0.807000
2010-08-25,2923.6720,2936.9110,2875.7090,2877.2450,16782769389,195640660486.2600,0.010897,-2.176218
2010-08-26,2885.1090,2903.4100,2870.5240,2889.1820,13305660394,159105794171.5000,0.008633,0.414876
2010-08-27,2886.1690,2906.0540,2873.4360,2903.0050,11491622082,145869772138.2300,0.007444,0.478448
2010-08-30,2918.1080,2970.2770,2918.1080,2968.3070,17554231765,225634165637.5400,0.011366,2.249462
2010-08-31,2958.8930,2979.9070,2951.4750,2972.2920,18425760444,242394642266.3500,0.011929,0.134272
2010-09-01,2975.9880,2992.4250,2915.4030,2945.1360,21017954382,266620906029.7700,0.013607,-0.913638
2010-09-02,2971.2790,3000.6940,2960.0510,2993.2200,20279022204,262431053903.4000,0.013128,1.632632
2010-09-03,2998.1870,3009.3510,2969.0560,3003.3860,21059671064,275608442540.8200,0.013632,0.339643
2010-09-06,3017.8150,3037.5260,3003.5880,3031.4080,22689149040,287484160629.3700,0.014683,0.933013
2010-09-07,3032.8700,3043.9380,3014.1050,3043.9380,18062521648,222347087720.9100,0.011687,0.413324
2010-09-08,3030.8650,3054.4830,3019.9070,3052.8340,18383716206,238576601578.3100,0.011895,0.292269
2010-09-09,3059.2770,3059.3370,3000.2490,3004.7850,21781465701,283380977920.1600,0.014093,-1.573901
2010-09-10,3004.6430,3025.8110,2966.7180,3021.6040,18533335638,243874259020.3800,0.011991,0.559719
2010-09-13,3024.6480,3071.1100,3019.2520,3062.0410,18922447002,252927696750.9600,0.012241,1.338255
2010-09-14,3069.5150,3081.5200,3055.3150,3068.3360,19479048298,255879032591.6500,0.012599,0.205603
2010-09-15,3067.6860,3067.6860,3006.0440,3014.6770,19225973936,246803850400.8200,0.012440,-1.748804
2010-09-16,3009.9020,3020.6180,2924.4010,2951.3960,18615548683,230082723046.8400,0.012037,-2.099089
2010-09-17,2956.8630,2973.6080,2937.7390,2953.0630,13478219196,171431852334.0900,0.008714,0.056481
2010-09-20,2956.2680,2962.2940,2913.9110,2931.8580,12702388471,157478271988.0700,0.008199,-0.718062
2010-09-21,2939.0360,2947.9680,2916.9760,2932.7060,9368699803,120607582433.3400,0.006044,0.028904
2010-09-27,2945.6780,2993.2360,2942.4090,2993.1740,12014710041,156184099955.3300,0.007734,2.061859
2010-09-28,2989.4670,2994.4890,2968.5210,2974.5370,13960628192,190172748576.1300,0.008986,-0.622665
2010-09-29,2970.6040,2989.4930,2946.2480,2954.2550,13363519885,177713234790.9600,0.008593,-0.681829
2010-09-30,2938.2710,3009.1120,2934.7520,3009.0810,13191502168,172040424671.6000,0.008482,1.855829
2010-10-08,3035.7360,3113.5820,3033.9400,3102.1650,19986207660,269714335314.3100,0.012843,3.093419
2010-10-11,3120.3050,3179.4610,3120.3050,3157.6040,30402876480,408708863308.8000,0.019348,1.787114
2010-10-12,3146.4750,3185.7140,3133.0960,3185.7130,25376588808,348328225536.2600,0.016149,0.890204
2010-10-13,3187.9570,3220.4710,3170.0980,3218.9170,28792320982,383293076937.6800,0.018322,1.042266
2010-10-14,3237.4560,3252.5990,3180.4550,3184.4380,32625064362,421349644898.5200,0.020752,-1.071129
2010-10-15,3165.8480,3246.2290,3159.0050,3246.2290,33183070024,429856060997.3300,0.021099,1.940421
2010-10-18,3257.7720,3274.0550,3182.9900,3217.7940,37057947146,463851407948.4200,0.023559,-0.875964
2010-10-19,3213.5920,3297.4700,3202.3400,3297.4700,25299289497,325395068057.9000,0.016073,2.476122
2010-10-20,3231.6630,3348.2020,3226.1680,3315.6250,31046541270,428297825443.8200,0.019721,0.550574
2010-10-21,3322.3890,3333.6100,3280.1640,3311.1210,24902497416,342066632286.3700,0.015815,-0.135861
2010-10-22,3306.0360,3347.1150,3293.9700,3326.3270,23992478650,337032475306.4100,0.015189,0.459242
2010-10-25,3335.5340,3419.6930,3325.4050,3419.6930,30039526730,426611000787.3300,0.019015,2.806894
2010-10-26,3428.5600,3432.7270,3389.2760,3420.2160,30908302623,438460975105.4600,0.019565,0.015278
2010-10-27,3410.8620,3445.3580,3365.1750,3372.9770,27988987213,395944995989.7400,0.017716,-1.381171
2010-10-28,3360.5210,3390.1920,3344.3400,3372.9350,22226542843,318297881223.8300,0.014069,-0.001230
2010-10-29,3375.0110,3392.9720,3343.8170,3377.8070,22925847595,337629162892.6800,0.014506,0.144439
2010-11-01,3388.3280,3471.0140,3388.3280,3471.0140,28949986067,433576978533.0700,0.018304,2.759395
2010-11-02,3480.4980,3515.2770,3456.8430,3458.3810,34531233002,518557438884.2600,0.021802,-0.363966
2010-11-03,3455.1500,3469.1850,3413.6590,3414.1250,27578751163,397136782091.7900,0.017412,-1.279677
2010-11-04,3417.8530,3481.6370,3414.6420,3481.5620,26136400013,373518197186.7700,0.016501,1.975236
2010-11-05,3527.6360,3539.8910,3503.1750,3526.5250,30869192226,440815251052.6200,0.019470,1.291479
2010-11-08,3540.4430,3574.8390,3525.7660,3574.7350,30937772791,432658309162.4000,0.017706,1.367060
2010-11-09,3575.1780,3575.1780,3540.8800,3569.0800,29805365136,422754705638.1300,0.017056,-0.158188
2010-11-10,3556.1090,3572.5790,3532.6980,3562.2840,28620645414,427532566317.3800,0.016377,-0.190417
2010-11-11,3551.3060,3620.5440,3547.4090,3555.8210,32313924941,487858385036.2900,0.018304,-0.181432
2010-11-12,3532.8140,3546.5810,3330.5530,3338.9270,35696528016,506178390541.4000,0.020219,-6.099690
2010-11-15,3343.9700,3394.3060,3303.6670,3393.6660,23092411510,334083823895.3700,0.013073,1.639434
2010-11-16,3392.6970,3394.4720,3241.3990,3262.4700,25999488971,379052019685.9200,0.014721,-3.865902
2010-11-17,3215.3120,3252.0730,3153.8790,3170.2390,18930562254,273477493959.9100,0.010706,-2.827036
2010-11-18,3196.6600,3222.1960,3156.3510,3215.7670,15482796170,220889382271.8300,0.008756,1.436101
2010-11-19,3234.1090,3275.4470,3171.7400,3275.4470,19378455300,282576802045.5000,0.010959,1.855846
2010-11-22,3249.7980,3319.9490,3241.5100,3292.9030,20875540541,314469267735.4700,0.011805,0.532937
2010-11-23,3278.6140,3278.6140,3184.9010,3235.6780,18748071007,275068298320.1000,0.010601,-1.737824
2010-11-24,3214.8100,3315.3090,3214.6560,3315.3090,18624993222,281585181439.6800,0.010460,2.461025
2010-11-25,3332.9790,3359.1170,3315.7830,3352.6280,20977049504,306423101680.4100,0.011781,1.125652
2010-11-26,3344.9330,3353.1730,3298.9320,3329.1490,17257827285,257047396464.3600,0.009692,-0.700309
2010-11-29,3319.5650,3349.5220,3299.0930,3334.1060,16219474024,249099576052.0800,0.009094,0.148898
2010-11-30,3330.1020,3343.7970,3178.9140,3264.6380,21613235953,315728752653.6000,0.012117,-2.083550
2010-12-01,3253.1640,3278.7810,3237.9410,3264.4280,13062969494,192381197354.6300,0.007320,-0.006439
2010-12-02,3309.0630,3319.0280,3280.5440,3281.1180,16211293388,239995781040.2900,0.009084,0.511274
2010-12-03,3284.4010,3290.0570,3245.4730,3271.8350,13131888411,194045184402.6800,0.007357,-0.282921
2010-12-06,3278.5710,3284.2980,3231.7630,3255.0900,13180152641,193710902618.6200,0.007332,-0.511796
2010-12-07,3242.5540,3303.4580,3201.5740,3294.8620,13196111365,196025407276.8500,0.007338,1.221847
2010-12-08,3289.8250,3316.2180,3269.4970,3274.9750,13309069268,199976969588.4900,0.007399,-0.603582
2010-12-09,3259.0900,3269.4060,3218.0140,3218.6710,14249363576,193749578392.8800,0.007921,-1.719233
2010-12-10,3202.4220,3266.9660,3197.1700,3261.0900,12217770354,175836567665.1000,0.006790,1.317925
2010-12-13,3275.7920,3358.1270,3275.7920,3357.9690,19140411423,279190364999.0700,0.010605,2.970760
2010-12-14,3367.0630,3381.6090,3356.4680,3379.4860,18779262074,274631724703.3000,0.010404,0.640769
2010-12-15,3379.9600,3395.1040,3354.7290,3362.5330,17231205653,259849734567.5700,0.009539,-0.501662
2010-12-16,3358.2570,3374.3180,3343.0310,3350.7000,13830554946,204154202748.8900,0.007655,-0.351893
2010-12-17,3348.2870,3354.9880,3332.6760,3350.5440,11421036209,172435421149.0900,0.006311,-0.004670
2010-12-20,3362.2960,3373.4730,3236.2990,3304.5510,17490045905,265266948337.1600,0.009655,-1.372686
2010-12-21,3308.2220,3360.3270,3288.1140,3360.3240,16845236850,246311740824.1200,0.009294,1.687747
2010-12-22,3363.0070,3367.7840,3315.5910,3328.1900,15566182269,227603704907.0100,0.008586,-0.956271
2010-12-23,3322.0270,3333.2020,3279.5230,3284.7870,13759195362,198441239476.3300,0.007588,-1.304090
2010-12-24,3267.0220,3275.3280,3220.4290,3245.9290,12453116725,173011989226.5200,0.006867,-1.182981
2010-12-27,3253.9020,3293.6040,3160.2650,3168.5910,14713871305,210762563740.6000,0.008082,-2.382619
2010-12-28,3152.0040,3158.5250,3097.2220,3107.8680,12520651028,167156550711.5000,0.006870,-1.916401
2010-12-29,3110.9080,3141.5470,3096.9470,3141.5020,9580376572,134435238883.2300,0.005241,1.082222
2010-12-30,3141.7380,3161.8270,3112.7600,3147.9600,10916150077,152554218198.5900,0.005971,0.205578
2010-12-31,3151.8990,3215.3080,3151.8990,3215.0470,12410208032,187505100582.6200,0.006790,2.131123
2011-01-04,3237.4160,3272.1320,3223.5540,3270.4290,16483217275,249555043252.8000,0.008964,1.722590
2011-01-05,3253.3130,3277.2150,3240.7370,3264.4210,15396072588,233239209412.5000,0.008371,-0.183723
2011-01-06,3265.1850,3281.9500,3242.0150,3248.4050,12855179421,196499149857.9900,0.006987,-0.490627
2011-01-07,3243.3430,3284.1530,3226.8760,3245.7540,15765713554,218118253557.2600,0.008548,-0.081606
2011-01-10,3240.8560,3254.1450,3166.8760,3173.7630,13118493879,184904507838.7000,0.007112,-2.217990
2011-01-11,3161.2730,3180.5210,3137.0100,3173.9050,11530663020,156556704679.5700,0.006245,0.004469
2011-01-12,3181.8970,3201.6250,3148.4480,3192.6620,11350709083,146162717844.0700,0.006144,0.590986
2011-01-13,3203.5830,3207.4620,3179.5660,3191.2360,10451925783,140223138011.3800,0.005655,-0.044673
2011-01-14,3181.6900,3181.6900,3128.0200,3134.5330,11103576958,151656439304.8000,0.006007,-1.776839
2011-01-17,3111.7330,3117.8200,3003.8960,3010.0800,13066106842,172304847843.0000,0.007068,-3.970388
2011-01-18,2999.8030,3023.1080,2984.3630,3017.7070,8433658688,110139505515.9200,0.004562,0.253397
2011-01-19,3018.4820,3087.2360,3010.6270,3086.9820,10998046512,145929987499.2300,0.005947,2.295622
2011-01-20,3080.6730,3080.6730,2983.6930,2983.9450,12178774030,158573286275.6500,0.006585,-3.337794
2011-01-21,2973.7630,3052.9770,2971.6670,3016.1770,13323703946,166321083127.7800,0.007204,1.080170
2011-01-24,3017.5450,3028.7580,2965.8100,2969.6080,12114169014,154010230234.3400,0.006548,-1.543977
2011-01-25,2963.9490,2964.9920,2920.7770,2941.9170,9609925849,121395494460.3000,0.005194,-0.932469
2011-01-26,2941.6280,2989.1140,2941.6280,2986.5430,8636972274,110188060550.9500,0.004667,1.516885
2011-01-27,2965.3670,3043.5350,2946.9270,3035.0400,14395423021,177782978195.9400,0.007779,1.623853
2011-01-28,3029.8370,3063.0490,3026.0950,3054.1260,11914428318,154410688962.4400,0.006437,0.628861
2011-01-31,3052.3150,3094.1380,3048.4480,3094.1380,12648199485,166119102239.0400,0.006830,1.310103
2011-02-01,3098.5390,3103.8730,3083.5060,3098.1820,10178360419,140327840883.2000,0.005473,0.130689
2011-02-09,3076.6700,3109.8820,3060.7640,3071.8640,12069913475,163347629733.1800,0.006490,-0.849454
2011-02-10,3066.6980,3144.7460,3060.9790,3144.7460,14128205600,191280928793.5700,0.007596,2.372545
2011-02-11,3142.9000,3179.6740,3136.7180,3168.6730,15891085040,214943249006.0300,0.008542,0.760872
2011-02-14,3171.5110,3257.1000,3171.5110,3249.5510,22057073460,294519727396.0100,0.011850,2.552423
2011-02-15,3253.1220,3288.9330,3244.6590,3249.2610,21728566077,300118392749.9800,0.011671,-0.008918
2011-02-16,3242.3570,3290.8280,3234.1050,3290.8280,18687256344,266267896692.5100,0.010035,1.279272
2011-02-17,3297.9030,3308.8310,3264.7610,3298.0480,19582965343,286433524339.9200,0.010516,0.219404
2011-02-18,3291.6970,3296.1830,3255.4860,3266.4880,16951590012,245186411541.4100,0.009105,-0.956946
2011-02-21,3246.6270,3321.0800,3243.9290,3320.8250,17931055998,254913240504.0400,0.009622,1.663473
2011-02-22,3327.9320,3328.9440,3227.6380,3229.0710,22540687249,323267043904.8500,0.012095,-2.762978
2011-02-23,3217.5020,3259.5220,3217.5020,3253.5120,16391853810,234505233265.4300,0.008796,0.756902
2011-02-24,3249.0170,3277.1120,3239.3570,3272.9390,16507311805,234638861138.7200,0.008857,0.597109
2011-02-25,3270.7920,3288.6980,3238.6070,3277.9610,15038566605,214526567092.8400,0.008068,0.153447
2011-02-28,3281.0180,3320.7710,3260.8570,3320.4840,17827068109,252918960699.0800,0.009561,1.297215
2011-03-01,3322.8960,3351.9250,3314.1850,3335.7180,20223574450,286178994597.4200,0.010845,0.458785
2011-03-02,3319.2220,3336.1420,3279.9150,3325.5870,18972414793,263441558258.0500,0.010174,-0.303694
2011-03-03,3327.9000,3345.6090,3287.4000,3288.6620,20725508912,277170310279.5000,0.011111,-1.110332
2011-03-04,3288.7730,3334.1500,3281.4200,3333.0490,16673764056,225323611413.9600,0.008933,1.349689
2011-03-07,3347.0310,3386.4570,3347.0310,3386.0000,23386605788,330806767402.6300,0.012522,1.588656
2011-03-08,3385.3990,3395.6160,3368.2460,3395.1910,19029736172,276744959272.9400,0.010189,0.271468
2011-03-09,3399.6080,3408.0250,3382.2190,3401.0050,18513597553,269668463567.0500,0.009912,0.171241
2011-03-10,3394.1880,3394.1880,3357.0590,3357.6730,18410544636,275672753037.5500,0.009815,-1.274109
2011-03-11,3341.1880,3379.1600,3332.5430,3337.3730,17487084252,260508725846.5300,0.009323,-0.604594
2011-03-14,3327.5110,3360.1140,3320.5780,3359.9290,17482758739,258835496447.8000,0.009314,0.675880
2011-03-15,3350.1890,3350.1890,3248.9240,3309.9800,22590113281,314029686045.5400,0.012034,-1.486615
2011-03-16,3308.4800,3355.0000,3307.1700,3353.5190,19517751602,276130520066.3700,0.010394,1.315380
2011-03-17,3323.0570,3343.3690,3284.1800,3296.6960,20097232576,279415768473.1000,0.010702,-1.694436
2011-03-18,3321.9440,3335.5940,3302.7690,3315.2280,14997420029,212594009767.4900,0.007986,0.562153
2011-03-21,3315.9720,3326.6460,3287.8470,3301.1780,14558980560,207814511179.2600,0.007748,-0.423789
2011-03-22,3309.1310,3314.1430,3266.1180,3310.1060,13819551489,197989649280.6600,0.007356,0.270441
2011-03-23,3308.5540,3352.3840,3303.7340,3351.9190,16582400485,229386815956.5100,0.008824,1.263177
2011-03-24,3355.2910,3362.0840,3343.0450,3348.0410,16566603914,233207378032.5600,0.008815,-0.115686
2011-03-25,3349.4060,3389.1040,3349.0310,3382.9240,20464026366,285293369952.5200,0.010886,1.041887
2011-03-28,3393.7240,3404.7710,3371.2870,3376.3000,23514974855,331008574164.7300,0.012502,-0.195800
2011-03-29,3370.3740,3382.1920,3330.7320,3332.9610,24814259134,322502550628.6100,0.013190,-1.283620
2011-03-30,3329.1760,3342.4110,3299.7000,3319.1240,18744928798,248180352064.6700,0.009952,-0.415154
2011-03-31,3319.4560,3328.0790,3272.5040,3283.4910,16060459299,213329797477.3000,0.008525,-1.073561
2011-04-01,3285.2400,3329.0080,3279.6280,3328.9660,14398786942,194726834199.6000,0.007641,1.384939
2011-04-06,3321.8400,3351.8060,3317.9690,3349.5110,19996698536,271011592183.5500,0.010610,0.617156
2011-04-07,3350.0090,3367.9160,3340.4790,3365.7070,18073237115,242167385832.8700,0.009576,0.483527
2011-04-08,3363.1590,3398.8180,3356.5040,3398.6380,16970708631,238327739330.1700,0.008989,0.978446
2011-04-11,3406.6420,3414.0140,3373.4960,3375.9100,21971378796,295819877256.0000,0.011633,-0.668754
2011-04-12,3367.2470,3392.4270,3352.9730,3371.5540,21318579797,262681980500.5500,0.011286,-0.129009
2011-04-13,3358.0290,3412.4440,3343.1980,3412.4440,18650420887,235159172687.2100,0.009872,1.212790
2011-04-14,3413.6120,3418.4000,3394.0100,3400.1470,19192884036,241603589464.2700,0.010153,-0.360375
2011-04-15,3392.9000,3415.2690,3368.6130,3405.5730,18939348765,239472962238.7200,0.010016,0.159575
2011-04-18,3394.3190,3416.3870,3388.3850,3410.9530,20614663881,261282087992.8100,0.010898,0.157994
2011-04-19,3389.4320,3389.4320,3349.5010,3358.9260,21672068376,273784007126.2500,0.011404,-1.525295
2011-04-20,3360.9580,3378.3200,3353.1830,3369.6160,18210859388,238526809189.8800,0.009579,0.318255
2011-04-21,3382.8340,3398.8090,3374.8060,3392.0600,18713640282,250129461014.6700,0.009840,0.666065
2011-04-22,3391.3030,3396.5580,3366.8520,3374.3890,17851879410,226551003793.3100,0.009371,-0.520934
2011-04-25,3365.9580,3366.2540,3315.3670,3315.3670,17910059378,234159342338.3600,0.009378,-1.749137
2011-04-26,3304.9730,3316.8310,3264.2010,3278.5750,14433590382,185663969991.9900,0.007549,-1.109734
2011-04-27,3286.5910,3300.8990,3227.3120,3249.9340,15282777161,187363850988.8400,0.007991,-0.873569
2011-04-28,3259.9830,3268.4270,3176.5910,3177.9690,15225098569,185438593762.9400,0.007957,-2.214370
2011-04-29,3175.6450,3216.7230,3165.2780,3216.5590,12109752437,145398504567.6300,0.006327,1.214300
2011-05-03,3216.8110,3249.5210,3194.8170,3249.5210,13321879394,160433469754.3000,0.006959,1.024765
2011-05-04,3234.1410,3234.1410,3165.8160,3174.6700,15454864928,191720048805.4600,0.008072,-2.303442
2011-05-05,3160.5170,3188.4420,3156.2970,3178.5510,12625309009,152073860428.7500,0.006591,0.122245
2011-05-06,3149.8580,3200.7250,3137.5730,3183.2170,13223188288,165342254613.7200,0.006880,0.146805
2011-05-09,3187.7780,3212.4310,3186.9760,3199.6240,11912612397,150425943610.1600,0.006195,0.515421
2011-05-10,3203.4690,3222.6750,3189.8920,3222.6750,11854927257,153275768967.6100,0.006162,0.720414
2011-05-11,3221.9660,3237.0160,3197.0250,3220.9080,13587355309,170544693821.4900,0.007057,-0.054833
2011-05-12,3199.4680,3219.0800,3176.3120,3176.3120,14735504651,181883986011.0200,0.007647,-1.384562
2011-05-13,3177.0040,3201.7550,3151.6370,3201.6510,13456590649,165450848057.5400,0.006980,0.797753
2011-05-16,3196.6390,3213.9450,3182.3640,3184.7860,12994160492,157725315964.2000,0.006728,-0.526782
2011-05-17,3180.1840,3207.0440,3149.4530,3185.7710,14611915137,181991294299.8200,0.007557,0.030947
2011-05-18,3177.9860,3212.1790,3174.4790,3208.2270,11702144455,143821730566.9600,0.006049,0.704863
2011-05-19,3214.8710,3223.9310,3189.2080,3191.3190,12135141182,149382127140.7800,0.006255,-0.527019
2011-05-20,3189.5780,3197.9990,3175.7030,3187.6680,10717828221,134062432827.6000,0.005514,-0.114400
2011-05-23,3181.1170,3181.1170,3077.5980,3078.8440,14785843058,176292787050.8800,0.007599,-3.413883
2011-05-24,3066.6950,3084.3410,3040.5850,3081.0540,11681284383,145618733429.2400,0.006003,0.071755
2011-05-25,3076.0540,3087.3580,3041.1930,3043.6900,11530995782,139009123428.3800,0.005921,-1.212702
2011-05-26,3060.1870,3072.8400,3024.4160,3024.8730,11913612463,145480054214.2200,0.006114,-0.618227
2011-05-27,3023.6400,3029.8240,2975.2140,2976.4690,12305072374,143411751759.7700,0.006309,-1.600209
2011-05-30,2965.1840,2987.8750,2942.8330,2950.9710,9786931260,114507586084.8700,0.005014,-0.856646
2011-05-31,2953.9980,3005.5570,2945.2930,3005.3860,10319587685,123986398370.2000,0.005284,1.843979
2011-06-01,3001.2840,3022.4930,2992.9640,3020.9680,10668721669,129116169070.0600,0.005463,0.518470
2011-06-02,2986.2610,2997.7310,2937.9090,2974.5390,12602991968,146764766316.1600,0.006453,-1.536906
2011-06-03,2972.4530,3021.2520,2972.4530,3015.2000,10400511202,128986686340.1500,0.005309,1.366989
2011-06-07,3007.9960,3038.8210,3004.7030,3037.8650,10037131456,127749852728.5300,0.005120,0.751668
2011-06-08,3036.5240,3049.2330,3000.4840,3046.3200,11650861584,141570738429.7100,0.005942,0.278323
2011-06-09,3040.0450,3042.1870,2985.9530,2985.9530,12568842061,150262822659.0600,0.006407,-1.981627
2011-06-10,2980.6610,2995.9950,2950.3810,2995.1030,10999104252,131074398405.2500,0.005602,0.306432
2011-06-13,2976.5140,2995.0140,2954.7040,2989.6450,9465113097,115016898842.6600,0.004818,-0.182223
2011-06-14,2987.3090,3039.3020,2984.1510,3033.5440,12719456811,152212750566.9000,0.006473,1.468366
2011-06-15,3026.8490,3042.6130,3004.8870,3005.0050,11495850887,137994653221.1800,0.005848,-0.940791
2011-06-16,2982.2740,2986.3410,2948.5900,2951.1800,10769855143,123937004794.7100,0.005472,-1.791177
2011-06-17,2947.9820,2964.6630,2918.0070,2918.5070,9663761763,116701433210.9700,0.004904,-1.107112
2011-06-20,2913.7670,2917.5970,2877.6890,2892.7090,8957619542,105252392494.9200,0.004539,-0.883932
2011-06-21,2899.4580,2929.0710,2891.5300,2928.9940,9948180660,118265710070.8800,0.005041,1.254341
2011-06-22,2932.7910,2940.1420,2912.7740,2926.9440,9104995222,107532975536.1100,0.004612,-0.069975
2011-06-23,2918.7670,2987.2730,2904.5190,2980.3810,11679373051,141661814402.7500,0.005914,1.825676
2011-06-24,2971.2010,3071.1590,2968.3630,3052.8130,19101714699,235265346905.0600,0.009657,2.430290
2011-06-27,3054.2430,3088.6000,3053.9490,3075.3300,16071392269,200461508069.8700,0.008124,0.737601
2011-06-28,3077.7490,3086.3400,3053.6970,3081.4580,13618676121,173155621758.8300,0.006879,0.199245
2011-06-29,3079.6990,3086.2380,3041.2310,3041.3650,13468793303,164179449209.1500,0.006802,-1.301090
2011-06-30,3041.6330,3093.6900,3041.6330,3085.5520,14080858632,172062708770.6300,0.007096,1.452860
2011-07-01,3094.3260,3117.0920,3081.8790,3095.9930,14485725064,180394741995.7900,0.007044,0.338397
2011-07-04,3108.3790,3170.1760,3108.3790,3170.1470,19007333054,241007489428.5500,0.009217,2.395170
2011-07-05,3172.5480,3186.2720,3160.9950,3180.9580,17651752558,223378400860.2300,0.008558,0.340996
2011-07-06,3174.6270,3182.1290,3148.6040,3181.5330,16352549371,209560615177.0400,0.007926,0.018105
2011-07-07,3185.5490,3212.8340,3171.4840,3175.3830,18518472468,244667660162.3600,0.008944,-0.193315
2011-07-08,3175.6900,3190.1730,3159.0150,3177.5790,13553122136,175596639557.5800,0.006543,0.069158
2011-07-11,3167.7390,3197.6560,3159.5410,3192.8920,13692724653,177591917970.9200,0.006609,0.481907
2011-07-12,3169.0600,3170.2410,3138.2270,3139.8930,15619048940,198774027872.2700,0.007530,-1.659899
2011-07-13,3141.3240,3196.5120,3141.3240,3196.1070,14753803759,193343756579.3400,0.007112,1.790296
2011-07-14,3201.9100,3215.9620,3185.7220,3215.1960,16996628470,228636559154.1000,0.008188,0.597277
2011-07-15,3206.5720,3234.1780,3200.7580,3234.1780,17871467730,237272437548.8400,0.008578,0.590374
2011-07-18,3237.3690,3245.9910,3221.4640,3232.1960,17115568203,226937264983.8300,0.008197,-0.061273
2011-07-19,3217.7270,3217.7270,3191.4900,3200.4510,14739785273,193845608837.9600,0.007049,-0.982146
2011-07-20,3216.6890,3224.5060,3174.5440,3199.5940,13439438962,175714532750.0100,0.006426,-0.026806
2011-07-21,3199.3570,3203.5900,3161.6620,3162.4190,13071508409,170624765569.0600,0.006250,-1.161837
2011-07-22,3168.4390,3187.6770,3162.7550,3173.5550,11386509272,150746232704.3100,0.005443,0.352120
2011-07-25,3159.2570,3159.2570,3050.0610,3059.7430,16841591086,207268292435.3500,0.008051,-3.586247
2011-07-26,3055.5580,3072.5210,3044.1780,3071.9790,11131989842,136415804673.5900,0.005321,0.399890
2011-07-27,3059.4560,3110.6000,3048.0500,3107.9710,12535566479,161635636887.6900,0.005990,1.171637
2011-07-28,3080.8580,3092.7560,3061.9880,3089.7860,12249457237,159772697063.7500,0.005844,-0.585126
2011-07-29,3089.0080,3100.2490,3053.9410,3072.1630,11627569332,147079700606.7900,0.005547,-0.570365
2011-08-01,3068.3720,3092.8430,3058.8540,3082.3240,9425433118,122485002638.2400,0.004496,0.330741
2011-08-02,3066.7610,3066.7610,3019.3680,3061.9790,11159239306,143773968364.3600,0.005322,-0.660037
2011-08-03,3034.4970,3078.3940,3029.8060,3066.4360,10630991539,141782808645.5900,0.005064,0.145561
2011-08-04,3072.3690,3093.7920,3065.6460,3075.6580,9925402457,131408412141.9700,0.004728,0.300745
2011-08-05,2988.0310,3031.4020,2972.4760,3010.9470,12462564807,158545818128.8000,0.005933,-2.103986
2011-08-08,2973.9470,2992.5280,2834.5200,2884.4760,16771629504,202660483188.3200,0.007981,-4.200363
2011-08-09,2804.7310,2899.9680,2766.5390,2884.1810,15893058070,187905082529.0800,0.007563,-0.010224
2011-08-10,2930.5330,2953.5750,2913.9070,2917.6180,14821263596,182913646976.0200,0.007051,1.159307
2011-08-11,2864.2270,2965.5340,2862.3950,2965.3660,14820875513,183076168571.0100,0.007050,1.636559
2011-08-12,2981.7940,3000.7800,2977.4970,2985.3520,15123762232,182177472389.5400,0.007193,0.673975
2011-08-15,2992.1670,3029.9480,2985.6480,3029.9120,14525037363,170636687203.3400,0.006907,1.492623
2011-08-16,3032.9690,3042.1850,2999.3360,3008.5230,13304356887,162739869905.9800,0.006325,-0.705949
2011-08-17,3003.0630,3019.2710,2991.8210,2998.6960,11102088531,133824820725.0500,0.005278,-0.326644
2011-08-18,2998.0690,3000.6450,2944.5120,2945.6320,11132849566,136177367962.0900,0.005244,-1.769560
2011-08-19,2892.3370,2918.6600,2887.6090,2918.4170,10769874673,129492297544.0600,0.005073,-0.923889
2011-08-22,2918.9400,2942.7780,2883.9630,2893.3910,9377924226,117499803172.7900,0.004417,-0.857524
2011-08-23,2902.8650,2940.9840,2893.5960,2940.9840,9621630798,119170764702.0900,0.004534,1.644879
2011-08-24,2954.2430,2967.8440,2928.5350,2933.3650,10822717784,139200422420.9500,0.005099,-0.259051
2011-08-25,2939.4000,3011.5770,2934.2190,3011.5770,15724737418,180901936286.2400,0.007408,2.666278
2011-08-26,2999.0740,3020.5330,2991.8330,3014.8640,12325068056,151620419669.2100,0.005806,0.109133
2011-08-29,2994.5910,2994.5910,2970.8140,2976.0420,11693473725,145723402227.7900,0.005504,-1.287687
2011-08-30,2994.0680,3017.6370,2955.1510,2956.5840,11980353459,145433103457.3800,0.005638,-0.653805
2011-08-31,2956.8840,2967.9150,2926.2580,2952.4380,9422573368,115780709541.1700,0.004432,-0.140246
2011-09-01,2956.8510,2973.6360,2926.8110,2936.7890,8853241694,106553127173.5000,0.004164,-0.530042
2011-09-02,2930.8960,2937.8720,2888.9190,2904.2350,8318378209,98552753350.6100,0.003912,-1.108472
2011-09-05,2879.7010,2879.7010,2838.0890,2838.3020,8450353098,100343028902.7700,0.003974,-2.270240
2011-09-06,2819.7350,2839.1720,2804.3030,2817.0400,7505310536,89480406633.2200,0.003529,-0.749100
2011-09-07,2830.1610,2879.2600,2825.3160,2878.9790,9433504757,111238551398.0900,0.004436,2.198699
2011-09-08,2888.2390,2889.2450,2852.3540,2852.3570,8610798310,104516634282.0100,0.004048,-0.924680
2011-09-09,2859.1910,2885.0500,2830.6330,2842.0430,7745085408,91661112712.8400,0.003641,-0.361594
2011-09-13,2803.4750,2810.5220,2783.4410,2803.7520,7515786774,88057796455.9000,0.003532,-1.347323
2011-09-14,2811.6900,2826.1560,2764.8230,2825.9950,8195369167,94461108987.8400,0.003851,0.793344
2011-09-15,2828.0100,2849.3480,2823.0960,2825.7690,8661937928,99260724457.2300,0.004070,-0.008008
2011-09-16,2838.0570,2849.9130,2825.1390,2828.2960,7615956592,88517215731.9700,0.003579,0.089431
2011-09-19,2814.7660,2814.7660,2771.7430,2771.9580,7604943579,84220234574.4800,0.003573,-1.991938
2011-09-20,2766.4050,2796.3620,2754.9170,2784.9580,7247410043,82690197526.6800,0.003405,0.468974
2011-09-21,2785.6630,2871.5960,2774.5490,2866.8490,13224464378,150035400776.0800,0.006211,2.940488
2011-09-22,2842.4900,2852.3440,2780.4490,2780.9550,11569224500,129422504304.6600,0.005433,-2.996130
2011-09-23,2736.3980,2772.0680,2724.5150,2761.4510,10197609985,114795456541.5500,0.004787,-0.701330
2011-09-26,2742.9940,2772.5570,2700.0520,2707.9040,8982903801,99543753272.5000,0.004215,-1.939094
2011-09-27,2728.5740,2739.7410,2702.8940,2728.0400,8583486368,96561053375.8800,0.004028,0.743591
2011-09-28,2742.8150,2748.3020,2683.1170,2691.0740,8603828735,96438494836.9900,0.004037,-1.355015
2011-09-29,2674.5310,2674.5740,2636.4580,2637.9760,9163906538,97568503878.9200,0.004299,-1.973139
2011-09-30,2643.1600,2655.2810,2614.9900,2630.3690,7325564245,77004973067.2000,0.003436,-0.288363
2011-10-10,2637.2640,2645.4070,2604.7950,2610.6230,6357939776,66944813137.3300,0.002982,-0.750687
2011-10-11,2674.1390,2687.0900,2579.6230,2605.3470,9675638477,105833915583.3400,0.004538,-0.202093
2011-10-12,2592.7110,2700.7930,2575.3540,2699.1370,13851474984,142258676730.1800,0.006495,3.599925
2011-10-13,2692.7560,2733.1410,2685.6320,2726.0060,13745062221,143820664826.6600,0.006439,0.995444
2011-10-14,2718.7770,2726.6390,2691.1100,2715.5220,9646393845,104287857668.6600,0.004519,-0.384570
2011-10-17,2720.5470,2745.1260,2712.4380,2727.6420,9394992181,107839742838.3500,0.004400,0.446318
2011-10-18,2709.0520,2711.6900,2645.6370,2648.1920,10422559116,115279929180.4000,0.004881,-2.912788
2011-10-19,2653.6070,2667.6310,2631.8470,2637.1090,8305033909,92278163477.2900,0.003888,-0.418512
2011-10-20,2623.4910,2623.4910,2547.7420,2568.2110,9728272868,103341250597.3700,0.004553,-2.612623
2011-10-21,2566.9990,2577.9680,2538.5460,2540.7870,7380874113,78168571274.2200,0.003454,-1.067847
2011-10-24,2546.5160,2599.7840,2517.1900,2599.6280,10496752615,107851523943.1900,0.004910,2.315879
2011-10-25,2596.1130,2664.9090,2586.1950,2658.3540,13905365710,147910562268.1900,0.006505,2.259027
2011-10-26,2643.9830,2709.7550,2640.3720,2683.9980,16505370798,173974497111.5100,0.007721,0.964640
2011-10-27,2688.9010,2708.5260,2678.0290,2688.6120,12883240559,136172112128.5000,0.006026,0.171908
2011-10-28,2722.1840,2749.6060,2714.4640,2743.5590,17013903462,181874385825.8000,0.007958,2.043695
2011-10-31,2740.1590,2751.3660,2724.8900,2744.1560,13689912015,155071795371.9500,0.006400,0.021739
2011-11-01,2720.7780,2767.5460,2714.8240,2746.3930,14405012562,159908553414.3300,0.006727,0.081539
2011-11-02,2705.8110,2794.6900,2697.9410,2793.9920,17143872687,191797522433.2900,0.008002,1.733159
2011-11-03,2804.0090,2837.7500,2801.0460,2801.1030,22595104765,259718819372.5000,0.010546,0.254496
2011-11-04,2821.0750,2833.9820,2802.5300,2821.4140,16533534037,185277480395.5100,0.007717,0.725100
2011-11-07,2811.6360,2831.7740,2797.2650,2801.2650,12675840123,143375610764.3600,0.005915,-0.714126
2011-11-08,2805.8810,2815.4480,2777.0890,2781.5810,12624599208,139508071966.1500,0.005891,-0.702712
2011-11-09,2790.1980,2815.5440,2761.9470,2815.5440,13015279039,149894388258.1400,0.006073,1.221019
2011-11-10,2784.3590,2798.2530,2769.2690,2769.6120,14623650938,168878760883.9000,0.006823,-1.631385
2011-11-11,2773.3470,2786.6000,2755.7230,2766.8650,11464852317,131251165862.5800,0.005349,-0.099177
2011-11-14,2788.5470,2828.1560,2788.5470,2828.1260,14024514690,165894774512.4900,0.006542,2.214111
2011-11-15,2825.7940,2835.4770,2817.8820,2833.4940,13389273588,158386181869.9400,0.006243,0.189779
2011-11-16,2833.7800,2834.3550,2748.6210,2759.6170,15635491610,175488423613.3100,0.007290,-2.607275
2011-11-17,2759.8990,2782.8250,2749.5970,2754.8830,11150279554,131061594272.8200,0.005198,-0.171533
2011-11-18,2736.7960,2736.7960,2682.7600,2688.1470,12013022222,136100242061.8300,0.005600,-2.422465
2011-11-21,2687.4230,2692.4800,2663.5660,2690.8940,8382115116,97105721766.2800,0.003904,0.102183
2011-11-22,2670.8190,2689.8940,2655.3020,2689.3610,8532210781,97537759948.3600,0.003974,-0.056959
2011-11-23,2692.7190,2699.0240,2664.3610,2670.0940,8300058343,96549217232.6900,0.003865,-0.716419
2011-11-24,2649.5780,2687.2030,2636.9100,2671.7320,8865229712,100612458482.2600,0.004129,0.061335
2011-11-25,2668.2040,2683.6710,2645.9300,2652.9740,7767323003,91908161052.1400,0.003614,-0.702075
2011-11-28,2658.6300,2669.0190,2640.8430,2655.4420,7745742965,91599966743.6000,0.003603,0.093019
2011-11-29,2676.5080,2694.7160,2663.6610,2694.6120,9301670133,111443900009.9200,0.004327,1.475081
2011-11-30,2687.9300,2687.9300,2572.7030,2593.8700,12245006360,133980221504.0300,0.005696,-3.738653
2011-12-01,2667.7080,2698.3870,2646.3980,2652.8720,15303026251,169080194874.1100,0.007119,2.274679
2011-12-02,2639.6940,2641.2510,2599.2020,2613.5900,9485148693,104597744434.0900,0.004412,-1.480744
2011-12-05,2612.4230,2612.4230,2551.4970,2555.4630,8405779321,91233964656.2900,0.003897,-2.224028
2011-12-06,2548.2100,2561.3670,2529.5280,2553.6800,7249320230,78687157431.0400,0.003360,-0.069742
2011-12-07,2553.0750,2571.6540,2544.6200,2564.1710,6525022430,72370303326.9800,0.003024,0.410798
2011-12-08,2560.7720,2586.2120,2525.1140,2562.8680,8172134771,90835212733.1400,0.003788,-0.050815
2011-12-09,2544.0400,2564.5830,2532.4030,2539.6890,6587621410,74147375569.8300,0.003053,-0.904424
2011-12-12,2536.0140,2541.8750,2509.5130,2511.2690,6059223244,65077146158.0800,0.002807,-1.119022
2011-12-13,2499.7400,2500.1020,2436.9480,2441.2330,9075418963,91280050984.8000,0.004203,-2.788864
2011-12-14,2433.6240,2452.3900,2402.5450,2407.6140,6959353485,71910153530.3000,0.003223,-1.377128
2011-12-15,2392.5770,2392.5770,2348.3660,2348.8890,9049225146,87447731694.2300,0.004190,-2.439131
2011-12-16,2347.4200,2406.5160,2341.2680,2406.0650,8994239925,89432602935.4900,0.004162,2.434152
2011-12-19,2388.8310,2407.8060,2343.3520,2405.9930,9328108241,94027238796.0100,0.004316,-0.002993
2011-12-20,2398.1860,2432.8170,2394.1700,2398.4550,8740631850,89265926312.0400,0.004043,-0.313294
2011-12-21,2416.4530,2425.5180,2350.2650,2351.2410,8161604199,85337882990.5900,0.003775,-1.968522
2011-12-22,2335.0830,2356.0440,2279.7110,2336.8830,9730279974,93247849479.2500,0.004501,-0.610642
2011-12-23,2330.6540,2376.9710,2323.6100,2354.9630,8551778521,83216380317.2200,0.003953,0.773652
2011-12-26,2345.6920,2369.4140,2334.4520,2334.9980,7112809543,68794249793.2800,0.003283,-0.847767
2011-12-27,2330.3010,2334.6930,2287.2040,2290.2160,7688537706,74028100906.8000,0.003548,-1.917870
2011-12-28,2278.1700,2286.9760,2238.4180,2285.8770,8272228188,76782366352.5300,0.003817,-0.189463
2011-12-29,2274.8920,2300.2220,2270.0840,2287.9310,7330671970,67656043969.1000,0.003381,0.089854
2011-12-30,2293.7060,2325.8700,2293.7060,2325.1220,8357523552,79828546082.3900,0.003854,1.625558
2012-01-04,2340.4720,2346.3170,2274.4010,2274.4040,7998608451,77092675252.5100,0.003697,-2.181316
2012-01-05,2263.7540,2273.8220,2219.9510,2223.1680,9409567788,85930964736.6400,0.004348,-2.252715
2012-01-06,2217.8370,2235.5160,2190.5610,2235.5160,8124844522,73102725511.3600,0.003751,0.555430
2012-01-09,2235.4900,2317.3070,2215.7320,2317.1100,12014027910,110673242833.8200,0.005546,3.649862
2012-01-10,2315.4160,2401.3830,2311.0730,2399.8940,17729734647,162771837449.2700,0.008184,3.572724
2012-01-11,2397.3310,2408.2960,2379.7330,2395.1610,14263029120,136266487368.2100,0.006583,-0.197203
2012-01-12,2386.0510,2422.2180,2381.6730,2393.5880,11937556531,116822240139.3700,0.005510,-0.065674
2012-01-13,2394.0470,2399.6790,2316.0840,2333.0560,11756166279,116472303472.9800,0.005425,-2.528902
2012-01-16,2313.5740,2326.9450,2273.4980,2273.4980,7689967073,78062404243.6400,0.003540,-2.552814
2012-01-17,2273.2230,2389.3010,2257.7050,2389.3010,13737727863,132611644398.6400,0.006324,5.093594
2012-01-18,2393.0550,2412.8990,2336.2710,2344.2370,14113632330,140452484906.8700,0.006493,-1.886043
2012-01-19,2342.4080,2391.2490,2331.0650,2379.5980,11351545448,111501507737.9900,0.005223,1.508405
2012-01-20,2385.4440,2418.8430,2376.1710,2413.4040,10958020941,110193511984.3100,0.005042,1.420656
2012-01-30,2418.8110,2419.1550,2383.4960,2383.5960,9072205286,90908512977.3700,0.004173,-1.235086
2012-01-31,2382.1670,2391.5480,2366.0200,2386.1070,7573639362,75555905938.5400,0.003484,0.105355
2012-02-01,2380.7090,2404.2690,2353.4040,2359.6440,8333475874,85077754082.3500,0.003832,-1.109061
2012-02-02,2365.7280,2411.4380,2360.7150,2411.4380,9850146298,99430308882.6000,0.004530,2.194969
2012-02-03,2406.0380,2445.7250,2400.5160,2439.2030,12808671617,126388578572.7000,0.005890,1.151404
2012-02-06,2443.3990,2457.0940,2430.6080,2447.4390,12403819467,123988379937.0100,0.005704,0.337665
2012-02-07,2434.3380,2434.3380,2387.9820,2404.0650,10718181638,104600382605.4200,0.004929,-1.772211
2012-02-08,2401.4590,2470.7110,2395.6500,2470.4600,13838017889,141412599551.8900,0.006363,2.761750
2012-02-09,2467.9400,2497.1870,2459.6810,2478.8900,16431793923,163504949452.0100,0.007556,0.341259
2012-02-10,2472.9810,2506.8000,2471.9080,2487.0180,15518895879,148040896033.5300,0.007136,0.327856
2012-02-13,2462.1770,2513.8980,2453.3320,2497.4490,14644437422,147558346544.1000,0.006734,0.419444
2012-02-14,2494.7500,2499.4100,2475.9480,2492.2480,12472833306,124818111810.5300,0.005734,-0.208250
2012-02-15,2487.0710,2531.7910,2481.1440,2524.7200,16596170826,162571068950.3000,0.007626,1.302907
2012-02-16,2520.3980,2538.3970,2496.8820,2517.0800,16130855695,157194691728.9200,0.007412,-0.302613
2012-02-17,2527.3030,2534.3040,2495.6590,2514.2100,12165955997,121597360908.0700,0.005589,-0.113997
2012-02-20,2546.7050,2550.8140,2518.2110,2518.7800,15198233834,152789109520.2500,0.006979,0.181760
2012-02-21,2519.4480,2544.5100,2495.3200,2544.2850,13834862032,142693330193.8500,0.006353,1.012569
2012-02-22,2545.0190,2585.8340,2543.1610,2585.8340,20358250855,208731997374.1200,0.009346,1.633036
2012-02-23,2584.2510,2600.1530,2573.3370,2593.2540,18738037744,195821962095.8800,0.008602,0.286955
2012-02-24,2593.1130,2631.2160,2587.7660,2631.2160,21623729958,216025372927.4800,0.009917,1.463881
2012-02-27,2639.8660,2676.4820,2638.5840,2638.5840,25649721122,261489985586.5300,0.011764,0.280010
2012-02-28,2631.1340,2644.5860,2609.1330,2634.5800,19791394059,201817364667.4200,0.009080,-0.151726
2012-02-29,2627.4260,2638.1470,2601.8170,2603.9320,15557267341,166283239000.0700,0.007137,-1.163323
2012-03-01,2592.9830,2624.6420,2592.4400,2610.0680,12542182394,134495086774.9300,0.005752,0.235671
2012-03-02,2613.9520,2658.7300,2613.9520,2658.6390,17081038330,176628524369.1200,0.007834,1.860883
2012-03-05,2666.1210,2675.1030,2648.9190,2651.1370,18710997817,199970615395.9900,0.008580,-0.282173
2012-03-06,2644.3600,2644.3600,2605.5280,2617.4610,17251072572,185488785594.7800,0.007908,-1.270239
2012-03-07,2592.0520,2628.8700,2588.6050,2600.8660,15899493423,170532600493.4600,0.007289,-0.634020
2012-03-08,2608.8460,2644.7310,2608.8460,2636.0530,15937502948,170139212522.7900,0.007299,1.352906
2012-03-09,2643.5110,2668.9430,2633.1080,2668.9430,16185743340,182454569415.4200,0.007411,1.247713
2012-03-12,2669.7150,2676.7670,2650.5000,2670.3690,17240191804,197669176665.3900,0.007890,0.053421
2012-03-13,2669.2250,2696.7470,2663.3770,2696.6760,17213592166,192906869129.9000,0.007877,0.985140
2012-03-14,2708.0660,2721.2350,2588.1560,2601.5670,29120220180,316161632773.5500,0.013325,-3.526893
2012-03-15,2597.3070,2614.3560,2559.2580,2577.6360,19436886831,206440571695.8200,0.008893,-0.919875
2012-03-16,2582.1310,2627.2090,2572.5770,2627.2010,16725582367,187317856172.7300,0.007652,1.922903
2012-03-19,2623.8210,2646.1380,2607.2290,2645.6310,16430730671,186816515749.6100,0.007516,0.701495
2012-03-20,2638.3540,2638.3540,2593.9110,2594.1500,15835567314,171971177015.3600,0.007245,-1.945876
2012-03-21,2604.4690,2619.5360,2570.1200,2598.9200,15343624513,172120086929.5500,0.007020,0.183857
2012-03-22,2596.8330,2609.7290,2579.5270,2593.3490,12697766955,137913953410.9900,0.005809,-0.214351
2012-03-23,2584.2020,2586.0930,2544.4710,2553.7820,12335821531,133775316335.8300,0.005643,-1.525725
2012-03-26,2550.1720,2561.9590,2536.5630,2553.2780,9307864348,102450143932.6800,0.004257,-0.019741
2012-03-27,2562.8400,2572.0840,2542.8850,2545.6480,10167775478,119305131700.6200,0.004616,-0.298808
2012-03-28,2536.3910,2536.3910,2451.0490,2455.2250,13874375910,145349078090.0700,0.006299,-3.552085
2012-03-29,2442.1760,2452.6280,2399.5580,2417.5740,12058353581,121422318522.5800,0.005474,-1.533480
2012-03-30,2419.1650,2432.8230,2403.0320,2420.8820,10092448353,101766973408.4300,0.004581,0.136826
2012-04-05,2418.1530,2488.3400,2412.2540,2486.0790,12655583288,130940758534.6200,0.005742,2.693100
2012-04-06,2483.9570,2504.5130,2478.1170,2497.8500,11743162886,124375130327.7400,0.005328,0.473486
2012-04-09,2489.7390,2499.3220,2471.1910,2471.4990,10016427155,103284474560.5300,0.004540,-1.054960
2012-04-10,2463.8910,2497.7330,2427.3500,2497.7330,11589451435,117816234018.4000,0.005251,1.061476
2012-04-11,2471.6960,2517.9100,2464.4810,2503.3410,12527675307,121896337780.6600,0.005675,0.224500
2012-04-12,2505.4610,2554.0960,2500.4790,2554.0960,16262754391,159183598820.4100,0.007365,2.027525
2012-04-13,2559.2440,2582.3500,2554.9560,2568.9940,16919910226,172363594535.4900,0.007662,0.583296
2012-04-16,2551.7710,2579.6090,2546.6530,2568.2700,14561206497,137616971464.8900,0.006589,-0.028215
2012-04-17,2565.8590,2575.1220,2534.5420,2534.7500,14449158493,135489049667.7400,0.006537,-1.305122
2012-04-18,2541.1960,2593.8290,2537.8110,2592.2840,17572975308,169516165227.5700,0.007949,2.269787
2012-04-19,2590.6150,2600.5120,2576.9410,2588.8450,15262774711,159080144011.6400,0.006903,-0.132643
2012-04-20,2583.8040,2617.3270,2580.6430,2615.9160,18056571113,176129399425.0100,0.008164,1.045652
2012-04-23,2613.0910,2617.1040,2578.1250,2586.9250,19289589974,190449211848.0400,0.008711,-1.108234
2012-04-24,2570.8120,2610.1200,2520.7560,2578.5800,20796982784,198740996771.5800,0.009385,-0.322592
2012-04-25,2571.2020,2611.3450,2566.6660,2605.4960,20600692551,189465442777.7500,0.009295,1.043840
2012-04-26,2610.4340,2618.2900,2589.9180,2602.8120,18404881065,177593391856.7600,0.008303,-0.103016
2012-04-27,2599.7790,2606.0970,2588.7990,2591.1870,14288969273,140014464816.6400,0.006443,-0.446651
2012-05-02,2623.3030,2651.0670,2604.0610,2638.1970,19158091790,199760175939.0100,0.008635,1.814227
2012-05-03,2633.6830,2649.7060,2629.9400,2648.3570,15922375204,171551591899.3900,0.007176,0.385108
2012-05-04,2646.6560,2670.6670,2635.9990,2670.6670,16085564428,174590110966.5400,0.007244,0.842421
2012-05-07,2657.0960,2681.6110,2654.6070,2681.6110,16958158757,189726436061.2400,0.007632,0.409798
2012-05-08,2680.8960,2683.1460,2653.4750,2676.6690,16420615232,180651670358.9300,0.007388,-0.184316
2012-05-09,2656.1240,2656.1240,2627.4330,2628.9870,15706518720,171505691329.5000,0.007064,-1.781380
2012-05-10,2627.8900,2643.0530,2624.4270,2633.6630,12936802978,141504865310.0700,0.005814,0.177873
2012-05-11,2630.2400,2645.1900,2616.2400,2616.2400,12468886473,138239096561.1300,0.005600,-0.661554
2012-05-14,2634.6230,2638.1120,2600.9740,2602.7390,14508092208,155626686202.8200,0.006513,-0.516064
2012-05-15,2584.3410,2602.0690,2572.6930,2601.9830,12953182232,137022976067.6600,0.005812,-0.029041
2012-05-16,2596.0360,2600.3610,2565.3400,2565.5200,12365986812,128627484631.2800,0.005545,-1.401350
2012-05-17,2566.5910,2607.8950,2559.7170,2604.0790,13783660831,140693290394.1600,0.006177,1.502983
2012-05-18,2587.4480,2596.5200,2557.4310,2564.0850,13993185878,138331901481.3600,0.006269,-1.535817
2012-05-21,2561.3470,2585.2910,2545.4240,2568.8100,11939033795,123686454055.7200,0.005344,0.184242
2012-05-22,2578.7130,2607.5710,2578.7130,2607.5340,12318565456,130813711970.2300,0.005509,1.507492
2012-05-23,2602.1810,2614.4150,2578.0350,2600.2240,13724572595,148746811031.2600,0.006137,-0.280334
2012-05-24,2595.1230,2610.4670,2573.2550,2580.0130,13052601067,139351742306.6600,0.005833,-0.777286
2012-05-25,2579.6500,2585.5520,2546.6740,2554.3060,12267313847,122773392755.5800,0.005478,-0.996401
2012-05-28,2544.9800,2592.2460,2518.2340,2592.2100,15413430160,151096040905.7300,0.006876,1.483947
2012-05-29,2591.9110,2635.3010,2589.9640,2630.3230,18616839963,193975516146.1500,0.008302,1.470282
2012-05-30,2626.3370,2637.3220,2621.3590,2628.1190,14819600466,154627317891.8600,0.006605,-0.083796
2012-05-31,2613.0700,2639.6420,2607.5700,2625.6970,13600403261,145645691839.5200,0.006058,-0.092180
2012-06-01,2626.3520,2642.4880,2613.8900,2624.8720,12983095501,141503065983.2500,0.005780,-0.031390
2012-06-04,2587.6630,2599.6480,2546.5510,2546.5510,14630557219,154088676996.6600,0.006506,-2.983813
2012-06-05,2551.0550,2561.0500,2535.9210,2545.4830,10747304132,113965827935.3200,0.004778,-0.041934
2012-06-06,2549.9940,2561.0790,2530.9760,2541.6900,9661209560,103664959942.0500,0.004293,-0.149008
2012-06-07,2565.5210,2571.5790,2523.6780,2529.2920,10210817154,108378494292.8700,0.004533,-0.487803
2012-06-08,2548.6380,2549.5240,2510.8410,2515.3090,11263790274,115650693531.3900,0.004999,-0.552829
2012-06-11,2520.2280,2559.3880,2514.1070,2555.7110,11090519324,116066219771.2700,0.004918,1.606238
2012-06-12,2543.5470,2554.1980,2531.4570,2541.0110,10447148593,106532974982.6000,0.004628,-0.575180
2012-06-13,2546.8950,2585.2620,2542.2680,2585.0760,12975523002,136233089797.7900,0.005744,1.734140
2012-06-14,2580.2980,2593.9260,2566.5550,2568.3400,12162260832,130888902823.4300,0.005383,-0.647383
2012-06-15,2572.8650,2587.8210,2543.9480,2573.8820,11721438653,126655619680.4900,0.005187,0.215753
2012-06-18,2583.1320,2601.5760,2581.9210,2593.1680,10885633092,120170413619.9800,0.004812,0.749311
2012-06-19,2590.1240,2591.0810,2570.8100,2573.6340,11007469549,119070653608.7900,0.004862,-0.753285
2012-06-20,2578.8450,2585.6180,2563.5570,2566.6170,9877196272,105209982743.5700,0.004362,-0.272662
2012-06-21,2561.4730,2561.4730,2517.9880,2529.4500,10475794596,109297867447.5600,0.004626,-1.448083
2012-06-25,2520.4060,2520.4060,2471.7420,2472.3830,10599337476,107818916108.5300,0.004677,-2.256099
2012-06-26,2461.6000,2482.2930,2444.9610,2473.4500,9583133158,95972937157.0200,0.004228,0.043162
2012-06-27,2471.0380,2492.8270,2464.8300,2466.8640,9443022230,97808228108.2200,0.004166,-0.266295
2012-06-28,2471.4160,2479.1620,2440.7630,2440.7630,9823896829,102225426429.8600,0.004332,-1.058047
2012-06-29,2432.1920,2476.6270,2428.8230,2476.0290,10634859962,109077754851.6300,0.004689,1.444871
2012-07-02,2488.9380,2500.3890,2475.2560,2491.1320,11027028745,122980910353.9200,0.004766,0.609989
2012-07-03,2490.2290,2515.9950,2483.7790,2496.2220,11464185658,126875854665.2600,0.004955,0.204309
2012-07-04,2500.5100,2506.0220,2481.1270,2489.8260,10232583898,111338046942.7200,0.004420,-0.256207
2012-07-05,2479.3940,2479.3940,2438.9780,2448.0390,10269110435,106276854600.9100,0.004432,-1.678314
2012-07-06,2455.8590,2494.9820,2435.2680,2492.5100,12808562725,139624825548.7800,0.005520,1.816604
2012-07-09,2477.0200,2489.0850,2433.6950,2434.3300,12713010517,138426929268.1800,0.005477,-2.334229
2012-07-10,2427.8390,2438.2140,2412.9480,2417.9290,10018968602,105487619149.9800,0.004316,-0.673723
2012-07-11,2413.3940,2438.1040,2411.5010,2438.1040,9647641461,102971921153.0900,0.004152,0.834374
2012-07-12,2433.5620,2474.6430,2418.8130,2465.6600,13657404524,151205611648.8200,0.005877,1.130229
2012-07-13,2456.8430,2479.8190,2452.2720,2460.5960,10438638347,114925978394.8800,0.004490,-0.205380
2012-07-16,2461.0310,2461.0310,2390.7140,2390.9730,12254154489,128484992987.6100,0.005267,-2.829490
2012-07-17,2382.1970,2410.7950,2380.4760,2407.3010,9554072679,100852801724.3900,0.004106,0.682866
2012-07-18,2404.4440,2415.5340,2369.8370,2415.0790,11300225378,113132334173.2600,0.004855,0.323114
2012-07-19,2409.5080,2452.2140,2403.6880,2434.6340,13373970032,129005495932.0600,0.005744,0.809712
2012-07-20,2427.4930,2438.8740,2408.2610,2414.2250,11094587033,105343465813.0700,0.004764,-0.838285
2012-07-23,2397.5540,2397.5540,2372.6380,2385.2440,9685379731,93839834115.5300,0.004157,-1.200435
2012-07-24,2372.1490,2413.3110,2370.8980,2398.8940,9324695929,90800497038.2000,0.004002,0.572285
2012-07-25,2391.4900,2403.8220,2379.1990,2382.6750,8873844355,86841560614.7200,0.003804,-0.676103
2012-07-26,2381.4820,2398.3400,2364.7200,2366.3230,9404411065,90969050847.8100,0.004031,-0.686279
2012-07-27,2372.7270,2378.9420,2353.1270,2361.5470,8844901125,89783464437.3800,0.003788,-0.201848
2012-07-30,2361.6000,2375.0700,2327.9790,2332.4780,8955568847,82980828778.8200,0.003806,-1.230924
2012-07-31,2330.6850,2335.2120,2308.5150,2313.7130,8942793581,82390718558.2300,0.003800,-0.804505
2012-08-01,2312.0500,2357.5660,2311.9120,2345.3420,8703304542,83011102881.8800,0.003698,1.367030
2012-08-02,2342.1490,2350.2670,2316.6210,2327.0780,8728632042,81454057431.8700,0.003709,-0.778742
2012-08-03,2332.2290,2359.0350,2325.0050,2359.0240,9236491900,90096633696.0000,0.003924,1.372786
2012-08-06,2353.8040,2403.3070,2351.4530,2401.7920,12339002995,121610026504.5200,0.005242,1.812935
2012-08-07,2400.1940,2414.0260,2398.3400,2414.0080,12917497946,123250969148.7200,0.005487,0.508633
2012-08-08,2414.3950,2425.5970,2401.0180,2411.9760,12264312043,118593468206.4900,0.005209,-0.084185
2012-08-09,2409.8720,2439.7230,2399.3860,2439.3780,12928922425,129472944688.2300,0.005491,1.136106
2012-08-10,2437.2070,2441.1980,2424.2270,2430.9950,12047491945,117929062450.0800,0.005112,-0.343656
2012-08-13,2425.6470,2425.6470,2380.5930,2381.2830,12372961176,119022132745.9300,0.005250,-2.044930
2012-08-14,2380.2390,2393.3830,2348.5800,2393.3830,12075868737,118049971413.5900,0.005120,0.508123
2012-08-15,2387.1430,2387.1430,2366.2750,2367.7840,9915165041,93370282405.7900,0.004204,-1.069579
2012-08-16,2362.9360,2370.7190,2350.3710,2353.4670,8316573381,79913682360.4800,0.003526,-0.604633
2012-08-17,2351.7690,2356.7100,2330.0070,2351.1040,7890168568,77851149509.2100,0.003345,-0.100417
2012-08-20,2335.6170,2352.5160,2321.6360,2347.6980,8399231124,79211541505.5500,0.003556,-0.144879
2012-08-21,2347.1960,2379.6760,2343.3860,2370.3840,11154636520,109319655655.1800,0.004719,0.966320
2012-08-22,2371.8000,2372.6820,2342.8720,2353.0000,10711399874,104705057869.2000,0.004532,-0.733374
2012-08-23,2353.5390,2368.4560,2342.8050,2364.4160,10678464508,105940450940.5700,0.004518,0.485169
2012-08-24,2357.5530,2360.0890,2328.2500,2328.6590,10764927422,102543926219.1300,0.004554,-1.512311
2012-08-27,2319.6770,2319.6770,2277.6850,2277.6900,10531335618,96499251339.1200,0.004453,-2.188781
2012-08-28,2275.1240,2303.3330,2270.7360,2290.4510,9478212878,85901897605.1800,0.004006,0.560271
2012-08-29,2284.4210,2298.0520,2271.9910,2272.0810,9381928787,87183918338.8200,0.003965,-0.802041
2012-08-30,2263.7430,2277.0580,2225.0640,2252.8860,11202941628,104312221535.3100,0.004734,-0.844780
2012-08-31,2247.0920,2263.0740,2245.1960,2253.1840,8121750860,72519202833.0200,0.003432,0.013199
2012-09-03,2250.1600,2290.6800,2247.1280,2285.5310,10577306059,96966951198.3200,0.004468,1.435642
2012-09-04,2287.7690,2292.0080,2259.2200,2263.1420,10307948305,97238423568.3800,0.004354,-0.979626
2012-09-05,2258.2370,2275.3730,2249.4590,2267.0590,10162041645,90970127547.3800,0.004291,0.173067
2012-09-06,2270.8120,2288.6870,2268.5510,2288.3020,10087155591,89644501351.6800,0.004260,0.937069
2012-09-07,2304.1670,2401.3700,2304.1670,2379.2780,23658688858,212191805155.1100,0.009990,3.975669
2012-09-10,2382.6360,2401.9400,2375.9790,2394.6090,18699226775,175530503812.6600,0.007890,0.644378
2012-09-11,2385.1970,2385.1970,2365.3100,2382.6610,14655445598,136250532279.9500,0.006183,-0.498974
2012-09-12,2393.5220,2404.3040,2371.2120,2394.7260,15008257321,138549056976.2000,0.006332,0.506385
2012-09-13,2392.1650,2400.0100,2366.6580,2366.6580,14063492447,129540713757.3300,0.005933,-1.172101
2012-09-14,2388.5720,2396.8510,2359.5100,2377.4430,15682811646,143345720003.9100,0.006616,0.455723
2012-09-17,2374.3340,2375.5750,2314.1750,2314.1750,13174501528,118291075329.6100,0.005558,-2.661181
2012-09-18,2304.9870,2314.5610,2289.1310,2297.6880,9402210179,85445650319.8400,0.003966,-0.712438
2012-09-19,2299.6520,2314.6490,2294.8030,2313.2340,9286524040,85797658934.3700,0.003917,0.676589
2012-09-20,2306.1790,2306.1790,2251.3260,2252.7200,11911625318,105868004006.4600,0.005023,-2.615967
2012-09-21,2246.5650,2268.6810,2239.2670,2246.8480,10315012135,91528031567.8000,0.004327,-0.260698
2012-09-24,2233.4380,2271.9030,2219.8170,2262.9040,9642663591,85128041097.3700,0.004044,0.714608
2012-09-25,2257.2560,2271.7570,2245.3180,2252.3480,8358888656,75004799412.2100,0.003506,-0.466455
2012-09-26,2249.7260,2257.0810,2210.6250,2214.2580,8691188622,74442556575.3500,0.003645,-1.691139
2012-09-27,2213.5060,2286.4760,2213.5060,2273.9140,12508928152,108867464006.3300,0.005245,2.694176
2012-09-28,2260.8530,2316.5800,2258.0170,2314.7840,12902640570,116150289570.7000,0.005408,1.797336
2012-10-08,2314.2860,2326.6560,2288.2770,2299.7110,9136349195,82434915253.2400,0.003829,-0.651162
2012-10-09,2307.0030,2355.0930,2307.0030,2355.0250,13947197414,124582770614.2800,0.005844,2.405268
2012-10-10,2349.8680,2368.4380,2343.7720,2368.1990,14079651886,120051597961.1200,0.005900,0.559382
2012-10-11,2361.2460,2365.9140,2339.1320,2339.8080,13214599237,113921787506.2400,0.005536,-1.198848
2012-10-12,2346.4110,2366.6330,2319.7380,2339.1280,11735187198,99519868866.8400,0.004916,-0.029038
2012-10-15,2339.0440,2339.7940,2308.4600,2327.0280,9880772732,88247681110.4800,0.004138,-0.517301
2012-10-16,2324.8630,2349.2010,2319.3250,2332.2370,10105528771,93407038319.5100,0.004232,0.223847
2012-10-17,2338.5040,2345.1640,2314.5800,2336.7370,10351448907,89733837815.1400,0.004334,0.192969
2012-10-18,2340.4850,2378.4960,2340.4850,2373.8940,15031320441,124985484612.1600,0.006294,1.590091
2012-10-19,2372.7830,2380.0660,2365.0190,2368.9670,11886453381,100697450453.3800,0.004977,-0.207529
2012-10-22,2356.9610,2383.3380,2352.4040,2379.1350,10759494844,94546041865.8000,0.004502,0.429205
2012-10-23,2378.5300,2381.9300,2349.3790,2351.6990,12664511553,106858662448.0000,0.005296,-1.153184
2012-10-24,2341.2290,2360.7140,2339.2210,2348.2180,12395676862,94686876201.8400,0.005183,-0.148008
2012-10-25,2347.4780,2362.9420,2325.7600,2327.5790,14052149530,103041483348.4400,0.005876,-0.878949
2012-10-26,2325.7990,2327.9720,2270.0970,2282.4430,12669100460,99543479477.2000,0.005297,-1.939172
2012-10-29,2276.6010,2284.4920,2264.6410,2273.8990,8803497255,71620656207.0200,0.003678,-0.374323
2012-10-30,2273.6050,2294.8000,2270.4470,2276.8650,9828517692,78558192589.7900,0.004102,0.130429
2012-10-31,2277.1400,2288.5780,2268.7230,2288.5780,9820797059,78627098267.0800,0.004098,0.514420
2012-11-01,2289.7030,2336.6060,2289.7030,2331.0110,13918997598,115040986119.3100,0.005808,1.854136
2012-11-02,2331.3740,2343.6080,2319.6420,2341.5490,12671528315,101488148297.8100,0.005286,0.452061
2012-11-05,2337.6370,2349.7840,2324.5930,2334.8850,11957268042,98388860811.5900,0.004979,-0.284590
2012-11-06,2334.2960,2335.3790,2291.0440,2322.3370,12339524336,101472032941.3600,0.005133,-0.537387
2012-11-07,2319.3850,2330.2750,2307.9270,2318.6240,10118479110,86898161825.5000,0.004208,-0.159909
2012-11-08,2300.6140,2304.1600,2269.5870,2269.5870,11328408780,92001952675.4000,0.004711,-2.114913
2012-11-09,2265.0680,2277.1180,2257.2880,2263.9050,8933018905,72235752298.9600,0.003715,-0.250360
2012-11-12,2265.4770,2277.8410,2258.3540,2277.2730,9456745565,77857761625.4100,0.003932,0.590481
2012-11-13,2276.6370,2276.6370,2231.4930,2235.0280,10309990769,83087627680.2000,0.004286,-1.855043
2012-11-14,2234.5480,2244.3890,2223.4720,2242.9830,8383870213,69654312086.2900,0.003485,0.355927
2012-11-15,2231.8460,2241.4060,2208.7040,2209.1480,8734572630,70436473038.4100,0.003631,-1.508513
2012-11-16,2204.8540,2205.9250,2179.3470,2193.9420,8400666655,68889584030.4500,0.003492,-0.688300
2012-11-19,2191.9290,2196.4330,2168.2890,2196.4330,7696365117,66978573524.2900,0.003196,0.113538
2012-11-20,2201.2080,2205.9170,2187.2210,2188.0440,7550694581,64744189609.6600,0.003135,-0.381945
2012-11-21,2187.3680,2215.2160,2168.0210,2215.2160,9367668499,76537403118.2900,0.003889,1.241856
2012-11-22,2203.5020,2204.7340,2187.9710,2193.9760,7856018636,64660190731.7200,0.003262,-0.958822
2012-11-23,2197.2550,2215.4650,2193.5700,2205.3820,8239068614,68341743025.6600,0.003421,0.519878
2012-11-26,2201.5440,2204.0140,2181.5280,2184.3370,7430134160,61405621884.0200,0.003084,-0.954286
2012-11-27,2177.2730,2177.2730,2134.3850,2134.5200,9697814397,74668664066.9700,0.004023,-2.280631
2012-11-28,2125.8390,2125.8390,2098.0360,2101.7680,8432688243,64322940538.2400,0.003498,-1.534406
2012-11-29,2101.0680,2114.7210,2084.2190,2084.5270,8168468343,62260858763.4000,0.003388,-0.820296
2012-11-30,2082.9290,2112.6510,2078.5600,2110.6580,9137120897,67174755718.8100,0.003790,1.253586
2012-12-03,2108.1590,2121.3160,2071.5410,2072.0420,9813380114,75629564951.7100,0.004069,-1.829616
2012-12-04,2066.6880,2099.0330,2054.1650,2095.7710,10259120412,78000014782.8800,0.004251,1.145246
2012-12-05,2091.8730,2183.1350,2089.3990,2172.1740,18870696018,145437950584.2000,0.007819,3.645536
2012-12-06,2170.1680,2182.2020,2157.4520,2169.2830,13001051265,101064900618.1300,0.005386,-0.133064
2012-12-07,2168.4750,2217.9570,2162.9920,2214.7190,18631616373,143256079655.4600,0.007719,2.094530
2012-12-10,2220.1770,2248.7340,2215.5240,2245.3370,18993391495,147679887811.7000,0.007867,1.382474
2012-12-11,2238.0370,2250.4750,2228.8620,2231.5270,15567604375,122250893759.7800,0.006446,-0.615066
2012-12-12,2229.7230,2244.2200,2217.0480,2237.3820,13087827446,103561422829.7500,0.005418,0.262375
2012-12-13,2231.3100,2238.6970,2210.1070,2210.6740,12230384173,95176395384.8000,0.005063,-1.193728
2012-12-14,2210.7790,2313.8720,2210.7790,2313.3710,25549737077,201617862536.6000,0.010574,4.645519
2012-12-17,2316.9040,2334.2370,2313.6540,2325.7590,23139774095,192372350738.0000,0.009538,0.535482
2012-12-18,2320.5770,2352.7500,2307.4350,2323.9560,20608192921,173502306745.1900,0.008492,-0.077501
2012-12-19,2319.3280,2342.7710,2316.0870,2330.0920,15941125520,137218356594.8000,0.006569,0.264032
2012-12-20,2322.3340,2346.2180,2306.3110,2341.6530,16687957994,146094602738.2000,0.006877,0.496141
2012-12-21,2342.7690,2369.9540,2326.4680,2334.4920,17633706555,160468571936.1500,0.007266,-0.305794
2012-12-24,2330.1850,2356.0250,2329.4250,2347.1200,13960696541,132496985359.8800,0.005747,0.540918
2012-12-25,2341.1540,2417.3350,2334.5220,2408.7140,24243079140,212744801762.1600,0.009975,2.624258
2012-12-26,2406.9320,2428.9530,2404.9140,2428.9290,21348687560,189592330407.4200,0.008784,0.839238
2012-12-27,2434.1320,2446.4810,2410.4880,2410.8880,21912038602,192261024503.6300,0.009014,-0.742776
2012-12-28,2411.1700,2443.0710,2406.8490,2443.0580,18986187508,169813828221.6900,0.007809,1.334380
2012-12-31,2447.8020,2478.4770,2447.8020,2478.4770,20690710040,189809037131.4100,0.008483,1.449769
2013-01-04,2501.6670,2507.2210,2451.9580,2475.6270,22409290578,204856596458.3800,0.009183,-0.114984
2013-01-07,2470.4980,2496.0520,2464.8380,2494.5500,19707112908,179945178997.3000,0.008064,0.764366
2013-01-08,2493.9990,2507.4970,2470.4090,2500.3820,21790351367,206831501120.2800,0.008916,0.233801
2013-01-09,2494.3580,2514.4640,2480.2400,2502.5310,21863443803,204484562747.4300,0.008945,0.085944
2013-01-10,2501.3710,2527.6310,2494.4700,2511.9630,20525357124,185527413259.2100,0.008396,0.376884
2013-01-11,2514.1320,2518.9190,2453.7960,2460.7990,21943617366,200506001340.0100,0.008975,-2.036816
2013-01-14,2453.5200,2554.7230,2453.4180,2551.0690,25037404557,239841357469.3700,0.010236,3.668352
2013-01-15,2553.2600,2590.2250,2552.4450,2581.4720,29098273781,276353418569.1500,0.011896,1.191768
2013-01-16,2577.6120,2585.9440,2531.1670,2569.6600,26624973540,251656424993.7800,0.010884,-0.457569
2013-01-17,2564.0220,2568.5210,2533.3970,2543.5900,20304538178,193363491716.2000,0.008301,-1.014543
2013-01-18,2554.3580,2592.1710,2542.8800,2585.2500,21540646031,200451625354.4200,0.008802,1.637849
2013-01-21,2592.8910,2602.6270,2575.8680,2602.6120,22821177349,212856728337.4500,0.009323,0.671563
2013-01-22,2601.0370,2603.6940,2558.5280,2576.3950,24846201704,231615078045.3800,0.010147,-1.007317
2013-01-23,2567.5630,2589.0360,2552.2190,2585.3220,19747541294,181584411077.6600,0.008065,0.346501
2013-01-24,2584.2880,2627.0070,2528.9630,2547.1980,26275759341,244150785919.8800,0.010730,-1.474652
2013-01-25,2544.1590,2556.6250,2534.2880,2539.4060,15526891560,148404635732.1700,0.006340,-0.305895
2013-01-28,2542.2260,2612.8360,2542.2260,2612.8360,20614997087,203704966359.1900,0.008414,2.891609
2013-01-29,2615.7780,2644.7740,2609.5730,2637.3720,23138190174,226439612141.4700,0.009444,0.939080
2013-01-30,2639.3380,2648.5570,2620.9890,2647.4730,24119703104,223034879484.1900,0.009844,0.382998
2013-01-31,2647.5110,2651.0630,2626.3290,2640.7660,22312724575,205953901790.2500,0.009095,-0.253356
2013-02-01,2632.7100,2681.4790,2628.5590,2681.4270,22633689950,219681801821.4300,0.009226,1.539748
2013-02-04,2689.9680,2699.7550,2662.8440,2676.3590,26503670710,259635631453.0000,0.010796,-0.188999
2013-02-05,2658.6650,2702.7080,2655.8040,2699.4120,23239106013,214996782709.7400,0.009466,0.861356
2013-02-06,2699.6430,2718.1680,2697.6740,2708.5430,18554451487,184236215772.8000,0.007558,0.338254
2013-02-07,2705.2840,2710.5620,2672.0620,2702.9650,18591675752,186939353293.3300,0.007578,-0.205937
2013-02-08,2699.5710,2738.4790,2699.0440,2724.8870,17601702538,178455134357.5900,0.007174,0.811040
2013-02-18,2736.9330,2740.6100,2702.9600,2713.5810,19600717283,193869748768.7300,0.007970,-0.414913
2013-02-19,2711.1770,2715.9380,2654.8380,2665.0540,20490363609,195206829551.3100,0.008331,-1.788323
2013-02-20,2663.9690,2697.0420,2654.4460,2696.7420,18841472265,185591982280.2200,0.007660,1.189037
2013-02-21,2674.9310,2674.9310,2598.3020,2621.2920,24109254497,235948268224.3700,0.009788,-2.797837
2013-02-22,2617.2880,2634.2780,2605.6640,2610.3700,16510553527,168020827911.7300,0.006702,-0.416651
2013-02-25,2617.1160,2637.7080,2611.0190,2627.5940,15288206675,153707532441.0600,0.006199,0.659825
2013-02-26,2613.0780,2646.0770,2589.2710,2591.0910,19842886984,200764871884.5500,0.008034,-1.389215
2013-02-27,2597.2080,2628.1520,2584.2800,2607.8610,16648353670,166969194485.6800,0.006740,0.647218
2013-02-28,2620.0480,2675.4000,2606.6460,2675.4000,21018496006,210849199180.2400,0.008510,2.589826
2013-03-01,2674.1900,2688.4130,2649.3280,2687.0730,21006058191,216138245121.2600,0.008503,0.436303
2013-03-04,2648.9350,2648.9350,2560.8000,2577.9380,27668251056,267302181170.0300,0.011195,-4.061474
2013-03-05,2577.8690,2648.1240,2572.7340,2648.1240,21930829757,216193380918.4200,0.008873,2.722555
2013-03-06,2657.3850,2686.5450,2649.9320,2682.1530,25248552361,246738398700.0900,0.010219,1.285025
2013-03-07,2674.6290,2686.6390,2625.4510,2651.4440,24766398040,244437637355.3400,0.010023,-1.144938
2013-03-08,2653.0010,2663.7020,2629.5160,2633.4710,17204898495,170338687913.7400,0.006962,-0.677853
2013-03-11,2628.2880,2641.3230,2608.1800,2625.3750,14508131659,140338590195.9400,0.005870,-0.307416
2013-03-12,2623.7700,2645.6930,2548.0810,2576.0120,19982443018,190512798469.6300,0.008084,-1.880228
2013-03-13,2570.7080,2573.1620,2532.2180,2550.3750,15138367078,142968482250.7000,0.006123,-0.995219
2013-03-14,2542.4080,2570.4420,2540.1860,2558.1000,13029961620,126284886919.6700,0.005270,0.302891
2013-03-15,2557.6570,2611.2210,2530.8080,2563.1470,18392207515,179283207633.2100,0.007477,0.197271
2013-03-18,2551.9550,2566.7920,2525.7630,2528.0500,15085509536,148476549594.5400,0.006132,-1.369300
2013-03-19,2529.8230,2543.9300,2506.6090,2543.7360,14463977052,139038823461.8300,0.005878,0.620480
2013-03-20,2544.4760,2621.0730,2544.1730,2621.0730,20516659927,195895000432.7400,0.008337,3.040289
2013-03-21,2621.8700,2646.1210,2618.8050,2636.3510,19764754835,192936996194.2100,0.008030,0.582894
2013-03-22,2633.3010,2647.7200,2624.9260,2642.0450,16948953190,161101082288.5000,0.006885,0.215984
2013-03-25,2648.1590,2658.4460,2628.8730,2638.1330,16324400541,158809948241.2000,0.006631,-0.148053
2013-03-26,2627.9490,2630.7680,2585.0610,2608.4630,17001355875,165548963049.6700,0.006904,-1.124675
2013-03-27,2608.1460,2639.7980,2599.2580,2616.5140,15870457960,156764732796.8500,0.006444,0.308669
2013-03-28,2581.2220,2581.2220,2532.6050,2534.7740,19869278548,186493098688.0800,0.008067,-3.124022
2013-03-29,2536.5210,2546.4470,2520.8460,2532.7630,13690045365,131481573127.7300,0.005557,-0.079307
2013-04-01,2527.4430,2551.9090,2525.9900,2539.5870,13220941831,128521930275.1100,0.005382,0.269399
2013-04-02,2540.9430,2566.3160,2513.7220,2520.4210,15356409729,150636259153.9100,0.006252,-0.754681
2013-04-03,2525.2240,2533.3250,2499.3530,2508.6700,13960722158,132006587920.8700,0.005684,-0.466211
2013-04-08,2472.1890,2506.8560,2451.9500,2506.7620,14689460284,142174239564.1000,0.005980,-0.076084
2013-04-09,2509.1820,2536.7260,2509.1820,2526.9960,13988223512,136701840456.7500,0.005694,0.807192
2013-04-10,2525.3630,2532.0520,2501.0660,2520.6090,13504487754,134854987185.2100,0.005495,-0.252769
2013-04-11,2532.2130,2538.4210,2511.4270,2512.6530,12378160883,116712880520.1800,0.005036,-0.315640
2013-04-12,2510.1690,2522.6350,2492.8520,2494.8050,11424569027,108518764662.9000,0.004647,-0.710321
2013-04-15,2486.6510,2489.7410,2459.0640,2465.8620,11764142109,108001435344.8700,0.004784,-1.160116
2013-04-16,2446.0080,2489.7250,2442.3500,2489.3360,12782755785,119025487607.6600,0.005197,0.951974
2013-04-17,2488.0530,2500.4220,2474.7280,2499.0190,11656949811,116588533656.5600,0.004739,0.388974
2013-04-18,2483.5390,2515.4000,2476.7540,2506.1880,12152939176,122402019062.6300,0.004939,0.286870
2013-04-19,2509.3250,2574.5430,2509.3250,2567.8590,18167204270,178557296710.9700,0.007377,2.460755
2013-04-22,2558.2430,2573.5870,2557.0090,2573.5840,17171208068,169108934771.8500,0.006967,0.222952
2013-04-23,2574.1340,2574.1340,2495.2540,2496.5740,17076283182,167624906623.2500,0.006925,-2.992353
2013-04-24,2498.2550,2555.9370,2494.1960,2546.4930,16681970102,167698567991.8400,0.006764,1.999508
2013-04-25,2538.6460,2554.6350,2510.7290,2511.8680,17933313653,181709401956.5300,0.007271,-1.359723
2013-04-26,2516.1630,2524.7500,2475.0190,2479.8710,13844299243,135638087070.4800,0.005613,-1.273807
2013-05-02,2468.8720,2489.9000,2460.2250,2486.7740,11793858332,118961651860.5500,0.004777,0.278345
2013-05-03,2493.9400,2552.0520,2493.9400,2533.4120,15669037271,158391036161.6100,0.006346,1.875440
2013-05-06,2541.5550,2577.9600,2541.5550,2572.6390,16929674028,173508155617.6000,0.006857,1.548388
2013-05-07,2567.8970,2584.8690,2556.6190,2577.5210,15803407053,164154885578.3600,0.006398,0.189779
2013-05-08,2585.3760,2601.5250,2577.4080,2595.5590,16993576398,173574591154.0600,0.006879,0.699823
2013-05-09,2594.6410,2596.2370,2566.5420,2588.4530,18660822304,197512292047.2400,0.007552,-0.273783
2013-05-10,2581.9190,2604.8880,2577.1830,2603.6890,17077606230,177215032459.3000,0.006904,0.588599
2013-05-13,2604.6730,2608.6520,2586.5880,2603.3410,16376354785,167441559450.4400,0.006618,-0.013352
2013-05-14,2599.2600,2599.2600,2554.9630,2569.5920,15796517381,161742321798.1700,0.006381,-1.296373
2013-05-15,2569.8780,2592.9790,2568.5250,2592.9790,14440930030,152831796058.5200,0.005831,0.910143
2013-05-16,2589.1440,2630.4430,2577.9620,2629.7290,21050659437,221558079024.5200,0.008496,1.417308
2013-05-17,2627.2910,2673.2090,2626.1590,2668.6110,23134551829,228802851752.7400,0.009334,1.478530
2013-05-20,2674.3520,2704.3230,2668.0310,2696.9270,25897346331,271857805618.9900,0.010437,1.061101
2013-05-21,2694.2780,2715.5820,2686.5750,2715.5590,24388164016,252652886354.0100,0.009822,0.690827
2013-05-22,2713.2980,2725.6030,2693.0020,2705.7450,24396271104,249510400000.0000,0.009806,-0.361380
2013-05-23,2693.9340,2718.6550,2673.1240,2677.7010,23495911039,230031352511.8000,0.009444,-1.036450
2013-05-24,2683.0460,2705.9740,2674.8480,2705.0280,19319665880,197705041878.5600,0.007763,1.020518
2013-05-27,2703.9410,2723.1470,2702.6160,2719.4730,20932398622,219762771830.1300,0.008407,0.534008
2013-05-28,2719.6280,2743.9800,2695.0680,2743.9800,24091316428,244367308866.1400,0.009662,0.901161
2013-05-29,2746.9420,2761.3110,2744.9420,2751.5190,22843928858,229014939789.0700,0.009157,0.274749
2013-05-30,2742.8840,2755.9290,2736.1570,2750.0960,21187909413,215876051167.6400,0.008492,-0.051703
2013-05-31,2753.6150,2760.5290,2727.0270,2728.0870,20561968896,213588570112.0000,0.824677,-0.800299
2013-06-03,2728.8100,2744.2810,2712.5160,2718.9650,18713404928,196772282368.0000,0.749668,-0.334374
2013-06-04,2716.7110,2716.7110,2658.8270,2673.6360,19614352260,194398611852.3900,0.007846,-2.780274
2013-06-05,2672.5220,2684.1420,2657.6340,2677.0950,14326205593,147819321587.1000,0.005730,0.129365
2013-06-06,2669.4730,2672.8880,2637.5190,2639.4270,15545680860,156936536207.5400,0.006213,-1.407019
2013-06-07,2640.9500,2653.4980,2586.9790,2597.2080,16796757415,167845270645.7000,0.006700,-1.599560
2013-06-13,2566.4060,2566.4060,2484.1590,2520.1110,16790565581,158629440285.5700,0.006691,-2.968454
2013-06-14,2524.5040,2556.5780,2524.0910,2553.5930,14779398832,151153195576.3200,0.005887,1.328589
2013-06-17,2559.8650,2568.8360,2537.1510,2551.1430,14878562704,159184056668.8700,0.005926,-0.095941
2013-06-18,2556.3140,2568.2380,2534.9160,2563.9900,13574146650,140561623684.7100,0.005401,0.503556
2013-06-19,2553.5950,2553.5950,2511.0360,2548.7190,14388806561,144381439381.9000,0.005672,-0.595576
2013-06-20,2534.5770,2534.5770,2465.2900,2466.1120,14422043879,143674705512.3400,0.005679,-3.241115
2013-06-21,2425.5260,2472.9580,2402.2850,2458.3010,14626168824,139698742130.1800,0.005757,-0.316735
2013-06-24,2450.8810,2450.8810,2293.7170,2305.7650,19414773489,174449659462.9600,0.007638,-6.204950
2013-06-25,2280.7780,2304.8230,2141.5030,2299.3400,24250862236,207704041977.1600,0.009540,-0.278641
2013-06-26,2303.4190,2325.8600,2276.5240,2325.8450,18891971234,177361494524.1100,0.007430,1.152706
2013-06-27,2331.5280,2362.3820,2302.9450,2304.5160,19715511482,184264824205.0600,0.007752,-0.917026
2013-06-28,2292.0830,2361.7300,2275.4740,2327.1400,17678617078,156493642662.3100,0.006947,0.981715
2013-07-01,2318.4960,2359.1410,2305.0050,2359.1370,14622462710,139022151331.8100,0.005739,1.374942
2013-07-02,2358.6760,2384.7360,2347.6080,2383.4770,16752161471,169401905161.2400,0.006573,1.031758
2013-07-03,2374.9100,2381.3640,2331.4720,2376.2230,17847237793,175026081811.9500,0.006984,-0.304372
2013-07-04,2361.3410,2419.3400,2349.6170,2393.8440,19315602972,185642774713.0800,0.007555,0.741590
2013-07-05,2397.8530,2422.3340,2388.4570,2389.2120,17419376359,166204416759.1400,0.006809,-0.193530
2013-07-08,2355.9600,2362.3250,2312.1920,2313.5280,15975526379,146553884576.6400,0.006241,-3.167712
2013-07-09,2309.3930,2325.9990,2298.0080,2320.1410,12065109484,114184753251.9800,0.004713,0.285832
2013-07-10,2320.2780,2386.5730,2317.1250,2386.5730,16763962559,155307672840.9000,0.006544,2.863269
2013-07-11,2394.6170,2498.2430,2394.6170,2476.3750,27644207970,249069956621.9000,0.010786,3.762801
2013-07-12,2471.4890,2492.4170,2440.4930,2441.6820,22025337751,212714442183.8900,0.008593,-1.400944
2013-07-15,2452.0210,2498.7250,2446.3850,2485.4400,19713067476,198862697671.5100,0.007690,1.792097
2013-07-16,2482.7750,2505.2260,2465.3310,2505.0570,19494664449,193778372098.3300,0.006906,0.789284
2013-07-17,2499.4470,2514.7170,2464.0440,2468.8780,20104702901,198106494477.0800,0.007120,-1.444217
2013-07-18,2459.9750,2470.4180,2433.3130,2446.7580,18005844630,175184492596.4300,0.006375,-0.895978
2013-07-19,2447.7960,2462.9380,2389.7130,2390.1620,20793601033,204566033658.5200,0.007361,-2.313090
2013-07-22,2372.7410,2421.6180,2363.2830,2421.5000,16423905671,163173278771.1000,0.005814,1.311110
2013-07-23,2429.6290,2489.9840,2428.9080,2486.2830,21603555567,215220705396.7000,0.007647,2.675344
2013-07-24,2477.6600,2493.4670,2447.6960,2486.6490,21683769132,224067310815.5800,0.007671,0.014700
2013-07-25,2489.8670,2500.1120,2448.8020,2455.9790,20438640517,208398287728.6400,0.007230,-1.233364
2013-07-26,2445.8130,2462.5410,2424.1840,2448.8310,15638963650,157449072829.7100,0.005531,-0.291043
2013-07-29,2432.8720,2432.8720,2394.9460,2400.6900,15971545977,155929262924.3100,0.005648,-1.965881
2013-07-30,2405.2460,2430.0350,2368.0760,2404.2270,15650883202,154162551872.8000,0.005535,0.147337
2013-07-31,2420.7600,2441.3530,2405.0320,2412.3790,14396400907,141159764066.9200,0.005091,0.339053
2013-08-01,2421.3080,2475.9780,2418.3900,2475.9780,18600445545,183359853043.7000,0.006578,2.636345
2013-08-02,2490.3910,2506.2030,2478.3350,2481.4420,19531654718,194718411529.9800,0.006907,0.220685
2013-08-05,2482.7080,2517.5240,2480.0300,2517.5240,17414989826,173161219833.5800,0.006155,1.454095
2013-08-06,2512.3850,2545.7500,2502.0700,2538.7640,21240672444,207314908629.9300,0.007506,0.843686
2013-08-07,2536.2560,2550.2660,2513.2060,2517.4070,21533137904,209960622462.2700,0.007609,-0.841224
2013-08-08,2513.3600,2537.9480,2505.7970,2520.3860,16988018164,168679634145.7800,0.006002,0.118317
2013-08-09,2528.8010,2544.2240,2497.5720,2528.8860,18862924457,187897678166.7000,0.006663,0.337269
2013-08-12,2537.3150,2582.0190,2535.4250,2581.8280,24619188553,237740484864.7500,0.008695,2.093477
2013-08-13,2581.9080,2593.9120,2574.7540,2593.8860,21761142213,199252890569.8400,0.007673,0.467037
2013-08-14,2595.9590,2611.1440,2575.6900,2585.4810,21982350246,207413016659.1400,0.007750,-0.324042
2013-08-15,2583.4640,2594.6390,2554.9240,2556.1540,18909892128,185489168225.4300,0.006664,-1.134301
2013-08-16,2545.1950,2619.4880,2518.8110,2519.6680,26533226394,242972245995.5900,0.009342,-1.427373
2013-08-19,2502.0540,2561.5150,2500.8470,2559.1640,17979280663,172853206807.6400,0.006280,1.567521
2013-08-20,2555.0360,2580.7400,2538.3560,2548.7590,19612807482,189988178170.4800,0.006850,-0.406598
2013-08-21,2552.4120,2556.0390,2530.3400,2554.7080,17314175694,166408122592.2900,0.006046,0.233416
2013-08-22,2549.6600,2571.7210,2545.2410,2555.8510,18247229831,178068948855.0200,0.006372,0.044724
2013-08-23,2564.9700,2570.5320,2502.8000,2545.0090,21714442196,215971300719.6900,0.007583,-0.424195
2013-08-26,2550.3740,2598.3180,2547.4550,2598.3180,21485711801,209250608432.0200,0.007502,2.094671
2013-08-27,2596.5480,2612.2990,2589.2870,2612.2990,22197635744,212556488824.5600,0.007749,0.538058
2013-08-28,2596.1670,2615.3700,2577.4170,2593.9190,27397659847,258367701402.5900,0.009559,-0.703590
2013-08-29,2599.9250,2604.7720,2575.5290,2588.7720,22954059118,207442970040.7900,0.008008,-0.198415
2013-08-30,2586.8860,2604.4540,2558.3360,2569.6890,28834178371,255361458899.0300,0.010060,-0.737145
2013-09-02,2574.0680,2588.6630,2550.6000,2582.7020,24063144704,214668496896.0000,0.008394,0.506392
2013-09-03,2585.3990,2621.1720,2581.9050,2621.0150,23776274748,214047500622.5000,0.008293,1.483437
2013-09-04,2620.2930,2630.1420,2612.1090,2621.5140,24353475160,220749964881.2300,0.008491,0.019049
2013-09-05,2619.6310,2628.1260,2610.4020,2620.8220,22179572800,211716642496.8300,0.007725,-0.026412
2013-09-06,2616.2570,2643.7370,2615.4980,2640.5210,23350616711,220962324170.7300,0.008125,0.751634
2013-09-09,2652.1480,2702.6550,2649.2450,2698.9780,33864943923,308643239137.0400,0.011780,2.213845
2013-09-10,2704.5810,2729.8170,2697.3870,2729.5430,36225177165,323425115648.4000,0.012599,1.132482
2013-09-11,2734.5230,2744.6590,2706.9560,2719.1000,39041356460,341680569397.5400,0.013578,-0.382587
2013-09-12,2713.3000,2748.5740,2708.9040,2736.0530,31698590690,276041986604.5500,0.011024,0.623492
2013-09-13,2732.2950,2741.0300,2716.6470,2730.1150,27102963084,244089708391.5400,0.009424,-0.217036
2013-09-16,2738.0910,2745.5120,2719.1560,2730.0000,25056800976,240289528609.2000,0.008708,-0.004221
2013-09-17,2730.7710,2730.7710,2678.7810,2679.3820,24976144943,235982454793.3700,0.008680,-1.854154
2013-09-18,2677.1030,2695.5720,2666.0970,2694.4820,19225298744,190526437989.9000,0.006685,0.563566
2013-09-23,2702.2950,2743.4280,2702.2950,2743.3380,23011633111,234509683205.1000,0.008000,1.813213
2013-09-24,2742.1610,2742.1610,2701.3370,2729.9640,27012779149,270782912499.1400,0.009390,-0.487518
2013-09-25,2726.8520,2741.0170,2710.3310,2715.7450,27107247027,269972166487.6800,0.009422,-0.520858
2013-09-26,2708.4960,2709.3350,2664.6010,2665.7380,24041340835,239503713059.5400,0.008356,-1.841385
2013-09-27,2663.0780,2684.1060,2662.8360,2675.9450,18584151756,192294320537.5900,0.006459,0.382906
2013-09-30,2686.1660,2703.4610,2686.1660,2703.4610,16514375538,177427948874.8200,0.005712,1.028267
2013-10-08,2702.3700,2746.1400,2692.5520,2743.9710,22491181265,235339948320.3500,0.007779,1.498468
2013-10-09,2736.1200,2768.7300,2728.8590,2768.5660,23402727311,243691341070.0000,0.008085,0.896336
2013-10-10,2772.0110,2772.1460,2737.0790,2743.9920,26988341791,277224443149.2400,0.009322,-0.887624
2013-10-11,2755.2990,2786.3600,2755.2990,2785.6760,27307923874,276418775498.4200,0.009431,1.519104
2013-10-14,2789.3610,2807.3960,2781.9130,2801.9060,29164334406,297596245194.5000,0.010069,0.582623
2013-10-15,2804.8220,2808.3730,2778.6370,2798.8380,27926577438,283183620507.2600,0.009630,-0.109501
2013-10-16,2790.3590,2790.3590,2719.2980,2732.3640,27554873774,273855554924.9800,0.009501,-2.375053
2013-10-17,2744.4080,2758.2750,2719.3770,2726.2120,23393462559,233544079011.9700,0.008065,-0.225139
2013-10-18,2726.7710,2748.7440,2721.3300,2741.4610,19035650214,191887167891.4800,0.006561,0.559348
2013-10-21,2747.9270,2801.6810,2742.9270,2801.6180,25332288512,259769425920.0000,0.008731,2.194322
2013-10-22,2800.6710,2805.0410,2764.7050,2771.4600,28287090176,291608809472.0000,0.009748,-1.076448
2013-10-23,2772.9040,2785.9250,2711.9780,2722.2750,26769315980,261091255589.6100,0.009222,-1.774681
2013-10-24,2714.8220,2726.6620,2697.1430,2702.4620,18559458816,183417737216.0000,0.006394,-0.727828
2013-10-25,2703.0700,2714.8960,2643.7880,2659.6770,20779696384,206726766592.0000,0.007156,-1.583183
2013-10-28,2661.2740,2666.2230,2640.4290,2656.2070,16964551680,166915731456.0000,0.005838,-0.130466
2013-10-29,2656.4070,2684.1040,2569.6680,2626.5800,26244235008,242587672576.0000,0.009032,-1.115386
2013-10-30,2622.7260,2667.0890,2618.2480,2666.7910,20900050176,191760756736.0000,0.007193,1.530924
2013-10-31,2658.3360,2658.3360,2627.8800,2630.4310,19800180992,182581866496.0000,0.006814,-1.363440
2013-11-01,2624.7120,2642.6250,2606.4350,2630.7980,16080978688,154306998272.0000,0.005534,0.013959
2013-11-04,2637.3300,2651.0440,2629.8940,2636.0940,14009436928,137475534848.0000,0.004818,0.201304
2013-11-05,2625.3120,2656.3140,2602.6000,2656.3140,17020783872,163142770688.0000,0.005853,0.767043
2013-11-06,2646.1830,2665.9220,2627.5000,2627.5000,18956505856,184138240000.0000,0.006517,-1.084735
2013-11-07,2621.3500,2627.4930,2594.1640,2602.8450,15348836608,148245377024.0000,0.005276,-0.938346
2013-11-08,2590.7560,2600.7870,2562.7900,2566.3360,15097585920,143319601152.0000,0.005188,-1.402659
2013-11-11,2563.2040,2587.1120,2548.8320,2577.7110,12728610304,124106518528.0000,0.004372,0.443239
2013-11-12,2579.2300,2604.2800,2574.7490,2603.6480,14587747840,143041536000.0000,0.005009,1.006203
2013-11-13,2592.9220,2592.9220,2551.1840,2551.1840,15619382016,147824066560.0000,0.005363,-2.015014
2013-11-14,2549.6250,2579.0740,2535.4730,2578.7280,15603335680,156225503232.0000,0.005357,1.079653
2013-11-15,2580.2220,2654.5970,2580.2220,2630.4040,22405371392,227770957824.0000,0.007690,2.003935
2013-11-18,2647.1450,2705.3490,2642.9900,2705.3490,26612387328,267201216512.0000,0.009129,2.849185
2013-11-19,2705.9540,2710.7560,2688.9090,2700.7400,22529487703,229813525635.1200,0.007729,-0.170362
2013-11-20,2710.9250,2719.7320,2693.2510,2719.7320,21477152768,210268381184.0000,0.007368,0.703203
2013-11-21,2707.9170,2712.6930,2683.1110,2707.4430,24294123776,237578469376.0000,0.008334,-0.451839
2013-11-22,2710.4120,2715.5030,2688.8010,2694.6440,21040587264,206217650176.0000,0.007218,-0.472737
2013-11-25,2684.9270,2716.5020,2678.6740,2689.6830,19669190940,197184166217.9200,0.006742,-0.184122
2013-11-26,2687.7900,2701.4180,2680.8820,2692.6860,18417286400,184462196736.0000,0.006313,0.111664
2013-11-27,2691.0870,2728.2600,2688.8240,2725.5300,21045840896,219675385856.0000,0.007214,1.219748
2013-11-28,2729.7640,2769.0210,2729.1700,2749.9150,24476388352,248141049856.0000,0.008389,0.894689
2013-11-29,2751.8820,2763.5310,2747.5610,2761.8200,20842512896,226642509824.0000,0.007144,0.432924
2013-12-02,2718.7550,2751.9890,2658.4240,2679.3360,30613200128,302594486272.0000,0.010492,-2.986586
2013-12-03,2663.0390,2721.0970,2659.6910,2716.7060,20619362304,210862047232.0000,0.007066,1.394753
2013-12-04,2712.7520,2771.0980,2709.5840,2753.1510,27145321216,266925785088.0000,0.009298,1.341508
2013-12-05,2752.7270,2759.4790,2735.6670,2744.1440,22208529152,220163915776.0000,0.007608,-0.327147
2013-12-06,2738.5350,2748.0820,2723.0620,2731.4130,18760381184,186560483328.0000,0.006420,-0.463932
2013-12-09,2738.8100,2749.4450,2733.4980,2744.5770,17380652288,179924205568.0000,0.005947,0.481942
2013-12-10,2748.6870,2758.7800,2735.5070,2747.2000,19929178112,196131549184.0000,0.006817,0.095572
2013-12-11,2736.7720,2736.7720,2695.3970,2712.0240,19312342272,187526180864.0000,0.006606,-1.280432
2013-12-12,2706.3500,2733.2010,2706.2980,2718.5780,16159153152,166742376448.0000,0.005528,0.241663
2013-12-13,2701.3860,2728.8200,2696.1390,2721.1020,16059066624,162276032512.0000,0.005492,0.092849
2013-12-16,2723.1640,2726.1260,2677.0510,2679.5530,18567963136,185985314816.0000,0.006350,-1.526921
2013-12-17,2679.3180,2684.6530,2657.2820,2664.8170,14785137664,148669751296.0000,0.005056,-0.549946
2013-12-18,2665.1350,2677.2850,2655.5040,2663.6290,12505748992,127851180032.0000,0.004274,-0.044580
2013-12-19,2670.3500,2679.2350,2636.9410,2637.8010,13434936320,135118561280.0000,0.004591,-0.969650
2013-12-20,2638.9790,2645.7350,2587.2030,2591.7360,15371220224,149608120320.0000,0.005254,-1.746339
2013-12-23,2594.3360,2602.7520,2560.4960,2591.9360,12608507392,128067600384.0000,0.004307,0.007715
2013-12-24,2596.5890,2627.4970,2583.0780,2604.4740,13129190400,137405739008.0000,0.004485,0.483734
2013-12-25,2606.6070,2631.8960,2598.4120,2631.7990,13230518016,143260086272.0000,0.004519,1.049154
2013-12-26,2628.9070,2629.4760,2585.4600,2586.3670,15255964416,159538626560.0000,0.005211,-1.726276
2013-12-27,2586.2140,2638.9880,2585.4400,2629.7740,15270698752,158814470144.0000,0.005216,1.678300
2013-12-30,2640.5660,2645.1160,2627.6670,2633.9470,15072493312,157352624128.0000,0.005146,0.158687
2013-12-31,2624.2430,2655.3650,2619.8360,2654.3460,15248656384,160241446912.0000,0.005193,0.774462
2014-01-02,2648.4690,2661.1430,2641.2690,2661.0730,14258409984,156719603712.0000,0.004854,0.253435
2014-01-03,2652.8240,2655.8550,2626.3840,2637.0470,17130893312,181900718080.0000,0.005831,-0.902864
2014-01-06,2631.3640,2631.3640,2567.9910,2572.6300,17785891072,177485242368.0000,0.006054,-2.442779
2014-01-07,2558.0480,2586.4550,2554.4260,2582.2150,13234723840,138664181760.0000,0.004500,0.372584
2014-01-08,2585.4440,2611.5220,2578.2680,2593.2700,15601186816,173018202112.0000,0.005305,0.428118
2014-01-09,2588.6500,2611.2130,2562.4780,2563.3240,16292255744,179154665472.0000,0.005541,-1.154760
2014-01-10,2555.8870,2562.6230,2525.8250,2531.8740,14821394432,145861226496.0000,0.005038,-1.226921
2014-01-13,2532.3990,2551.4030,2509.6120,2522.5480,13270405120,134213844992.0000,0.004510,-0.368341
2014-01-14,2521.9470,2559.6270,2514.2060,2559.6040,14444843264,143411081216.0000,0.004909,1.468987
2014-01-15,2557.2910,2567.9110,2548.8300,2567.5410,14327474944,152784179200.0000,0.004869,0.310088
2014-01-16,2567.9940,2585.1790,2561.6340,2569.1580,15004239104,160130977792.0000,0.005099,0.062976
2014-01-17,2561.3650,2563.2920,2536.2610,2537.7690,13487306496,141519020032.0000,0.004583,-1.221759
2014-01-20,2533.4560,2543.4350,2509.0080,2520.7560,12232718592,133216452608.0000,0.004156,-0.670390
2014-01-21,2521.4820,2554.3130,2521.4820,2553.4760,13169946368,144433983488.0000,0.004474,1.298022
2014-01-22,2556.1940,2616.1370,2555.6950,2615.9560,19771686656,207326838784.0000,0.006716,2.446860
2014-01-23,2615.2350,2631.3000,2612.2610,2619.8390,18127417344,204868956160.0000,0.006158,0.148437
2014-01-24,2613.7320,2653.1310,2611.5740,2645.8680,19697672960,217017036800.0000,0.006690,0.993527
2014-01-27,2632.8930,2645.7680,2616.9760,2625.3080,19437975296,211376775168.0000,0.006594,-0.777054
2014-01-28,2628.0470,2641.9730,2605.6700,2624.6230,15329397248,168742920192.0000,0.005197,-0.026094
2014-01-29,2629.2570,2646.2000,2627.5530,2644.0980,15049925120,169017974784.0000,0.005102,0.742006
2014-01-30,2639.2970,2639.2970,2618.6340,2623.4470,12942433536,147924979712.0000,0.004385,-0.781018
2014-02-07,2607.6740,2654.9500,2600.2640,2654.9500,15355516928,171259613184.0000,0.005199,1.200822
2014-02-10,2663.9900,2723.7210,2663.9900,2722.9150,25229622528,276741332992.0000,0.008542,2.559939
2014-02-11,2724.0630,2744.2710,2705.6800,2734.2340,27508792064,296637599744.0000,0.009313,0.415689
2014-02-12,2735.2890,2754.1990,2724.2540,2754.1940,24835820032,265953734656.0000,0.008408,0.730011
2014-02-13,2751.1870,2763.3940,2722.6560,2722.6560,27650868224,290301886464.0000,0.009360,-1.145093
2014-02-14,2721.3640,2757.8820,2718.6540,2757.8820,21837503232,235028619264.0000,0.007392,1.293813
2014-02-17,2771.1470,2796.7420,2764.9640,2796.6830,27372583424,300389748736.0000,0.009265,1.406914
2014-02-18,2796.4370,2796.4400,2769.0610,2778.8660,28081803776,310020882432.0000,0.009494,-0.637081
2014-02-19,2776.7390,2805.4160,2763.8020,2794.6590,28775811072,297007489024.0000,0.009728,0.568324
2014-02-20,2798.7700,2807.7140,2758.5370,2760.2610,29130069248,291155582976.0000,0.009847,-1.230846
2014-02-21,2755.9530,2762.7310,2720.1380,2741.4510,22086067968,228172529664.0000,0.007466,-0.681459
2014-02-24,2726.0220,2726.0220,2679.6200,2715.4500,23800243968,251848892416.0000,0.008043,-0.948438
2014-02-25,2717.9760,2734.0440,2616.2310,2628.2300,29072901376,327921143808.0000,0.009823,-3.211990
2014-02-26,2613.2180,2639.5310,2586.9830,2639.5310,22317284608,235491516416.0000,0.007540,0.429986
2014-02-27,2645.5360,2671.3110,2611.3500,2614.3770,25408285952,270284607488.0000,0.008583,-0.952974
2014-02-28,2608.5300,2643.5130,2582.5030,2643.0980,21451905792,225344909312.0000,0.007246,1.098577
2014-03-03,2639.9840,2679.0950,2635.4420,2679.0950,23302250496,237500899328.0000,0.007864,1.361927
2014-03-04,2670.1210,2679.5720,2646.3950,2675.9950,22366294272,236840845312.0000,0.007547,-0.115705
2014-03-05,2680.7280,2683.3060,2655.9680,2660.4900,20709190144,216100106240.0000,0.006988,-0.579415
2014-03-06,2655.2360,2673.7730,2624.4080,2666.5240,20933207296,217918746624.0000,0.007064,0.226798
2014-03-07,2664.1550,2682.0790,2647.3170,2658.2430,20086464512,213384859648.0000,0.006778,-0.310554
2014-03-10,2636.5060,2636.5060,2562.8050,2566.0590,21573983744,214972125184.0000,0.007277,-3.467849
2014-03-11,2558.5400,2585.6170,2547.7160,2570.9390,17635418368,178361700352.0000,0.005948,0.190170
2014-03-12,2564.1300,2592.1140,2536.5330,2571.8750,19080398848,183737131008.0000,0.006435,0.036408
2014-03-13,2574.5600,2606.5330,2572.3490,2603.9640,17914629632,170207002624.0000,0.006042,1.247693
2014-03-14,2592.0970,2606.7610,2572.0700,2590.1450,16357030144,158203576320.0000,0.005517,-0.530694
2014-03-17,2596.2370,2631.0730,2589.1010,2631.0520,16803623936,171902328832.0000,0.005666,1.579332
2014-03-18,2633.8870,2651.3460,2630.7510,2635.8300,18702436608,199457447936.0000,0.006306,0.181603
2014-03-19,2628.6710,2628.6710,2599.3060,2624.3280,18958810112,189714239488.0000,0.006392,-0.436379
2014-03-20,2618.5720,2636.8650,2567.7590,2567.7590,21134834176,205723148288.0000,0.007125,-2.155555
2014-03-21,2556.1090,2635.6440,2544.8220,2632.6150,24926040320,224098770944.0000,0.008402,2.525780
2014-03-24,2634.2080,2658.3730,2623.5160,2648.6650,25545993984,223350169600.0000,0.008611,0.609662
2014-03-25,2641.9670,2661.9790,2633.3750,2647.4800,23487549952,203823845376.0000,0.007916,-0.044742
2014-03-26,2652.4180,2659.3420,2642.6590,2650.9720,18792948992,175528202240.0000,0.006334,0.131897
2014-03-27,2647.0140,2654.3450,2616.8930,2616.8930,21427085568,199319674880.0000,0.007220,-1.285523
2014-03-28,2612.2550,2624.0210,2575.8730,2583.4720,22083888640,201224765440.0000,0.007440,-1.277131
2014-03-31,2584.4480,2591.8060,2556.4100,2570.9760,16266418688,146737414144.0000,0.005476,-0.483684
2014-04-01,2567.7360,2602.2480,2566.1590,2602.2370,14630583040,136559755264.0000,0.004925,1.215919
2014-04-02,2604.3150,2614.5780,2598.0380,2608.3190,18092231424,162628882432.0000,0.006090,0.233723
2014-04-03,2612.8870,2621.3670,2590.6260,2598.3920,18592838400,163638571008.0000,0.006257,-0.380590
2014-04-04,2591.4060,2625.8030,2587.7700,2625.8030,15190879232,143579242496.0000,0.005112,1.054917
2014-04-08,2616.4310,2670.6570,2614.1180,2668.4000,21704801536,201057669120.0000,0.007299,1.622244
2014-04-09,2671.1960,2685.0440,2668.3640,2682.7920,18873055488,186885079040.0000,0.006346,0.539353
2014-04-10,2685.8450,2723.6470,2678.0210,2709.5980,25976851712,249190948864.0000,0.008734,0.999179
2014-04-11,2700.8490,2710.5620,2688.1490,2701.5240,21689413632,209551896576.0000,0.007291,-0.297977
2014-04-14,2699.5460,2710.9120,2692.4190,2710.3070,18065677056,177193029632.0000,0.006069,0.325111
2014-04-15,2705.5900,2705.5900,2674.6580,2678.8180,19409431040,186907574272.0000,0.006519,-1.161816
2014-04-16,2672.0290,2688.8690,2665.7290,2681.4560,16168604672,156793819136.0000,0.005427,0.098474
2014-04-17,2686.1920,2690.8460,2674.6940,2676.8660,16038891520,156071776256.0000,0.005382,-0.171179
2014-04-18,2668.6980,2682.7280,2659.0860,2682.3100,15232383744,147790761984.0000,0.005111,0.203376
2014-04-21,2666.0390,2688.6940,2639.8010,2640.0600,17416090112,172832133120.0000,0.005843,-1.575135
2014-04-22,2635.3270,2648.5370,2598.0280,2635.5150,17691753216,172760379392.0000,0.005932,-0.172161
2014-04-23,2630.5150,2644.5030,2619.6620,2629.3260,14033016576,138212270080.0000,0.004703,-0.234829
2014-04-24,2626.6770,2638.0530,2611.1500,2613.8860,14330301696,139884683264.0000,0.004802,-0.587221
2014-04-25,2614.9930,2619.7160,2572.5360,2572.6900,16782864640,153873698816.0000,0.005621,-1.576046
2014-04-28,2565.5580,2565.6290,2508.8970,2510.9910,16734072320,149489750016.0000,0.005601,-2.398228
2014-04-29,2507.6600,2541.8960,2507.6240,2541.6340,13079268864,120201416704.0000,0.004376,1.220358
2014-04-30,2541.2910,2557.7080,2537.6600,2554.1970,12508693248,116622139392.0000,0.004182,0.494288
2014-05-05,2549.0870,2567.8880,2534.6210,2566.7900,13427646464,123553579008.0000,0.004488,0.493032
2014-05-06,2563.0030,2589.8210,2561.2530,2576.2970,14036336896,136054493184.0000,0.004691,0.370388
2014-05-07,2569.0950,2569.0950,2542.4000,2542.6930,13746108160,130692980736.0000,0.004593,-1.304353
2014-05-08,2537.0510,2577.3900,2533.5320,2543.6060,14030980352,128440090624.0000,0.004687,0.035901
2014-05-09,2544.2240,2546.4300,2513.1320,2529.9420,13775504128,125467721728.0000,0.004600,-0.537193
2014-05-12,2546.7740,2587.2010,2537.5080,2586.3380,19894925824,172450181120.0000,0.006640,2.229142
2014-05-13,2585.5370,2593.4140,2573.2480,2582.4470,17137633792,151077527552.0000,0.005717,-0.150439
2014-05-14,2581.8110,2591.3970,2575.6190,2581.5050,13541443328,123325067264.0000,0.004515,-0.036482
2014-05-15,2577.7860,2579.7120,2539.2320,2540.8160,14094789632,134362214400.0000,0.004698,-1.576172
2014-05-16,2537.8650,2543.1070,2515.6560,2538.1160,12389031168,117242171392.0000,0.004127,-0.106263
2014-05-19,2532.8610,2532.8610,2500.4160,2514.9050,11744646400,110691524608.0000,0.003910,-0.914495
2014-05-20,2526.3090,2541.1720,2515.3850,2521.1580,11748897792,117115842560.0000,0.003908,0.248635
2014-05-21,2513.5820,2544.3260,2498.1260,2544.3260,11629273088,110941249536.0000,0.003865,0.918942
2014-05-22,2544.3910,2573.1110,2541.5800,2542.7430,14487778816,140392972288.0000,0.004805,-0.062217
2014-05-23,2542.0790,2567.9930,2539.5170,2567.9930,12608715520,125826031616.0000,0.004179,0.993022
2014-05-26,2579.2930,2589.2130,2577.0890,2588.9640,14250924032,151943471104.0000,0.004722,0.816638
2014-05-27,2587.5810,2592.7910,2577.3990,2579.3410,13367791872,137001897984.0000,0.004428,-0.371695
2014-05-28,2579.2560,2610.3600,2575.3670,2609.3960,16486105088,168452472832.0000,0.005455,1.165217
2014-05-29,2610.2260,2617.1440,2585.9590,2586.0000,16086865408,167529132032.0000,0.005322,-0.896606
2014-05-30,2585.4070,2599.2550,2572.3890,2590.0610,14638168576,147499114496.0000,0.004840,0.157039
2014-06-03,2591.2970,2602.9660,2584.6880,2584.8490,13781228544,138373718016.0000,0.004553,-0.201228
2014-06-04,2583.2090,2583.2090,2545.7360,2563.0310,13824226816,135576006656.0000,0.004567,-0.844077
2014-06-05,2560.3520,2593.1870,2557.8970,2593.0770,13462048256,137370116096.0000,0.004445,1.172280
2014-06-06,2593.5980,2595.5000,2568.2740,2581.4910,13647344384,140399443968.0000,0.004505,-0.446803
2014-06-09,2575.0300,2595.6500,2571.6310,2573.2740,12994415104,132534505472.0000,0.004285,-0.318306
2014-06-10,2576.4560,2605.6790,2567.3020,2605.6740,15422932736,157069578240.0000,0.005085,1.259102
2014-06-11,2601.4720,2615.1130,2598.8760,2613.1820,15319072256,159539466240.0000,0.005049,0.288133
2014-06-12,2608.8260,2616.4910,2600.1730,2608.2280,16088983552,163347255296.0000,0.005297,-0.189572
2014-06-13,2605.5950,2640.8510,2605.1770,2636.8300,18902650880,192652406784.0000,0.006223,1.096609
2014-06-16,2638.6250,2657.8020,2638.4340,2655.2660,18886803200,193517305856.0000,0.006207,0.699174
2014-06-17,2651.3020,2651.3020,2630.4290,2631.6570,17587892224,175460859904.0000,0.005776,-0.889144
2014-06-18,2631.2540,2634.6700,2616.6430,2617.5530,17254908416,166126272512.0000,0.005665,-0.535936
2014-06-19,2617.0440,2622.5930,2551.3380,2561.8900,18224596480,173258948608.0000,0.005981,-2.126532
2014-06-20,2560.9870,2582.3090,2558.3070,2582.3090,13291665920,124413550592.0000,0.004361,0.797036
2014-06-23,2585.0500,2603.8660,2585.0500,2595.1680,14204265728,142047268864.0000,0.004655,0.497961
2014-06-24,2595.5760,2612.8990,2595.1170,2612.8940,14548311808,148329029632.0000,0.004768,0.683041
2014-06-25,2611.3540,2611.3540,2591.8680,2601.2660,13876049664,139551559680.0000,0.004540,-0.445021
2014-06-26,2602.6610,2632.2780,2602.6610,2630.2040,17171493120,175216541696.0000,0.005616,1.112458
2014-06-27,2629.9920,2653.1910,2624.0640,2642.3480,20290459136,195385638912.0000,0.006635,0.461706
2014-06-30,2645.4090,2665.2780,2644.7450,2664.8760,20480998400,202261499904.0000,0.006692,0.852578
2014-07-01,2669.0520,2673.8470,2660.3540,2673.7660,20662804480,207566012416.0000,0.006750,0.333604
2014-07-02,2673.8220,2686.8990,2663.1570,2686.5060,22216298752,218343849984.0000,0.007257,0.476481
2014-07-03,2686.3020,2708.8150,2680.7550,2703.5270,24717834752,233612947456.0000,0.008073,0.633574
2014-07-04,2704.3490,2707.4840,2695.1740,2700.5960,21638354688,210955661312.0000,0.007062,-0.108420
2014-07-07,2700.6200,2708.6620,2688.0510,2699.5120,19975149056,199814189056.0000,0.006515,-0.040139
2014-07-08,2697.3230,2713.0700,2680.6670,2712.8270,20039614208,203462647808.0000,0.006535,0.493235
2014-07-09,2710.0290,2714.6970,2673.3130,2673.3830,23469164544,240132251648.0000,0.007646,-1.453976
2014-07-10,2672.7480,2685.2110,2667.9380,2671.8720,19940767488,202076672000.0000,0.006493,-0.056520
2014-07-11,2671.3360,2697.5600,2670.4390,2691.5440,20996538624,204018913280.0000,0.006836,0.736258
2014-07-14,2694.4820,2724.5830,2690.7330,2724.5820,23211901440,231279620096.0000,0.007554,1.227477
2014-07-15,2721.5640,2725.8240,2705.8380,2720.9480,25300913408,243461877760.0000,0.008233,-0.133380
2014-07-16,2718.2400,2727.9790,2696.5520,2704.6440,24960909056,224387141632.0000,0.008117,-0.599201
2014-07-17,2701.4480,2701.4480,2675.7000,2690.9070,19399917568,175425863680.0000,0.006305,-0.507906
2014-07-18,2683.0960,2713.2250,2681.0920,2699.0460,19494298624,176799100928.0000,0.006330,0.302460
2014-07-21,2697.8750,2704.7980,2686.0120,2696.5800,17844684288,169084710912.0000,0.005793,-0.091359
2014-07-22,2692.5890,2732.8450,2692.2180,2730.9340,22493615360,208315764736.0000,0.007300,1.273984
2014-07-23,2730.3580,2742.1270,2710.0000,2719.8830,24892380672,225358704640.0000,0.008079,-0.404661
2014-07-24,2719.5360,2740.5170,2708.3510,2737.3980,28894876160,254151532544.0000,0.009377,0.643958
2014-07-25,2740.5310,2764.4190,2738.2750,2764.4190,24882341888,216909332480.0000,0.008072,0.987105
2014-07-28,2775.3490,2828.7260,2775.3490,2827.7600,38447620864,328629661696.0000,0.012470,2.291297
2014-07-29,2831.2320,2859.3970,2823.3220,2849.3660,34751000064,314945613824.0000,0.011271,0.764066
2014-07-30,2844.4930,2859.1940,2838.5100,2852.7700,32471872256,300474691584.0000,0.010531,0.119467
2014-07-31,2852.4220,2881.6420,2847.8040,2881.5410,29549073664,273040805888.0000,0.009582,1.008528
2014-08-01,2872.0790,2897.0290,2851.1810,2852.6390,34316425216,311295234048.0000,0.011127,-1.003008
2014-08-04,2858.1070,2901.4940,2856.9380,2901.4940,30320598016,277151252480.0000,0.009828,1.712624
2014-08-05,2903.1590,2909.1970,2885.2280,2909.1010,31937581568,297053548544.0000,0.010352,0.262181
2014-08-06,2899.3570,2920.1870,2880.6580,2913.2380,31935942912,287693082624.0000,0.010351,0.142208
2014-08-07,2912.8920,2922.2500,2877.9140,2879.2260,31615888640,285287530496.0000,0.010247,-1.167497
2014-08-08,2881.3740,2900.2350,2877.4070,2893.2490,25148167680,238237638656.0000,0.008150,0.487039
2014-08-11,2899.4450,2936.0100,2899.4450,2935.9160,28099685632,273662582784.0000,0.009093,1.474709
2014-08-12,2933.9870,2939.8770,2923.2050,2939.8490,28899434240,284533469184.0000,0.009350,0.133965
2014-08-13,2939.5820,2949.8840,2908.3450,2941.0540,32156925696,303902023680.0000,0.010402,0.040983
2014-08-14,2938.8120,2953.1870,2918.1060,2920.1910,31555999232,300124172288.0000,0.010207,-0.709373
2014-08-15,2921.5280,2955.7490,2917.1350,2952.0740,28966930688,282171731968.0000,0.009369,1.091814
2014-08-18,2958.6270,2984.4480,2958.6270,2984.3550,32248759296,319224520704.0000,0.010427,1.093503
2014-08-19,2989.8350,2996.1350,2970.8130,2991.3970,35259641344,354460983296.0000,0.011400,0.235964
2014-08-20,2989.5970,2999.4410,2977.5870,2985.9200,32428893440,315802488832.0000,0.010481,-0.183093
2014-08-21,2986.8230,2988.3610,2950.8590,2981.9200,31314774784,309397516288.0000,0.010118,-0.133962
2014-08-22,2980.1150,3003.3580,2977.1270,2999.9820,29965356544,308981055488.0000,0.009681,0.605718
2014-08-25,3001.2480,3001.2480,2968.7130,2975.6340,29683952384,296106332160.0000,0.009589,-0.811601
2014-08-26,2970.1710,2980.5420,2925.8430,2935.5830,30024156928,292573356032.0000,0.009697,-1.345966
2014-08-27,2933.9010,2953.5960,2933.9010,2944.9920,22898594560,230968958976.0000,0.007395,0.320513
2014-08-28,2945.6700,2953.7280,2916.8600,2921.3370,23351655680,235137515520.0000,0.007540,-0.803229
2014-08-29,2923.2790,2954.3580,2919.4590,2954.1220,19400715264,199167184896.0000,0.006263,1.122265
2014-09-01,2957.7260,2992.9100,2957.7260,2992.9100,24420859648,257891950592.0000,0.007875,1.313007
2014-09-02,2999.7920,3036.1020,2994.8370,3036.1020,34777993984,360790708224.0000,0.011214,1.443149
2014-09-03,3040.8810,3064.8150,3040.8810,3061.4820,38421480960,395826204672.0000,0.012388,0.835936
2014-09-04,3064.1820,3087.4040,3055.3890,3087.3110,37208615168,389567647744.0000,0.011995,0.843680
2014-09-05,3093.1810,3107.9090,3081.8560,3107.4360,38445316608,387605815296.0000,0.012392,0.651862
2014-09-09,3110.5540,3119.0760,3091.7810,3116.3960,36426673920,368086007808.0000,0.011738,0.288339
2014-09-10,3106.0840,3121.1990,3092.3350,3117.6830,35644704256,357986566144.0000,0.011486,0.041301
2014-09-11,3116.2920,3154.3210,3096.4400,3111.3270,41552568832,428400189440.0000,0.013390,-0.203876
2014-09-12,3107.1610,3140.5680,3101.5500,3140.5680,34995045888,342431907840.0000,0.011275,0.939831
2014-09-15,3138.1980,3159.9920,3129.5190,3158.4530,39618738176,399235723264.0000,0.012760,0.569476
2014-09-16,3161.2860,3165.1610,3071.6500,3073.5550,53248435712,489740107776.0000,0.017146,-2.687960
2014-09-17,3077.7400,3094.2210,3051.9010,3094.2210,36877838848,331739996160.0000,0.011874,0.672381
2014-09-18,3089.4270,3113.6580,3082.2040,3111.2770,33252529408,297763454976.0000,0.010702,0.551226
2014-09-19,3112.4250,3140.9100,3105.1790,3137.8430,30843915776,299264036864.0000,0.009916,0.853859
2014-09-22,3132.2660,3132.2660,3084.1320,3091.2860,31852700928,313310875648.0000,0.010229,-1.483730
2014-09-23,3091.2060,3126.8300,3091.2060,3126.5540,29013974272,293497749504.0000,0.009316,1.140887
2014-09-24,3119.8040,3174.9540,3113.5830,3174.6330,39068596992,381876506624.0000,0.012544,1.537767
2014-09-25,3185.3610,3203.1250,3162.6070,3172.6180,40289200384,401702248448.0000,0.012932,-0.063476
2014-09-26,3165.6770,3181.4760,3155.1860,3180.3560,31964157952,319756673024.0000,0.010256,0.243901
2014-09-29,3189.7160,3205.5000,3188.2170,3204.1930,36075461120,368485945344.0000,0.011532,0.749512
2014-09-30,3209.0860,3221.9800,3201.5820,3219.3030,33800867328,343932018688.0000,0.010801,0.471565
2014-10-08,3230.4930,3261.3020,3213.4520,3261.3020,36581292288,384195997696.0000,0.011689,1.304600
2014-10-09,3264.8390,3275.0680,3232.5710,3269.9220,43487603968,442907287552.0000,0.013889,0.264315
2014-10-10,3259.0330,3271.3320,3237.8900,3253.7480,41642189312,413997953024.0000,0.013294,-0.494632
2014-10-13,3241.7200,3246.4120,3204.7550,3246.4120,37232405504,374398226432.0000,0.011886,-0.225461
2014-10-14,3241.2760,3266.1270,3219.9730,3237.0860,36565346304,365405241344.0000,0.011673,-0.287276
2014-10-15,3235.1160,3255.5130,3211.8990,3255.4250,36544459264,362061316096.0000,0.011662,0.566531
2014-10-16,3237.4520,3272.1370,3217.2110,3217.2110,41903950592,408460185600.0000,0.013371,-1.173859
2014-10-17,3211.9220,3225.5380,3145.4540,3195.3950,37567887104,371102392320.0000,0.011987,-0.678100
2014-10-20,3202.4150,3229.0720,3198.4230,3229.0720,28502077696,297148133376.0000,0.009093,1.053923
2014-10-21,3227.7230,3236.4570,3199.8000,3201.7850,29766372352,303355990016.0000,0.009495,-0.845045
2014-10-22,3201.8190,3217.5820,3170.5210,3172.2200,27195797504,286101204992.0000,0.008674,-0.923389
2014-10-23,3165.4660,3176.8650,3121.1400,3130.4630,29203120896,289399570432.0000,0.009313,-1.316336
2014-10-24,3131.6850,3151.0840,3123.1860,3132.4280,22882488832,232889499648.0000,0.007294,0.062773
2014-10-27,3120.0630,3134.4170,3102.6800,3133.4310,22880715008,236435759104.0000,0.007293,0.032018
2014-10-28,3139.8870,3206.0160,3139.8870,3205.9620,31453457920,326913622016.0000,0.010025,2.314747
2014-10-29,3215.2240,3262.0010,3208.7780,3251.5260,45006481408,449091940352.0000,0.014341,1.421226
2014-10-30,3250.5340,3270.5010,3242.2760,3262.2840,46482912000,430390095872.0000,0.014811,0.330862
2014-10-31,3266.5070,3282.6050,3244.0400,3281.5550,49737468672,450831011840.0000,0.015847,0.590721
2014-11-03,3287.5420,3307.8300,3284.4420,3303.3820,46899868416,420085960704.0000,0.014941,0.665146
2014-11-04,3302.1710,3307.9490,3279.8270,3293.4130,47897728000,423533842432.0000,0.015258,-0.301781
2014-11-05,3294.3130,3298.6810,3274.3650,3285.9220,41978990336,377986482176.0000,0.013372,-0.227453
2014-11-06,3285.4650,3302.3650,3264.0870,3302.0950,36428297216,353253421056.0000,0.011604,0.492186
2014-11-07,3305.6160,3332.5670,3270.0120,3284.0950,46701353472,464121131008.0000,0.014874,-0.545108
2014-11-10,3303.8520,3335.9490,3289.5260,3335.9490,45607776768,433613840384.0000,0.014523,1.578943
2014-11-11,3345.8730,3353.3140,3244.1690,3273.5300,61264743424,571240128512.0000,0.019503,-1.871100
2014-11-12,3260.2680,3323.9670,3254.6970,3323.9670,37808656128,371834241024.0000,0.012036,1.540753
2014-11-13,3324.3120,3329.5240,3275.8360,3293.3900,45243539968,449133768704.0000,0.014402,-0.919899
2014-11-14,3280.1460,3290.0090,3262.8200,3287.3090,34146950144,337010372608.0000,0.010867,-0.184637
2014-11-17,3309.7350,3325.7360,3278.8780,3300.5120,33641714944,345936920576.0000,0.010705,0.401632
2014-11-18,3297.0040,3307.8410,3280.7830,3292.4380,31278115072,312045019136.0000,0.009952,-0.244628
2014-11-19,3290.2010,3313.5220,3287.3520,3301.4210,30449712896,320775446528.0000,0.009687,0.272835
2014-11-20,3291.5510,3306.3350,3285.0180,3299.5470,27233836032,289800392704.0000,0.008664,-0.056757
2014-11-21,3299.3100,3345.7460,3299.0170,3345.5560,34185325824,363554742272.0000,0.010875,1.394397
2014-11-24,3377.7450,3420.9260,3364.9870,3405.5990,56380256512,572535894016.0000,0.017934,1.794716
2014-11-25,3407.0700,3454.2920,3401.7840,3454.2920,50034395392,520957153280.0000,0.015915,1.429789
2014-11-26,3461.7110,3488.4790,3453.5130,3488.4000,52947293440,563649433600.0000,0.016841,0.987407
2014-11-27,3501.5340,3521.4530,3483.4000,3521.3570,57540490240,606604460032.0000,0.018298,0.944761
2014-11-28,3520.7120,3555.0580,3504.8140,3555.0210,69969289216,697141919744.0000,0.022245,0.955997
2014-12-01,3565.6130,3578.4050,3528.4290,3544.5400,66679634176,676925652992.0000,0.021189,-0.294821
2014-12-02,3534.6200,3641.2050,3532.2870,3629.8890,63895337472,660420481024.0000,0.020304,2.407897
2014-12-03,3640.0000,3690.7720,3609.8190,3673.8090,84634464256,894243753984.0000,0.026892,1.209959
2014-12-04,3679.1250,3787.0700,3675.0110,3786.9350,80168869888,865819275264.0000,0.025473,3.079256
2014-12-05,3813.8410,3823.1790,3641.3290,3732.9990,83490512900,922275291136.0000,0.030112,-1.424265
2014-12-08,3738.1750,3859.5120,3704.9140,3845.1400,85662998528,957495390208.0000,0.027213,2.360432
2014-12-09,3826.4650,3925.0820,3654.4000,3675.5420,111157846016,1239792746496.0000,0.035312,-4.410708
2014-12-10,3677.0790,3807.5990,3638.1370,3804.0780,73957740544,835119230976.0000,0.023494,3.497059
2014-12-11,3778.5450,3845.8230,3763.5140,3808.5580,71410147328,771005784064.0000,0.022667,0.117774
2014-12-12,3809.9250,3848.9880,3803.3300,3833.9480,60836203008,678336450560.0000,0.019305,0.666654
2014-12-15,3819.6450,3884.1430,3802.9900,3878.1660,60579936512,689997885440.0000,0.019219,1.153329
2014-12-16,3881.5320,3932.3930,3869.8070,3932.3930,66174305536,770893955072.0000,0.020987,1.398265
2014-12-17,3941.6120,3956.0700,3876.5180,3947.7580,76491804672,883469705216.0000,0.024252,0.390729
2014-12-18,3943.0460,3971.9360,3920.3200,3934.5500,61362710528,716183945216.0000,0.019456,-0.334570
2014-12-19,3931.1430,3942.2220,3845.5630,3937.1820,72770256896,779964223488.0000,0.023073,0.066890
2014-12-22,3939.5740,3939.5740,3833.7580,3863.0850,91777499136,913914957824.0000,0.029064,-1.881979
2014-12-23,3830.5890,3884.6640,3781.2770,3787.4000,60189625600,622521466880.0000,0.019060,-1.959187
2014-12-24,3798.1620,3813.6290,3718.6600,3760.2860,52746227968,567984820224.0000,0.016702,-0.715901
2014-12-25,3779.6070,3852.9160,3760.8500,3852.7110,52310425088,566048460800.0000,0.016562,2.457926
2014-12-26,3858.4610,3936.6640,3851.0710,3933.0100,62970271488,707979907072.0000,0.019932,2.084223
2014-12-29,3969.2650,3970.7780,3870.6030,3910.0570,70844850176,815140962304.0000,0.022405,-0.583602
2014-12-30,3902.8940,3920.8460,3857.5260,3880.5550,56043515904,653666717696.0000,0.017723,-0.754515
2014-12-31,3881.9930,3944.4990,3876.9640,3941.6280,56234378496,638763237376.0000,0.017693,1.573821
2015-01-05,3963.8830,4045.0800,3941.2230,4027.2770,74583142400,825231917056.0000,0.023414,2.172939
2015-01-06,3998.1980,4063.0070,3975.2970,4054.4570,70865616896,815838248960.0000,0.022240,0.674896
2015-01-07,4038.4420,4069.1260,4017.3220,4057.0430,55554413056,660225228800.0000,0.017431,0.063780
2015-01-08,4058.8900,4065.6570,3984.3880,3997.0780,53085068800,617446174720.0000,0.016655,-1.478049
2015-01-09,3984.4240,4089.0460,3976.0310,3978.9870,56738875136,680617488384.0000,0.017797,-0.452601
2015-01-12,3961.2210,3975.1700,3895.9130,3934.7340,45743361024,552763424768.0000,0.014346,-1.112172
2015-01-13,3929.6030,3975.4120,3929.6030,3961.2230,35147009536,455991095296.0000,0.011022,0.673210
2015-01-14,3966.4680,3983.0090,3920.9880,3947.6910,35891556096,443874930688.0000,0.011254,-0.341611
2015-01-15,3946.7440,4027.4930,3939.0940,4027.4930,40577356800,514667732992.0000,0.012709,2.021486
2015-01-16,4036.9990,4085.3120,4032.2170,4070.5100,48470107136,610620973056.0000,0.015181,1.068086
2015-01-19,3890.8150,3972.3700,3804.8120,3839.9260,59231766272,683567431680.0000,0.018542,-5.664744
2015-01-20,3835.0180,3930.1200,3835.0180,3929.8740,53493740032,690294992896.0000,0.016736,2.342441
2015-01-21,3950.6290,4071.5910,3948.0910,4066.4980,61903403776,789020450816.0000,0.019366,3.476550
2015-01-22,4068.8880,4111.2630,4052.7390,4106.5970,54200473856,693555666944.0000,0.016950,0.986085
2015-01-23,4118.5040,4140.2730,4071.2090,4091.2720,54621651712,693720764416.0000,0.017068,-0.373185
2015-01-26,4097.2040,4152.5130,4092.1610,4151.9990,49573812480,625811312640.0000,0.015490,1.484307
2015-01-27,4158.8920,4166.0860,4071.1230,4141.2140,57420089088,709937561600.0000,0.017938,-0.259758
2015-01-28,4119.1150,4152.0300,4089.0500,4101.2770,46617569792,591066464256.0000,0.014551,-0.964379
2015-01-29,4056.0270,4087.3250,4037.3400,4062.7250,42798249216,513435504640.0000,0.013357,-0.939994
2015-01-30,4073.7120,4090.7770,4011.5860,4011.5920,40974438144,493521887232.0000,0.012786,-1.258590
2015-02-02,3946.7730,3998.3880,3934.8070,3955.5310,38035291904,449179320320.0000,0.011858,-1.397476
2015-02-03,3980.7810,4040.3900,3971.0050,4039.5550,39161214208,502130270208.0000,0.012209,2.124214
2015-02-04,4048.1650,4072.9060,4012.0360,4013.4530,40269407232,519861243904.0000,0.012553,-0.646162
2015-02-05,4081.3300,4082.5370,3986.7460,3986.8080,47903959296,615131738112.0000,0.014931,-0.663887
2015-02-06,3973.0680,3983.8320,3892.0870,3914.3290,39343404800,485146222592.0000,0.012262,-1.817971
2015-02-09,3905.3720,3946.9470,3899.1280,3921.6000,32432698880,423671799808.0000,0.010103,0.185753
2015-02-10,3918.9250,3981.8540,3916.6020,3981.7880,29975557120,389147856896.0000,0.009335,1.534781
2015-02-11,3988.5090,4028.7170,3988.5090,4022.1410,29902334976,402972631040.0000,0.009304,1.013440
2015-02-12,4024.5130,4051.3190,4009.0320,4044.4480,32580825344,429520236544.0000,0.010132,0.554602
2015-02-13,4062.9370,4120.0340,4062.9370,4093.4520,42516013824,550962327552.0000,0.013221,1.211634
2015-02-16,4100.9020,4150.8430,4100.6190,4150.2760,38725643264,530217783296.0000,0.012038,1.388168
2015-02-17,4164.1080,4188.4420,4164.1020,4180.8380,37448997376,501727219712.0000,0.011630,0.736385
2015-02-25,4190.1260,4190.2140,4136.3770,4150.6020,38290472448,507050442752.0000,0.011884,-0.723201
2015-02-26,4145.9800,4221.5300,4136.7100,4220.3340,46348516608,584886571008.0000,0.014381,1.680044
2015-02-27,4220.2200,4255.2990,4218.5800,4246.2280,47730862592,609580412928.0000,0.014810,0.613554
2015-03-02,4279.0940,4309.6940,4253.5270,4309.6450,58418294784,780895956992.0000,0.018111,1.493490
2015-03-03,4291.8720,4300.2440,4239.8760,4242.7350,62954350848,826113552384.0000,0.019517,-1.552568
2015-03-04,4245.3030,4291.0850,4242.4170,4291.0090,50638280448,674449076224.0000,0.015699,1.137802
2015-03-05,4282.0610,4287.8780,4250.8350,4278.0140,53868094720,720467271680.0000,0.016699,-0.302834
2015-03-06,4282.0530,4293.4950,4235.8610,4240.6500,47841275136,633680687104.0000,0.014816,-0.873402
2015-03-09,4215.9400,4306.7090,4190.1450,4305.6010,49849310720,632684326912.0000,0.015431,1.531633
2015-03-10,4298.6040,4347.1800,4295.1230,4324.3250,47488979968,634280779776.0000,0.014694,0.434878
2015-03-11,4327.7230,4353.2500,4311.8970,4325.4630,47043242496,627415916544.0000,0.014508,0.026309
2015-03-12,4347.4260,4360.5690,4335.5020,4358.4180,54939653120,716500930560.0000,0.016941,0.761886
2015-03-13,4369.7100,4404.7400,4369.7100,4404.5430,50377131264,657990889472.0000,0.015525,1.058297
2015-03-16,4433.7270,4527.3920,4428.0120,4527.3900,64845205504,894045696000.0000,0.019973,2.789101
2015-03-17,4555.9780,4599.1010,4536.8300,4590.3410,83044597760,1094474067970.0000,0.025576,1.390441
2015-03-18,4598.9090,4686.4650,4591.4540,4686.4650,86195458048,1099795333120.0000,0.026537,2.094050
2015-03-19,4689.3500,4707.4640,4656.8590,4701.4210,84358840320,1083539374080.0000,0.025949,0.319133
2015-03-20,4710.2290,4767.0100,4702.4460,4759.9490,80949755904,1141994356740.0000,0.024892,1.244907
2015-03-23,4790.9830,4870.6340,4790.9830,4870.6340,85401767936,1203298631680.0000,0.026259,2.325331
2015-03-24,4884.0060,4896.7890,4747.7560,4890.8240,102105673728,1408001114110.0000,0.031394,0.414534
2015-03-25,4885.1270,4932.3660,4856.5030,4901.0530,84844097536,1231518105600.0000,0.026087,0.209147
2015-03-26,4878.8830,4934.9010,4831.3130,4873.9740,78916857856,1172284506110.0000,0.024245,-0.552516
2015-03-27,4874.2760,4927.5110,4857.5010,4914.2660,63881017600,921980493824.0000,0.019626,0.826676
2015-03-30,4935.6130,5012.7070,4935.6130,5002.0890,85133602816,1180935520260.0000,0.026118,1.787098
2015-03-31,5041.4730,5055.4500,4974.8190,4987.9990,86914981888,1257646456830.0000,0.026662,-0.281679
2015-04-01,4993.2480,5104.9580,4991.5770,5094.5480,72731095040,1097503551490.0000,0.022298,2.136104
2015-04-02,5124.0180,5152.8010,5077.9820,5152.6460,79291740160,1203366592510.0000,0.024309,1.140398
2015-04-03,5130.4970,5232.0800,5113.6430,5232.0230,79089864704,1225550397440.0000,0.024245,1.540509
2015-04-07,5267.9740,5346.4980,5267.9740,5346.1250,90896338944,1379421126660.0000,0.027859,2.180840
2015-04-08,5367.8970,5376.2180,5233.7130,5341.9070,97282424832,1518525874180.0000,0.029800,-0.078894
2015-04-09,5355.0210,5355.0210,5175.2750,5299.2720,92415143936,1458994544640.0000,0.028301,-0.798128
2015-04-10,5281.0310,5426.7430,5260.5220,5419.8960,77155196928,1227393073150.0000,0.023610,2.276238
2015-04-13,5458.0710,5538.1940,5436.7130,5526.0410,91603214336,1414730940420.0000,0.028004,1.958433
2015-04-14,5533.7580,5584.6520,5481.9720,5537.1390,92333879296,1418061283330.0000,0.028220,0.200833
2015-04-15,5529.0190,5529.0190,5392.1180,5393.9390,91539116032,1323724308480.0000,0.027870,-2.586177
2015-04-16,5342.9610,5528.8820,5304.4790,5504.8290,80338186240,1187490562050.0000,0.024447,2.055829
2015-04-17,5565.1820,5605.0370,5531.8160,5572.1940,102723674112,1496818515970.0000,0.031244,1.223739
2015-04-20,5575.0200,5630.5230,5445.1420,5471.5750,121749016576,1766812024830.0000,0.037025,-1.805728
2015-04-21,5474.4070,5633.2090,5471.0910,5633.2090,93688541184,1404955590660.0000,0.028472,2.954063
2015-04-22,5667.7490,5788.0830,5667.7490,5787.6850,103795683328,1622998908930.0000,0.031536,2.742239
2015-04-23,5815.4050,5860.1640,5753.3680,5822.2330,103770320896,1643583176700.0000,0.031516,0.596920
2015-04-24,5752.3340,5827.2990,5699.2920,5803.5940,97133379584,1547343364100.0000,0.029460,-0.320129
2015-04-27,5860.1790,5915.2110,5820.7380,5892.4300,100540039168,1600355827710.0000,0.030472,1.530705
2015-04-28,5899.3420,5903.3160,5715.2630,5767.5050,109179314176,1665276182530.0000,0.033071,-2.120098
2015-04-29,5747.0020,5867.8930,5721.4300,5852.2790,78263406592,1269574926340.0000,0.023676,1.469854
2015-04-30,5873.0780,5923.8380,5854.3930,5854.3930,79483944960,1312509198340.0000,0.024016,0.036127
2015-05-04,5866.7650,5910.2750,5801.6210,5902.4180,74966388736,1207103782910.0000,0.022632,0.820322
2015-05-05,5901.5540,5901.5540,5665.6160,5693.6290,86355406848,1331172999170.0000,0.026061,-3.537348
2015-05-06,5718.1060,5818.7450,5594.5960,5640.3360,73818206208,1219375267840.0000,0.022270,-0.936011
2015-05-07,5607.6540,5633.0380,5526.9860,5532.8350,61196690944,954502066176.0000,0.018443,-1.905932
2015-05-08,5591.4730,5705.2530,5563.7120,5705.2100,64366600960,1064072101890.0000,0.019384,3.115491
2015-05-11,5757.3520,5923.1660,5715.7680,5922.9780,79717208064,1375103418370.0000,0.023988,3.817003
2015-05-12,5946.3000,6035.1860,5915.6150,6035.1860,84751818752,1506392997890.0000,0.025447,1.894453
2015-05-13,6019.8790,6101.9570,5977.7410,6047.2180,84812636160,1503607586820.0000,0.025446,0.199360
2015-05-14,6053.3260,6087.1490,6000.6120,6053.5910,77753733120,1357531054080.0000,0.023306,0.105388
2015-05-15,6038.0100,6052.4780,5927.1430,5992.2250,74053574656,1295940190210.0000,0.022113,-1.013708
2015-05-18,5972.8810,6081.2200,5959.4460,6046.6250,66582230784,1221107974140.0000,0.019876,0.907841
2015-05-19,6067.4560,6229.9900,6067.4560,6224.7960,74649137152,1384804909060.0000,0.022274,2.946617
2015-05-20,6259.0330,6414.7370,6259.0330,6311.1500,88380755968,1612049481730.0000,0.026433,1.387258
2015-05-21,6340.1390,6490.0130,6331.7200,6489.7850,81052725248,1511068401660.0000,0.024222,2.830471
2015-05-22,6580.3780,6613.6570,6479.2030,6610.8410,108087361536,1949278339070.0000,0.032269,1.865326
2015-05-25,6576.9120,6781.2330,6554.6120,6781.0800,109470015488,1981259317250.0000,0.032665,2.575153
2015-05-26,6833.5350,6981.5170,6778.4220,6981.3440,114277040128,2101575942140.0000,0.034060,2.953278
2015-05-27,7017.0230,7060.2050,6879.5480,7032.6920,111472058368,2094856667140.0000,0.033182,0.735498
2015-05-28,7039.4560,7115.7490,6599.4380,6601.7720,128977633280,2345205301250.0000,0.038177,-6.127382
2015-05-29,6589.6090,6770.0580,6330.7930,6653.3200,100958195712,1841854414850.0000,0.029847,0.780818
2015-06-01,6702.3980,6983.5480,6694.0390,6983.5480,94482079744,1751921852420.0000,0.027907,4.963357
2015-06-02,7027.3440,7187.8590,6987.0430,7187.3290,100781551616,1916209725440.0000,0.029739,2.918019
2015-06-03,7227.0140,7251.9370,7045.7220,7206.5150,100777504768,1963545329660.0000,0.029698,0.266943
2015-06-04,7214.3830,7236.7700,6789.0750,7215.0820,106358353920,1971749781500.0000,0.031308,0.118877
2015-06-05,7316.9630,7369.6480,7141.8150,7300.7340,120356331520,2240169771010.0000,0.035409,1.187122
2015-06-08,7316.0370,7326.2700,7168.3160,7305.4130,126435946496,2250219126780.0000,0.037180,0.064092
2015-06-09,7303.5950,7343.8140,7188.4860,7284.6110,106786402304,1921676017660.0000,0.031383,-0.284751
2015-06-10,7224.5280,7442.8080,7163.7670,7365.0270,94291075072,1802974396420.0000,0.027660,1.103916
2015-06-11,7366.9650,7443.0760,7325.3200,7442.6360,90333663232,1784576475140.0000,0.026469,1.053755
2015-06-12,7477.2280,7559.6200,7446.9320,7527.8140,99969425408,1953320402940.0000,0.029260,1.144457
2015-06-15,7552.2520,7557.9510,7364.3890,7381.5000,103185309696,1980963094530.0000,0.030186,-1.943645
2015-06-16,7296.3000,7305.1030,7056.6260,7120.9560,89490153472,1691483897860.0000,0.026151,-3.529688
2015-06-17,7116.7830,7269.0070,6915.1210,7247.8640,83928608768,1525280473090.0000,0.024519,1.782172
2015-06-18,7226.0170,7261.1830,6980.4900,6987.2400,78781054976,1452009783300.0000,0.022985,-3.595867
2015-06-19,6839.5380,6909.7690,6542.1560,6545.1970,73453264896,1279494389760.0000,0.021417,-6.326438
2015-06-23,6533.6110,6649.7570,6200.0130,6649.6220,75778433024,1290287775740.0000,0.022085,1.595449
2015-06-24,6701.9840,6789.1080,6593.8860,6788.4080,86472364032,1480229978110.0000,0.025178,2.087128
2015-06-25,6819.7850,6829.9790,6470.1970,6541.3730,89516216320,1539733520380.0000,0.026054,-3.639073
2015-06-26,6336.7470,6367.9130,5978.1630,6020.9000,85102112768,1334280847360.0000,0.024735,-7.956635
2015-06-29,6148.7600,6150.7680,5545.4950,5705.0480,102110261248,1519142109180.0000,0.029671,-5.245928
2015-06-30,5595.7470,6021.9780,5373.7630,6017.4900,109147316224,1635988013060.0000,0.031697,5.476595
2015-07-01,5943.0600,6122.0150,5683.4710,5702.4930,93151162368,1501179674620.0000,0.027004,-5.234692
2015-07-02,5696.5530,5722.6490,5323.0860,5403.3480,89467699200,1270470017020.0000,0.025928,-5.245863
2015-07-03,5227.5450,5459.3520,5000.6630,5090.4530,85200982016,1133252509700.0000,0.024660,-5.790762
2015-07-06,5468.7870,5468.7870,4884.9990,5052.3500,121227427840,1525963554820.0000,0.035049,-0.748519
2015-07-07,4880.2600,4929.8420,4739.9670,4849.4860,91902799872,1062247948290.0000,0.026563,-4.015245
2015-07-08,4581.1750,4681.0830,4557.1270,4618.2410,98345287680,1106273173500.0000,0.028398,-4.768436
2015-07-09,4550.4430,4867.8760,4516.6710,4848.2330,83502252032,920110403584.0000,0.024109,4.980071
2015-07-10,4910.8010,5122.8900,4899.9010,5078.7870,72350142464,912295829504.0000,0.020875,4.755427
2015-07-13,5197.7100,5324.7880,5146.3410,5284.0690,86047145984,1160914141180.0000,0.024823,4.041944
2015-07-14,5334.2810,5453.3050,5246.0570,5302.2450,94147817472,1310916214780.0000,0.027156,0.343983
2015-07-15,5285.2910,5305.9310,5031.1010,5076.9650,93813219328,1239611932670.0000,0.027036,-4.248772
2015-07-16,4994.3070,5234.4950,4879.3770,5135.4670,80577142784,1070703005700.0000,0.023197,1.152302
2015-07-17,5167.9280,5418.9490,5160.6100,5378.4530,77953163264,1094157357060.0000,0.022419,4.731534
2015-07-20,5404.2750,5523.6990,5345.1530,5449.3770,88744484864,1312553828350.0000,0.025518,1.318666
2015-07-21,5388.1970,5554.1970,5353.4940,5511.7430,80915533824,1201447567360.0000,0.023262,1.144465
2015-07-22,5505.0630,5572.4750,5426.7600,5550.6220,84706033664,1277549608960.0000,0.024346,0.705383
2015-07-23,5557.2490,5720.7550,5539.2560,5704.5540,92143235072,1391427256320.0000,0.026483,2.773241
2015-07-24,5717.4070,5796.4070,5582.7800,5623.6960,101629210624,1578081320960.0000,0.029207,-1.417436
2015-07-27,5510.7240,5641.1570,5185.9210,5187.7050,90915368960,1379534962690.0000,0.026087,-7.752743
2015-07-28,4963.0590,5250.5980,4875.5710,5089.6460,92786331648,1296664625150.0000,0.026622,-1.890221
2015-07-29,5151.2900,5297.8540,4999.0280,5296.4580,72162062336,1074004262910.0000,0.020703,4.063387
2015-07-30,5273.0770,5377.2950,5130.2570,5149.8670,74987204608,1151126142980.0000,0.021515,-2.767714
2015-07-31,5078.0610,5200.6520,5036.7600,5100.4580,57947615488,872599433216.0000,0.016624,-0.959426
2015-08-03,5027.0480,5076.1770,4906.0650,4995.8200,60117091584,843557146624.0000,0.017245,-2.051545
2015-08-04,4995.9090,5220.2840,4976.2130,5220.2280,61718994176,900570824704.0000,0.017705,4.491920
2015-08-05,5214.0640,5277.1010,5118.2970,5151.5930,63102671360,954938613760.0000,0.018098,-1.314794
2015-08-06,5048.0260,5183.8920,5039.1800,5118.1270,47168165632,703499145216.0000,0.013527,-0.649621
2015-08-07,5164.9950,5265.6500,5160.0300,5257.5080,58669043200,889673347072.0000,0.016824,2.723279
2015-08-10,5315.4050,5534.6040,5299.9390,5508.5230,81236475904,1221135564800.0000,0.023283,4.774413
2015-08-11,5512.1340,5588.4340,5478.0760,5520.8220,88250486784,1328735059970.0000,0.025293,0.223269
2015-08-12,5464.2790,5546.9430,5446.7390,5448.1830,71832944640,1095270486020.0000,0.020583,-1.315722
2015-08-13,5426.6490,5565.2560,5384.7150,5565.2460,70933704704,1070574870530.0000,0.020321,2.148661
2015-08-14,5603.6390,5649.3760,5557.9150,5592.2450,78600646656,1213956947970.0000,0.022514,0.485136
2015-08-17,5573.8320,5653.1160,5525.4880,5651.3910,77935849472,1180300935170.0000,0.022320,1.057643
2015-08-18,5661.6200,5670.6350,5255.3230,5267.7480,92185526272,1380589371390.0000,0.026400,-6.788471
2015-08-19,5115.2250,5401.3490,5002.0080,5374.3400,79762034688,1138802360320.0000,0.022839,2.023479
2015-08-20,5320.9040,5389.9820,5199.5980,5199.5980,66709387008,976003346432.0000,0.019085,-3.251408
2015-08-21,5110.7080,5174.7630,4926.1190,4938.7570,62301062400,863646105600.0000,0.017822,-5.016567
2015-08-24,4729.9510,4747.9390,4527.9410,4534.1890,52395672832,628754964480.0000,0.014959,-8.191694
2015-08-25,4226.0950,4363.5320,4187.9460,4206.5100,56662617344,643747217408.0000,0.016170,-7.226854
2015-08-26,4208.9410,4366.6420,4033.7490,4105.2840,78488924160,888633831424.0000,0.022398,-2.406403
2015-08-27,4183.1790,4289.8110,4054.2590,4289.0140,66496410624,760319594496.0000,0.018974,4.475451
2015-08-28,4347.9620,4517.4500,4322.7970,4512.5060,75089604608,893616775168.0000,0.021420,5.210794
2015-08-31,4474.3040,4474.3040,4347.9390,4432.2040,65815481088,792253669376.0000,0.018757,-1.779538
2015-09-01,4359.5560,4359.5560,4185.3970,4282.3110,67375208448,722597224448.0000,0.019193,-3.381908
2015-09-02,4088.5990,4340.4520,4082.6600,4219.6030,69185896448,745492570112.0000,0.019698,-1.464350
2015-09-07,4237.4140,4345.8180,4154.8110,4180.0490,52047187712,599706820608.0000,0.014814,-0.937392
2015-09-08,4147.9430,4335.0940,4099.4410,4327.8440,45145348608,521358884864.0000,0.012849,3.535734
2015-09-09,4351.1240,4477.1660,4337.2640,4449.4770,68047590912,840570429440.0000,0.019360,2.810471
2015-09-10,4379.2770,4456.4030,4365.8230,4386.7180,49393600256,607615717376.0000,0.014046,-1.410487
2015-09-11,4376.6150,4436.6620,4347.7440,4406.1460,40949572608,512739262464.0000,0.011636,0.442887
2015-09-14,4431.4780,4441.0720,4138.9990,4204.5150,58016411136,676312580096.0000,0.016479,-4.576128
2015-09-15,4094.5080,4158.8110,3993.5280,4010.1520,44379936768,475185999872.0000,0.012605,-4.622700
2015-09-16,4014.8200,4272.9230,4000.0320,4244.0570,50610794240,562716860416.0000,0.014363,5.832800
2015-09-17,4227.5720,4337.3880,4165.6390,4165.6390,58602109696,694553468928.0000,0.016623,-1.847700
2015-09-18,4192.1210,4230.5920,4151.3970,4205.2760,39281652736,470026600448.0000,0.011137,0.951500
2015-09-21,4157.9260,4324.2290,4149.0580,4321.6270,46334267904,570739957760.0000,0.013123,2.766800
2015-09-22,4329.5270,4398.9130,4309.4590,4354.5060,53468922624,669881561088.0000,0.015139,0.760800
2015-09-23,4284.1150,4342.5520,4257.3720,4288.1830,46373281024,575985823744.0000,0.013101,-1.523100
2015-09-24,4306.2210,4347.7250,4283.8880,4334.0020,43028880384,547573137408.0000,0.012125,1.068500
2015-09-25,4314.1990,4340.4480,4186.2190,4220.8240,45721164800,557433753600.0000,0.012864,-2.611400
2015-09-28,4219.5390,4278.6370,4163.7410,4277.2170,31679200512,401379168256.0000,0.008908,1.336100
2015-09-29,4209.7510,4246.4590,4172.0400,4199.8950,33414360320,418285527040.0000,0.009386,-1.807800
2015-09-30,4219.8400,4245.0490,4187.7720,4218.5890,28833863936,367334653952.0000,0.008095,0.445100
2015-10-08,4361.6160,4404.8570,4331.4180,4367.3950,45686508288,582948413440.0000,0.012824,3.527400
2015-10-09,4368.5110,4446.2680,4359.1510,4429.7160,47082691072,592860188672.0000,0.013201,1.427000
2015-10-12,4451.3590,4638.8010,4448.2010,4595.4100,71773335552,918814347264.0000,0.020096,3.740500
2015-10-13,4560.5870,4637.1240,4549.6240,4627.7300,58502971904,761901801472.0000,0.016360,0.703300
2015-10-14,4607.0630,4648.3990,4566.9780,4573.8340,58557288192,764904165376.0000,0.016351,-1.164600
2015-10-15,4558.4980,4701.2740,4558.4980,4701.2740,61929532928,821829074944.0000,0.017292,2.786300
2015-10-16,4732.2070,4774.5610,4683.8920,4771.1370,74286858240,988487643136.0000,0.020702,1.486100
2015-10-19,4787.8990,4817.6610,4717.6030,4773.1650,72482521088,991509692416.0000,0.020191,0.042500
2015-10-20,4763.7150,4846.4960,4743.3660,4846.4960,64202919424,900767797248.0000,0.017875,1.536300
2015-10-21,4847.0920,4866.8170,4573.1190,4614.7860,87208034304,1166294188030.0000,0.024276,-4.781000
2015-10-22,4599.2120,4747.7980,4590.1680,4742.5450,64366036992,888333737984.0000,0.017912,2.768500
2015-10-23,4771.3420,4865.7260,4752.4770,4848.9350,71904100352,1035801788420.0000,0.020007,2.243300
2015-10-26,4907.1320,4921.3230,4828.6650,4881.2140,75000745984,1101524238340.0000,0.020867,0.665700
2015-10-27,4845.0010,4921.7620,4710.0100,4903.4080,68728958976,987669270528.0000,0.019118,0.454700
2015-10-28,4872.6080,4922.3270,4784.4290,4799.2250,62695537664,910659534848.0000,0.017435,-2.124700
2015-10-29,4826.5480,4875.0870,4773.6840,4829.7960,51102363904,744255975424.0000,0.014209,0.637000
2015-10-30,4820.7920,4884.5690,4760.1350,4825.0050,53270471936,796529197056.0000,0.014812,-0.099200
2015-11-02,4734.1710,4847.9940,4721.2500,4728.7660,49789791488,737958821888.0000,0.013843,-1.994600
2015-11-03,4739.6280,4768.6240,4690.6270,4720.6510,41236685568,622495711232.0000,0.011465,-0.171600
2015-11-04,4740.6410,4950.5500,4740.6410,4950.5500,67183903488,988618166272.0000,0.018676,4.870100
2015-11-05,4956.9620,5066.4730,4952.3310,4999.2280,97333805056,1366749151230.0000,0.027054,0.983300
2015-11-06,4995.6290,5129.7760,4995.6290,5122.1570,79972659200,1168977821700.0000,0.022226,2.459000
2015-11-09,5108.7350,5233.9180,5098.3250,5199.8690,91709521920,1361826807810.0000,0.025478,1.517200
2015-11-10,5167.0490,5251.7280,5156.7650,5217.5610,82347085824,1248956645380.0000,0.022873,0.340200
2015-11-11,5217.2220,5278.0040,5191.7290,5273.1100,73624854528,1135384592380.0000,0.020447,1.064700
2015-11-12,5289.9850,5300.0780,5205.2330,5261.9870,75370733568,1222561693700.0000,0.020931,-0.210900
2015-11-13,5205.8810,5245.3030,5129.8580,5172.3710,69913554944,1130051862530.0000,0.019357,-1.703100
2015-11-16,5079.7080,5248.2990,5076.4590,5247.8700,56069947392,901842632704.0000,0.015523,1.459700
2015-11-17,5292.8950,5343.4260,5209.9280,5220.0020,77747343360,1264241999870.0000,0.021516,-0.531000
2015-11-18,5222.7430,5248.5880,5130.2960,5143.3340,59698038528,937578696704.0000,0.016518,-1.468700
2015-11-19,5155.9640,5262.9830,5149.7100,5262.9830,53422117632,853668167680.0000,0.014780,2.326300
2015-11-20,5276.8540,5332.2790,5261.4750,5312.1250,66855569664,1073678102530.0000,0.018493,0.933700
2015-11-23,5316.1080,5358.5390,5255.8230,5274.1220,67028526080,1066574966780.0000,0.018538,-0.715400
2015-11-24,5264.9920,5309.7650,5208.6260,5309.7650,52641944064,853312925696.0000,0.014559,0.675800
2015-11-25,5307.7470,5386.9150,5301.0090,5386.7370,59193506816,1014474735620.0000,0.016370,1.449600
2015-11-26,5408.3600,5419.6300,5347.7100,5356.2830,64936748032,1100307628030.0000,0.017957,-0.565300
2015-11-27,5326.9340,5339.8590,5006.6250,5042.5940,71524495360,1133907345410.0000,0.019778,-5.856500
2015-11-30,5043.4760,5097.8370,4841.3510,5069.4720,61903257856,975257542656.0000,0.017116,0.533000
2015-12-01,5063.4560,5134.3160,5029.8950,5081.2190,51576925952,836798775296.0000,0.014261,0.231700
2015-12-02,5070.0710,5133.5040,4980.3450,5131.4160,55807348480,832017539072.0000,0.015430,0.987900
2015-12-03,5126.5260,5223.4940,5126.5270,5222.8100,52455071488,790178287616.0000,0.014495,1.781100
2015-12-04,5194.3750,5228.0800,5140.5370,5169.7700,51008081920,811414654976.0000,0.014094,-1.015500
2015-12-07,5177.9860,5219.6470,5145.7940,5215.7850,44653145856,740522541056.0000,0.012334,0.890100
2015-12-08,5189.1400,5189.1410,5109.7530,5118.6740,47703676160,780339703808.0000,0.013170,-1.861900
2015-12-09,5097.6610,5148.7700,5081.9170,5114.1390,41967270656,707561144320.0000,0.011586,-0.088600
2015-12-10,5111.0570,5159.8140,5090.7610,5102.1620,42150269440,720123092992.0000,0.011636,-0.234200
2015-12-11,5081.0320,5108.3590,5040.0920,5069.0760,37882569216,624295841792.0000,0.010455,-0.648500
2015-12-14,5020.4790,5183.2930,5015.2990,5183.2190,42351720704,665437999104.0000,0.011682,2.251800
2015-12-15,5185.3670,5229.6950,5185.1160,5209.8010,42245725696,707839115264.0000,0.011652,0.512800
2015-12-16,5225.4980,5257.7780,5211.0370,5226.3400,42196868352,721735806976.0000,0.011638,0.317500
2015-12-17,5258.2870,5351.2690,5258.2870,5351.2020,60440041984,988538368000.0000,0.016668,2.389100
2015-12-18,5349.0660,5385.0150,5327.7040,5349.6170,56892457216,946209710080.0000,0.015687,-0.029600
2015-12-21,5339.5510,5444.8480,5337.7090,5435.6450,59113944832,935956013056.0000,0.016299,1.608100
2015-12-22,5445.7340,5472.1450,5407.7780,5471.8390,54324246784,867914485760.0000,0.014978,0.665900
2015-12-23,5473.2970,5500.4840,5418.5560,5427.0240,60349312256,989337530368.0000,0.016634,-0.819000
2015-12-24,5413.9920,5427.7900,5328.8680,5402.5150,45470086912,743483633664.0000,0.012533,-0.451600
2015-12-25,5410.1050,5443.8810,5397.3610,5431.8480,40702616832,678721179648.0000,0.011216,0.543000
2015-12-28,5447.6680,5459.2420,5297.9010,5297.9010,53861427456,886649761792.0000,0.014836,-2.466000
2015-12-29,5291.0330,5350.4670,5259.7290,5350.4660,39024419072,652491345920.0000,0.010745,0.992200
2015-12-30,5357.5260,5386.7640,5328.5040,5386.6860,41339876864,717088976896.0000,0.011367,0.677000
2015-12-31,5385.5620,5398.7840,5312.6850,5313.0540,39438258432,681421234176.0000,0.010840,-1.366900
2016-01-04,5306.0100,5307.6780,4897.8070,4897.8840,38368910336,590822715392.0000,0.010543,-7.814200
2016-01-05,4696.4190,4927.2290,4681.4170,4846.8980,55395335936,804681342976.0000,0.015222,-1.041000
2016-01-06,4862.6600,4960.2770,4833.5940,4959.9920,48604174336,693648027648.0000,0.013355,2.333300
2016-01-07,4872.6030,4872.6030,4562.5490,4570.7570,14044605184,186354024448.0000,0.003856,-7.847500
2016-01-08,4676.0900,4724.0320,4421.6480,4633.5490,56266967808,753693249536.0000,0.015427,1.373800
2016-01-11,4537.5940,4592.5570,4345.0000,4344.9990,52677881856,658991800320.0000,0.014433,-6.227400
2016-01-12,4350.6240,4400.6500,4271.8740,4355.1700,42028797184,546648227840.0000,0.011515,0.234100
2016-01-13,4381.0470,4414.0390,4224.0720,4224.0710,39782680576,514541297664.0000,0.010899,-3.010200
2016-01-14,4095.8600,4356.6150,4092.0920,4349.1230,43570168320,547511169024.0000,0.011935,2.960500
2016-01-15,4317.0230,4353.3250,4172.9030,4198.5980,41382305280,533276635136.0000,0.011335,-3.461000
2016-01-18,4117.1360,4298.9090,4116.8660,4253.5180,35357584384,468899758080.0000,0.009684,1.308100
2016-01-19,4249.2820,4407.2740,4236.9130,4401.4810,43143695616,579123548160.0000,0.011816,3.478600
2016-01-20,4373.7810,4425.0850,4320.3610,4353.0860,43961327360,590749958144.0000,0.012039,-1.099500
2016-01-21,4287.8280,4393.0450,4192.4300,4192.4300,39330696960,530473959424.0000,0.010766,-3.690600
2016-01-22,4238.8530,4272.5940,4135.7910,4249.6660,33157876224,442156736512.0000,0.009073,1.365200
2016-01-25,4279.7670,4319.3190,4245.3180,4287.7270,31301884416,418997358592.0000,0.008558,0.895600
2016-01-26,4239.0100,4248.1010,3985.1200,3992.2430,41854292992,518533632000.0000,0.011436,-6.891400
2016-01-27,4003.8190,4016.1040,3790.7790,3958.2040,43058412032,505954107392.0000,0.011763,-0.852600
2016-01-28,3912.3920,3958.9320,3795.2510,3809.5410,33396373760,395686805504.0000,0.009122,-3.755800
2016-01-29,3802.7220,3976.0240,3794.9210,3944.9110,36162112768,424913301504.0000,0.009876,3.553400
2016-02-01,3934.4510,3951.7130,3836.2700,3890.1420,30498014464,367131725824.0000,0.008326,-1.388300
2016-02-02,3891.7300,4015.8720,3891.7310,4005.5960,32141517056,400282451968.0000,0.008775,2.967900
2016-02-03,3960.3900,4024.4560,3934.2510,4011.0000,30244073728,372304125952.0000,0.008257,0.134900
2016-02-04,4025.4700,4100.3870,4025.4700,4082.6970,34509751552,438265806848.0000,0.009413,1.787500
2016-02-05,4086.7550,4098.0250,4044.0780,4044.8900,28318038016,359477649408.0000,0.007723,-0.926000
2016-02-15,3921.5180,4058.6950,3921.4310,4036.8500,26161286912,325345239040.0000,0.007131,-0.198800
2016-02-16,4057.3660,4197.3370,4057.3670,4189.0960,39039467520,496009613312.0000,0.010641,3.771400
2016-02-17,4184.7780,4244.2450,4166.0790,4239.7610,44184576256,565390233600.0000,0.012042,1.209400
2016-02-18,4265.0560,4283.1800,4221.9500,4229.3240,45032745984,586069872640.0000,0.012272,-0.246200
2016-02-19,4216.5580,4262.8310,4202.5050,4240.9390,34851235840,477295980544.0000,0.009497,0.274600
2016-02-22,4291.6640,4336.7300,4273.3060,4331.8160,46241106176,597905022976.0000,0.012596,2.142800
2016-02-23,4331.7370,4338.5490,4247.5310,4300.2860,42176120576,568483241984.0000,0.011489,-0.727900
2016-02-24,4281.5480,4327.1080,4231.0530,4320.5910,42963610880,574785708032.0000,0.011703,0.472100
2016-02-25,4311.2310,4311.2320,3996.5300,4012.5000,53281844992,659741847552.0000,0.014501,-7.130800
2016-02-26,4042.1400,4061.2960,3947.8760,4026.3010,39282085120,481856094208.0000,0.010690,0.343900
2016-02-29,4006.7730,4006.7740,3795.2210,3850.4880,41097747456,458365530112.0000,0.011183,-4.366600
2016-03-01,3853.8390,3956.3970,3808.8550,3930.3130,39200905216,457468047360.0000,0.010664,2.073100
2016-03-02,3926.9120,4117.2770,3926.9130,4111.5640,53390093568,607469539328.0000,0.014522,4.611600
2016-03-03,4111.4460,4174.7630,4103.9690,4121.3850,57052681472,659609321472.0000,0.015512,0.238800
2016-03-04,4103.1030,4131.2380,3995.9750,4063.6680,56709891584,636520448000.0000,0.015418,-1.400400
2016-03-07,4095.7720,4151.8690,4083.2830,4123.9140,41154046720,475370708992.0000,0.011188,1.482600
2016-03-08,4118.1510,4140.3210,3977.3240,4140.3200,45936152832,529160097792.0000,0.012486,0.397800
2016-03-09,4048.5870,4095.1760,4020.3900,4065.8700,35980442368,423769944064.0000,0.009780,-1.798200
2016-03-10,4057.1600,4085.0830,3991.3410,3993.0770,28635292416,352346005504.0000,0.007783,-1.790400
2016-03-11,3956.1540,4010.3120,3938.4050,3990.9260,25100237312,301848231936.0000,0.006821,-0.053900
2016-03-14,4028.8440,4145.3380,4028.8450,4099.5260,39687783168,500853456896.0000,0.010783,2.721100
2016-03-15,4089.2500,4104.4610,4046.4860,4085.2950,33117405184,424996888576.0000,0.008995,-0.347200
2016-03-16,4098.2750,4112.9590,4051.9370,4069.2930,34074452992,420271464448.0000,0.009255,-0.391700
2016-03-17,4082.1750,4188.7400,4071.5650,4169.8980,42857950208,568233385984.0000,0.011638,2.472300
2016-03-18,4187.9120,4307.4630,4183.4680,4285.9850,62481199616,810773512192.0000,0.016963,2.783900
2016-03-21,4333.5940,4398.0820,4327.4510,4397.9120,68349712896,896448462848.0000,0.018551,2.611500
2016-03-22,4364.6120,4410.3070,4344.0850,4377.2860,54262557184,750825385984.0000,0.014727,-0.469000
2016-03-23,4363.3120,4409.2100,4349.0280,4408.8420,45966498560,665636126720.0000,0.012464,0.720900
2016-03-24,4370.6660,4410.8170,4333.7490,4339.9610,50198734848,733277483008.0000,0.013609,-1.562300
2016-03-25,4330.0960,4374.2480,4318.9580,4367.8370,38065989120,549946249216.0000,0.010318,0.642300
2016-03-28,4388.0970,4423.6110,4324.3110,4337.4670,43634033920,621889097728.0000,0.011822,-0.695300
2016-03-29,4332.8790,4340.4540,4240.7700,4268.2060,38494479872,533394993152.0000,0.010426,-1.596800
2016-03-30,4304.5840,4406.2550,4304.5840,4406.2540,43650525952,625165578240.0000,0.011820,3.234300
2016-03-31,4424.5660,4452.5950,4401.1990,4414.8760,46550014720,693308620800.0000,0.012603,0.195700
2016-04-01,4399.9790,4414.2150,4329.5220,4404.4230,41670618624,579061547008.0000,0.011276,-0.236800
2016-04-05,4401.8840,4505.3580,4392.0700,4498.7970,51327216128,708395114496.0000,0.013887,2.142700
2016-04-06,4480.4860,4516.9640,4465.6020,4509.3410,48631716864,696541941760.0000,0.013151,0.234400
2016-04-07,4521.1350,4528.4480,4440.7210,4440.7210,47962830848,692431208448.0000,0.012969,-1.521700
2016-04-08,4406.2020,4420.0860,4357.9260,4405.4580,40440452096,580231831552.0000,0.010934,-0.794100
2016-04-11,4444.2870,4509.7050,4444.2870,4487.0620,45935592448,660830568448.0000,0.012414,1.852300
2016-04-12,4482.6310,4491.9610,4419.2730,4460.8080,39392834048,576911876096.0000,0.010643,-0.585100
2016-04-13,4486.1460,4573.5900,4486.1460,4522.8910,61395350784,817910628352.0000,0.016587,1.391700
2016-04-14,4545.2740,4561.5220,4513.0420,4561.3930,44392520704,620458795008.0000,0.011990,0.851300
2016-04-15,4563.1060,4571.8670,4535.7650,4558.4070,40266843648,580800307200.0000,0.010874,-0.065500
2016-04-18,4528.2640,4528.2640,4472.2990,4494.1030,38572851968,551884906496.0000,0.010406,-1.410700
2016-04-19,4514.8440,4526.5120,4481.1300,4510.2760,33979075840,501264211968.0000,0.009166,0.359800
2016-04-20,4521.9460,4528.8190,4266.2460,4353.6770,57920010240,793835139072.0000,0.015623,-3.472100
2016-04-21,4329.6080,4381.1770,4307.8780,4311.9500,39668996096,536748081152.0000,0.010699,-0.958400
2016-04-22,4282.7230,4342.4310,4275.2080,4342.2150,30282422528,418388537344.0000,0.008166,0.701900
2016-04-25,4327.5120,4336.0030,4273.4330,4322.7360,27497465856,386905923584.0000,0.007411,-0.448600
2016-04-26,4317.9010,4364.6200,4309.0400,4364.4970,26430687232,377686294528.0000,0.007116,0.966100
2016-04-27,4369.3900,4392.0490,4343.4420,4350.1630,29458582272,422587715584.0000,0.007927,-0.328400
2016-04-28,4351.4550,4358.0790,4278.7430,4340.2950,30316772096,426711392256.0000,0.008154,-0.226800
2016-04-29,4323.8980,4358.2370,4318.3940,4336.5270,24544325888,361327157248.0000,0.006598,-0.086800
2016-05-03,4339.2910,4445.2110,4323.1190,4445.1740,36588875264,532064120832.0000,0.009831,2.505400
2016-05-04,4430.1400,4472.3970,4426.5450,4445.5100,36427078400,529793761280.0000,0.009782,0.007600
2016-05-05,4437.9570,4468.4770,4425.2760,4465.6060,31734944000,467274379264.0000,0.008518,0.452100
2016-05-06,4468.5430,4478.9480,4314.9370,4314.9370,45635969536,654194761728.0000,0.012229,-3.374000
2016-05-09,4279.7560,4279.7580,4157.4580,4175.4240,37631969024,495226048512.0000,0.010077,-3.233300
2016-05-10,4162.2930,4193.6060,4151.3450,4172.7570,25125590528,342046285824.0000,0.006723,-0.063900
2016-05-11,4193.2550,4208.6320,4144.3370,4162.8730,28366099712,388550455296.0000,0.007582,-0.236800
2016-05-12,4114.6160,4164.3860,4060.9380,4163.1230,28647446016,375521624064.0000,0.007650,0.006000
2016-05-13,4149.9870,4192.7500,4128.2920,4148.7630,25163157504,342912323584.0000,0.006715,-0.344900
2016-05-16,4135.5550,4204.7600,4117.8250,4204.5140,25986969088,358708371456.0000,0.006914,1.343800
2016-05-17,4206.2940,4231.7710,4174.4360,4196.8690,29663790080,426458345472.0000,0.007887,-0.181800
2016-05-18,4166.9530,4166.9530,4070.9100,4114.2320,31164315648,409702936576.0000,0.008277,-1.969000
2016-05-19,4108.5440,4169.5550,4108.5440,4126.1040,26182362112,368980414464.0000,0.006942,0.288600
2016-05-20,4097.7780,4162.5330,4085.0270,4162.3080,25391625216,361275518976.0000,0.006729,0.877400
2016-05-23,4168.4220,4209.2710,4168.4220,4205.7370,28492098304,414458855424.0000,0.007536,1.043400
2016-05-24,4199.2180,4199.2180,4143.1420,4167.1470,26342754304,367836733440.0000,0.006962,-0.917600
2016-05-25,4192.2830,4209.6690,4143.1360,4157.0850,25216317184,369104773120.0000,0.006659,-0.241500
2016-05-26,4149.5870,4172.4250,4086.5790,4172.3620,27778502656,388986281984.0000,0.007330,0.367500
2016-05-27,4163.2490,4193.3890,4151.9920,4169.2700,26689938944,376145788928.0000,0.007032,-0.074100
2016-05-30,4151.4620,4185.5040,4118.4940,4160.7990,24268831232,331465125888.0000,0.006387,-0.203200
2016-05-31,4165.1230,4319.7690,4165.1230,4319.7690,46597501440,627105779712.0000,0.012246,3.820700
2016-06-01,4325.5140,4359.5440,4322.1390,4332.7820,44976089600,650593677312.0000,0.011812,0.301200
2016-06-02,4327.8400,4362.7230,4324.3340,4362.4760,38811686656,557678014464.0000,0.010186,0.685300
2016-06-03,4367.2420,4405.0250,4351.2800,4384.2450,41990348032,641483628544.0000,0.010999,0.499000
2016-06-06,4395.0760,4403.7490,4364.5950,4388.8930,34711064832,524909178880.0000,0.009090,0.106000
2016-06-07,4391.4310,4396.3270,4368.6330,4393.1380,32885789440,505397972992.0000,0.008601,0.096700
2016-06-08,4386.7900,4402.4600,4347.6430,4380.8710,34759019008,542506385408.0000,0.009085,-0.279200
2016-06-13,4328.3860,4354.9550,4203.5860,4203.7900,39796303360,585179176960.0000,0.010387,-4.042100
2016-06-14,4187.6040,4224.2390,4179.7490,4218.8690,28526616832,409579536384.0000,0.007443,0.358700
2016-06-15,4175.3390,4338.6880,4170.8500,4324.4880,39213953280,569423577088.0000,0.010218,2.503500
2016-06-16,4317.2630,4339.8030,4300.2810,4312.6670,40513114624,590770835456.0000,0.010541,-0.273300
2016-06-17,4318.5550,4368.2080,4312.0720,4339.6170,39372358656,566881357824.0000,0.010236,0.624900
2016-06-20,4341.5530,4357.2260,4302.8130,4350.4890,33227940096,496673177600.0000,0.008628,0.250500
2016-06-21,4372.1590,4402.4970,4302.5050,4319.9240,39419358464,589073842176.0000,0.010229,-0.702600
2016-06-22,4309.8750,4377.9340,4305.3180,4377.8770,32367270144,483063152640.0000,0.008396,1.341500
2016-06-23,4375.1280,4382.0800,4333.2090,4360.6090,34921883136,520641044480.0000,0.009039,-0.394400
2016-06-24,4355.2270,4385.6500,4219.1530,4317.8560,45698064896,643336290304.0000,0.011811,-0.980400
2016-06-27,4293.8840,4404.3580,4293.7650,4404.3440,38758451968,579754020864.0000,0.010002,2.003000
2016-06-28,4388.5690,4444.0210,4381.4450,4440.9730,43788880640,661600100352.0000,0.011292,0.831700
2016-06-29,4454.2130,4467.6690,4440.3510,4459.1780,43888856832,641035472896.0000,0.011316,0.409900
2016-06-30,4462.2210,4473.6300,4444.0750,4460.2810,37443600640,572384268288.0000,0.009637,0.024700
2016-07-01,4465.7610,4485.0200,4444.7660,4456.5500,34260107776,517399257088.0000,0.008816,-0.083600
2016-07-04,4433.3630,4542.2570,4430.7750,4536.0250,47145000960,654929477632.0000,0.012128,1.783300
2016-07-05,4538.8860,4559.5900,4527.9010,4553.9360,49453914368,704264728576.0000,0.012719,0.394900
2016-07-06,4541.2520,4572.8900,4525.3630,4572.2180,45799118336,659929923584.0000,0.011764,0.401400
2016-07-07,4568.4660,4593.3910,4537.8710,4577.8130,49944887808,729743986688.0000,0.012816,0.122400
2016-07-08,4570.9540,4587.0070,4550.2280,4563.9300,39239695104,587193860096.0000,0.010068,-0.303300
2016-07-11,4573.5450,4614.1060,4555.7080,4559.6750,48152459776,694895013888.0000,0.012345,-0.093200
2016-07-12,4555.7510,4627.4770,4520.2110,4627.3930,53703227648,729933918208.0000,0.013768,1.485200
2016-07-13,4637.5790,4668.7530,4632.2610,4657.7640,53440297728,725350174720.0000,0.013699,0.656300
2016-07-14,4651.2390,4659.9230,4629.6700,4659.0800,41096302336,584217849856.0000,0.010529,0.028300
2016-07-15,4662.0950,4666.9970,4633.7470,4650.4180,39379268096,564789665792.0000,0.010081,-0.185900
2016-07-18,4640.7710,4656.1750,4608.9410,4630.3440,39234737920,554210357248.0000,0.010037,-0.431700
2016-07-19,4628.0340,4637.2490,4590.4890,4635.8660,35126960640,509794836480.0000,0.008984,0.119300
2016-07-20,4635.6040,4651.7360,4620.4910,4630.0180,33611052800,502590365696.0000,0.008596,-0.126100
2016-07-21,4629.1040,4671.7620,4625.0010,4643.7190,37621325568,553956265984.0000,0.009619,0.295900
2016-07-22,4641.6100,4647.7640,4598.8600,4603.7420,36844050176,536784687104.0000,0.009418,-0.860900
2016-07-25,4596.4930,4630.0630,4587.8360,4609.5260,33441715712,488953327616.0000,0.008547,0.125700
2016-07-26,4607.7290,4666.3530,4607.6110,4666.1860,34229382144,482124038144.0000,0.008744,1.229200
2016-07-27,4668.0060,4672.9520,4446.1020,4514.7890,59232456704,801291055104.0000,0.015128,-3.244600
2016-07-28,4500.9410,4536.7780,4459.2180,4512.9200,40425346816,553187946496.0000,0.010322,-0.041400
2016-07-29,4510.7300,4521.5300,4475.6070,4486.3580,31460033536,428594593792.0000,0.008026,-0.588600
2016-08-01,4471.0200,4471.0200,4389.7200,4429.4470,31549612544,414578372608.0000,0.008039,-1.268500
2016-08-02,4424.3280,4460.4360,4420.3490,4460.4270,24104143104,320492769280.0000,0.006142,0.699400
2016-08-03,4450.2460,4479.9670,4441.1970,4475.9470,28798867200,379327348736.0000,0.007337,0.347900
2016-08-04,4472.1740,4499.7170,4452.9660,4497.3080,29673811968,402046644224.0000,0.007560,0.477200
2016-08-05,4495.2610,4514.6000,4483.8340,4485.7370,29182555904,393103495168.0000,0.007435,-0.257300
2016-08-08,4475.7210,4532.0290,4450.4150,4531.8580,31578482944,406836654080.0000,0.008042,1.028200
2016-08-09,4528.9090,4572.4410,4526.0550,4572.3960,34657680128,455154360320.0000,0.008825,0.894500
2016-08-10,4570.0110,4584.5920,4557.3490,4557.8210,34427042048,460259266560.0000,0.008758,-0.318800
2016-08-11,4549.5650,4572.5590,4512.7910,4512.7910,33525458176,443239223296.0000,0.008526,-0.988000
2016-08-12,4507.8870,4575.7810,4507.7490,4575.7810,33157059584,419405406208.0000,0.008430,1.395800
2016-08-15,4584.7300,4710.7390,4583.4550,4692.4720,57411647232,741366804480.0000,0.014595,2.550200
2016-08-16,4700.5410,4721.0390,4686.7900,4699.8880,53566030592,706419474432.0000,0.013614,0.158000
2016-08-17,4697.4800,4718.4660,4677.2800,4708.0480,44931724288,615264874496.0000,0.011419,0.173600
2016-08-18,4703.4360,4731.9390,4686.0560,4703.5580,47916872960,631522902016.0000,0.012176,-0.095400
2016-08-19,4698.6040,4721.4770,4677.8090,4710.0350,40527910656,533368000512.0000,0.010296,0.137700
2016-08-22,4709.8910,4718.8780,4658.2710,4659.3620,39521507584,530826268672.0000,0.010025,-1.075900
2016-08-23,4654.2460,4685.8890,4639.8540,4668.7870,34522992384,454821257216.0000,0.008756,0.202300
2016-08-24,4671.9840,4690.4800,4659.6520,4670.7280,32289013504,441033400320.0000,0.008188,0.041600
2016-08-25,4647.2280,4648.7620,4592.9660,4641.4540,36919309056,504636567552.0000,0.009361,-0.626800
2016-08-26,4648.1040,4682.5630,4641.3390,4650.3290,33251045376,469602295808.0000,0.008428,0.191200
2016-08-29,4647.7580,4666.7360,4638.4260,4656.4710,30782122240,426950045696.0000,0.007800,0.132100
2016-08-30,4659.7270,4681.2200,4650.9330,4659.8700,30247861760,419641565184.0000,0.007650,0.073000
2016-08-31,4657.9000,4676.5340,4637.8840,4671.6700,31086320384,437099978752.0000,0.007861,0.253200
2016-09-01,4670.1440,4677.6180,4636.2250,4636.6090,33125609728,450586529792.0000,0.008374,-0.750500
2016-09-02,4629.6750,4654.9040,4607.4080,4632.6750,31205192960,428135645184.0000,0.007888,-0.084800
2016-09-05,4643.3960,4672.3520,4639.3630,4649.2130,30483536384,407232122880.0000,0.007705,0.357000
2016-09-06,4650.5620,4704.3850,4617.1890,4703.9540,38604225024,529233072128.0000,0.009757,1.177400
2016-09-07,4705.1130,4728.0080,4697.3270,4702.5330,41600166144,557386432512.0000,0.010514,-0.030200
2016-09-08,4698.7530,4714.7390,4689.2420,4712.6350,32538181376,445784387584.0000,0.008219,0.214800
2016-09-09,4712.5990,4723.4130,4681.5750,4681.5750,35168716544,477569015808.0000,0.008883,-0.659100
2016-09-12,4604.8050,4617.4200,4554.3380,4568.7610,41944930304,535621079040.0000,0.010593,-2.409700
2016-09-13,4584.5010,4594.6870,4561.1840,4586.9430,29542765056,394183327744.0000,0.007461,0.398000
2016-09-14,4564.1810,4584.7210,4548.5390,4560.5010,28275591168,372159107072.0000,0.007140,-0.576500
2016-09-19,4567.6250,4605.2990,4567.6250,4605.1370,25722696960,342417473536.0000,0.006487,0.978800
2016-09-20,4606.9670,4607.8360,4590.6750,4601.6600,25810452224,347496382464.0000,0.006509,-0.075500
2016-09-21,4600.7470,4621.5900,4598.6030,4611.2090,25466060800,345660145664.0000,0.006421,0.207500
2016-09-22,4634.7210,4656.0470,4630.6700,4639.6210,30522267648,411682320384.0000,0.007689,0.616200
2016-09-23,4643.1550,4645.9460,4620.6070,4620.8830,28549816576,389227651072.0000,0.007191,-0.403900
2016-09-26,4612.1420,4612.1480,4531.6620,4531.6620,31822336512,418822250496.0000,0.008012,-1.930800
2016-09-27,4522.1100,4562.5120,4509.8960,4562.5120,26540599552,345888034816.0000,0.006676,0.680800
2016-09-28,4565.9250,4565.9250,4546.3270,4552.1590,22875834112,300435398656.0000,0.005744,-0.226900
2016-09-29,4556.6080,4586.5870,4556.6080,4569.0070,24549367552,318348419072.0000,0.006164,0.370100
2016-09-30,4563.5270,4595.0050,4562.5350,4587.4940,22411177472,293981802496.0000,0.005626,0.404600
2016-10-10,4608.4240,4666.2340,4599.7920,4666.1610,34016227072,450336997376.0000,0.008538,1.714800
2016-10-11,4668.5370,4692.1840,4663.6270,4691.8650,35653307392,459634081792.0000,0.008948,0.550900
2016-10-12,4679.3680,4691.0040,4671.0560,4689.8740,31896464128,420012052480.0000,0.008003,-0.042400
2016-10-13,4689.3370,4704.0330,4681.8860,4694.7050,33718940928,427531907072.0000,0.008457,0.103000
2016-10-14,4688.2230,4694.2280,4660.8590,4692.2030,32995426560,420123226112.0000,0.008274,-0.053300
2016-10-17,4695.5640,4701.2300,4639.8900,4651.6030,34851014912,459402100736.0000,0.008739,-0.865300
2016-10-18,4645.7350,4718.6480,4645.7140,4718.6140,36660513280,477973827584.0000,0.009190,1.440600
2016-10-19,4723.4560,4733.9600,4702.4190,4714.0200,37836062976,490806464512.0000,0.009485,-0.097400
2016-10-20,4715.0520,4727.5970,4707.3610,4721.9700,35195381760,471179898880.0000,0.008822,0.168700
2016-10-21,4718.3890,4733.8400,4679.7030,4716.1630,38328955648,498919878656.0000,0.009601,-0.123000
2016-10-24,4719.1030,4774.9180,4714.1570,4763.4370,44250884352,552729710592.0000,0.011081,1.002400
2016-10-25,4764.6820,4776.3000,4760.8060,4776.2120,40263693824,530344734720.0000,0.010084,0.268200
2016-10-26,4774.7060,4774.7740,4746.3800,4757.1930,40253617408,540145164288.0000,0.010076,-0.398200
2016-10-27,4751.8580,4754.1620,4733.0970,4752.0060,33042966784,448513847296.0000,0.008270,-0.109000
2016-10-28,4750.7250,4772.7040,4721.5550,4723.2920,36902033152,506894180352.0000,0.009234,-0.604200
2016-10-31,4711.4230,4724.2360,4687.6890,4718.9270,31136174848,431139676160.0000,0.007791,-0.092400
2016-11-01,4721.9970,4763.1540,4719.1020,4763.1540,33204059392,476847742976.0000,0.008308,0.937200
2016-11-02,4753.0420,4762.8090,4728.9700,4732.0050,38419774720,539950567424.0000,0.009607,-0.654000
2016-11-03,4721.2850,4791.9590,4718.2150,4767.2780,45114332928,634136195072.0000,0.011280,0.745400
2016-11-04,4764.0200,4786.0670,4746.2280,4755.3090,39697624576,560636334080.0000,0.009925,-0.251100
2016-11-07,4754.7290,4769.8280,4740.2150,4759.8800,37936263168,505847455744.0000,0.009484,0.096100
2016-11-08,4773.9430,4796.4450,4766.4380,4785.9090,38664776448,521514713088.0000,0.009666,0.546800
2016-11-09,4785.2260,4789.2620,4702.9610,4756.5410,48251188736,647840522240.0000,0.012063,-0.613600
2016-11-10,4789.9670,4821.0980,4789.9670,4819.1720,48159288832,650954407936.0000,0.012040,1.316700
2016-11-11,4818.5440,4853.4470,4812.1620,4850.3610,58588836608,755319234560.0000,0.014645,0.647200
2016-11-14,4839.6290,4881.7240,4838.5140,4867.1080,60727149568,762034876416.0000,0.015178,0.345300
2016-11-15,4867.1470,4879.5490,4851.9050,4879.4790,47654620672,626293800960.0000,0.011909,0.254200
2016-11-16,4883.3280,4890.3510,4870.7340,4879.7090,46720428032,622861312000.0000,0.011675,0.004700
2016-11-17,4870.8750,4881.8150,4847.5000,4875.5970,42086642432,540983218176.0000,0.010515,-0.084300
2016-11-18,4875.6230,4884.2930,4848.7970,4855.2860,40127371008,532082782208.0000,0.010026,-0.416600
2016-11-21,4850.5990,4895.0620,4850.4270,4878.5000,42506404864,580430151680.0000,0.010618,0.478100
2016-11-22,4883.2890,4920.4490,4883.2890,4919.7620,47922329088,653316030464.0000,0.011970,0.845800
2016-11-23,4924.7880,4938.4630,4896.5990,4907.6490,48848586752,670480547840.0000,0.012203,-0.246200
2016-11-24,4901.5560,4929.8840,4890.8310,4902.1160,45482077184,627098656768.0000,0.011355,-0.112700
2016-11-25,4900.5510,4927.9380,4839.0500,4927.9380,44868038656,606621241344.0000,0.011192,0.526700
2016-11-28,4942.5940,4953.6480,4929.4600,4935.7640,49539674112,636298416128.0000,0.012354,0.158800
2016-11-29,4925.2260,4959.9000,4918.7890,4922.5770,54209017856,679306473472.0000,0.013518,-0.267200
2016-11-30,4911.2180,4920.7060,4884.0550,4897.8020,43228424448,556823453696.0000,0.010779,-0.503300
2016-12-01,4904.1960,4933.7670,4904.1960,4928.7810,42193723648,554332225536.0000,0.010520,0.632500
2016-12-02,4924.6280,4926.4720,4857.3160,4859.6500,46001705984,591398924288.0000,0.011469,-1.402600
2016-12-05,4800.6100,4838.9290,4793.6630,4809.0290,39979391232,504552722432.0000,0.009963,-1.041700
2016-12-06,4811.4010,4828.2770,4807.2990,4810.4220,30679251968,416473313280.0000,0.007645,0.029000
2016-12-07,4810.0790,4850.5880,4799.9690,4850.5130,32919871744,433316106240.0000,0.008203,0.833400
2016-12-08,4855.5760,4857.1260,4829.6940,4833.6110,33510830080,450202292224.0000,0.008350,-0.348500
2016-12-09,4826.6440,4856.8860,4824.1420,4838.1170,36480559872,482369544192.0000,0.009090,0.093200
2016-12-12,4834.3030,4836.6660,4653.5430,4656.4670,51063166720,645844660224.0000,0.012720,-3.754600
2016-12-13,4639.2350,4680.4360,4606.5440,4666.8550,35361598976,449165713408.0000,0.008799,0.223100
2016-12-14,4659.2750,4684.0120,4628.3390,4637.9210,36591437824,460551909376.0000,0.009104,-0.620000
2016-12-15,4619.5390,4668.7050,4614.2470,4637.8320,35086455296,449865158656.0000,0.008729,-0.001900
2016-12-16,4634.5800,4671.8270,4631.1430,4664.0550,32494080256,426928504832.0000,0.008083,0.565400
2016-12-19,4661.0360,4663.2410,4642.4150,4652.3770,30681053952,393658601472.0000,0.007609,-0.250400
2016-12-20,4649.0680,4649.7230,4613.6160,4636.3450,30340380928,379751702528.0000,0.007523,-0.344600
2016-12-21,4642.6410,4674.3780,4642.6410,4673.8100,33642783488,425690624000.0000,0.008340,0.808100
2016-12-22,4669.6320,4676.6530,4651.5000,4670.4110,30922788352,393249775616.0000,0.007665,-0.072700
2016-12-23,4666.6390,4668.6270,4615.7350,4621.8680,30873499392,396238524416.0000,0.007650,-1.039400
2016-12-26,4602.6300,4641.0630,4559.8440,4641.0290,29051397888,371987496960.0000,0.007195,0.414600
2016-12-27,4637.9940,4655.3960,4635.9510,4640.7000,27323372288,357995360256.0000,0.006766,-0.007100
2016-12-28,4638.7950,4646.1650,4613.4230,4623.4480,26847130624,343933509632.0000,0.006647,-0.371800
2016-12-29,4615.7890,4637.7890,4603.7750,4612.2900,25763478272,336947625984.0000,0.006372,-0.241300
2016-12-30,4615.1870,4630.4920,4605.9400,4621.6470,25912895488,336799723520.0000,0.006407,0.202900
2017-01-03,4627.4780,4665.9060,4627.4780,4665.7830,27823879680,350864433152.0000,0.006875,0.955000
2017-01-04,4665.5280,4712.3060,4662.3120,4712.2030,33754513920,441155760128.0000,0.008338,0.994900
2017-01-05,4711.0360,4722.3780,4706.4300,4712.6980,34048370432,441673863168.0000,0.008410,0.010500
2017-01-06,4709.3500,4711.0140,4680.2400,4681.2010,34630882304,448130727936.0000,0.008553,-0.668300
2017-01-09,4674.7470,4703.9120,4669.5760,4703.7450,32100173312,410277724160.0000,0.007920,0.481600
2017-01-10,4700.2880,4711.8380,4687.9410,4690.4300,32884318976,407163092992.0000,0.008112,-0.283100
2017-01-11,4683.5450,4697.5020,4646.8580,4646.9030,32183473664,395605254144.0000,0.007938,-0.928000
2017-01-12,4642.5730,4656.5970,4609.3760,4612.6910,28863388672,354928943104.0000,0.007119,-0.736200
2017-01-13,4610.7240,4619.5120,4563.5550,4569.9820,29417469184,372868706304.0000,0.007255,-0.925900
2017-01-16,4558.8320,4558.9370,4378.4050,4477.2390,44166761984,510398627840.0000,0.010890,-2.029400
2017-01-17,4458.4640,4508.4190,4423.8210,4508.1860,27093847296,345565044736.0000,0.006678,0.691200
2017-01-18,4500.0090,4526.3390,4488.4650,4505.8510,24624038400,309063421952.0000,0.006068,-0.051800
2017-01-19,4493.6210,4513.4490,4480.0430,4489.2550,23398962688,290313261056.0000,0.005765,-0.368300
2017-01-20,4484.3170,4548.5620,4484.2830,4542.8200,24437473280,315593859072.0000,0.006020,1.193200
2017-01-23,4548.0130,4586.0380,4548.0130,4571.5080,26115913216,325289795584.0000,0.006431,0.631500
2017-01-24,4569.1290,4571.7330,4554.6660,4562.6460,24654508032,300015742976.0000,0.006069,-0.193800
2017-01-25,4556.3250,4579.9580,4551.2980,4576.5010,21831130624,277267058688.0000,0.005373,0.303700
2017-01-26,4579.2420,4602.0230,4579.2300,4600.1730,21129352448,262377463808.0000,0.005200,0.517200
2017-02-03,4603.5090,4605.9400,4569.8350,4578.0950,18633492992,235084242944.0000,0.004576,-0.479900
2017-02-06,4580.2440,4611.6390,4572.0280,4611.3100,24730152960,321736622080.0000,0.006069,0.725500
2017-02-07,4608.1440,4618.5900,4587.5890,4608.5210,26177718784,342996520960.0000,0.006424,-0.060500
2017-02-08,4602.0870,4637.7710,4581.7020,4637.5030,28872587776,376110649344.0000,0.007085,0.628900
2017-02-09,4635.3030,4667.3020,4632.9680,4664.8970,35921886976,451138433024.0000,0.008815,0.590700
2017-02-10,4664.8870,4684.0080,4660.1170,4670.7900,41900221696,489521266688.0000,0.010280,0.126300
2017-02-13,4671.3800,4703.1470,4671.3800,4701.7300,39615804160,479058788352.0000,0.009713,0.662400
2017-02-14,4701.4860,4704.3600,4684.2050,4700.3700,34580827648,426644303872.0000,0.008498,-0.028900
2017-02-15,4697.1310,4711.6750,4662.4950,4669.7410,42089884416,515266088960.0000,0.010342,-0.651600
2017-02-16,4666.5040,4699.7250,4663.3220,4699.2040,37625308928,446571974656.0000,0.009244,0.630900
2017-02-17,4698.7130,4711.8140,4660.6190,4664.1530,40186910976,492948119552.0000,0.009872,-0.745900
2017-02-20,4661.7910,4717.3110,4661.7910,4716.6800,40570234624,491031674880.0000,0.009964,1.126200
2017-02-21,4719.6730,4746.7920,4716.6100,4746.6000,39619369216,492597424128.0000,0.009730,0.634300
2017-02-22,4745.8550,4762.3730,4735.5180,4762.1110,39610795008,495788695552.0000,0.009715,0.326800
2017-02-23,4759.3760,4765.1580,4728.4070,4752.6940,40427556096,512765083648.0000,0.009914,-0.197700
2017-02-24,4746.7690,4761.1940,4734.6280,4760.7680,35730801408,470515695616.0000,0.008762,0.169900
2017-02-27,4757.6620,4760.2510,4719.6200,4724.4370,35047557376,461878169600.0000,0.008594,-0.763100
2017-02-28,4722.3690,4741.5860,4718.4180,4740.5500,30222612992,415007125504.0000,0.007409,0.341100
2017-03-01,4737.9630,4765.1480,4734.7970,4750.5530,36368504320,489400385536.0000,0.008916,0.211000
2017-03-02,4755.4040,4761.1700,4720.5480,4722.3930,34994216704,480205529088.0000,0.008577,-0.592800
2017-03-03,4708.5440,4726.2720,4693.1270,4724.6060,31532973568,443894763520.0000,0.007727,0.046900
2017-03-06,4725.9550,4766.2370,4725.9550,4765.9920,32674005504,472959643648.0000,0.008004,0.876000
2017-03-07,4766.8280,4777.9180,4753.8050,4777.8040,33482085120,488740904960.0000,0.008201,0.247800
2017-03-08,4775.8520,4777.9320,4752.2990,4765.0480,31587191552,449708998656.0000,0.007736,-0.267000
2017-03-09,4757.5600,4757.7110,4717.6740,4732.0470,32260575744,444582510592.0000,0.007901,-0.692600
2017-03-10,4728.3770,4745.9200,4728.3770,4734.2040,27947396096,413697794048.0000,0.006844,0.045600
2017-03-13,4730.3870,4772.5860,4706.6670,4772.5860,32472815616,470432862208.0000,0.007947,0.810700
2017-03-14,4772.2910,4781.1010,4757.2170,4767.4750,30398051072,455763542016.0000,0.007437,-0.107100
2017-03-15,4760.5160,4772.7430,4749.4800,4769.0840,29569948928,436617605120.0000,0.007235,0.033700
2017-03-16,4778.3270,4809.4380,4778.3270,4809.2640,37031481088,545821241344.0000,0.009060,0.842500
2017-03-17,4812.3870,4818.5440,4761.9120,4765.3170,39735426304,593693323264.0000,0.009721,-0.913800
2017-03-20,4765.3180,4778.1460,4745.9320,4778.1460,33457230080,488769892352.0000,0.008182,0.269200
2017-03-21,4776.8530,4795.1100,4771.6100,4794.7920,31765304576,491993112576.0000,0.007768,0.348400
2017-03-22,4773.1930,4789.6440,4747.7990,4774.3480,36685695488,540944412672.0000,0.008971,-0.426400
2017-03-23,4775.8170,4798.1120,4736.3650,4781.5170,37394551808,571867176960.0000,0.009140,0.150200
2017-03-24,4781.0340,4813.9960,4774.4920,4806.9440,39991495680,557817966592.0000,0.009774,0.531800
2017-03-27,4806.7160,4818.7670,4788.6910,4793.6040,37606080512,532893630464.0000,0.009183,-0.277500
2017-03-28,4791.8960,4796.9680,4769.5570,4778.9790,31614120192,462257176576.0000,0.007718,-0.305100
2017-03-29,4781.1000,4787.5250,4747.6610,4756.2650,39705666560,536495255552.0000,0.009693,-0.475300
2017-03-30,4747.4690,4750.9370,4674.3270,4685.6890,45103641600,574748299264.0000,0.011010,-1.483900
2017-03-31,4683.4240,4705.5830,4679.3430,4702.8310,35273120256,460695154688.0000,0.008606,0.365800
2017-04-05,4726.2040,4785.0300,4726.2040,4785.0300,44493541120,570223665152.0000,0.010855,1.747900
2017-04-06,4790.8890,4807.0690,4781.4180,4800.3420,43244745216,547173806080.0000,0.010549,0.320000
2017-04-07,4799.2230,4815.8920,4789.3800,4803.6320,43691209472,560347205632.0000,0.010656,0.068500
2017-04-10,4799.9980,4800.0910,4766.3610,4771.1480,46578397952,616174333952.0000,0.011330,-0.676200
2017-04-11,4767.7760,4803.8690,4727.7600,4802.2560,54196238592,700946010112.0000,0.013180,0.652000
2017-04-12,4797.4470,4799.9840,4764.6530,4772.3530,52032833536,646267084800.0000,0.012652,-0.622700
2017-04-13,4762.6030,4795.2500,4759.0320,4786.1530,40796462336,487974010880.0000,0.009919,0.289200
2017-04-14,4786.4010,4786.9870,4723.2890,4730.6940,42775034880,504375926784.0000,0.010397,-1.158700
2017-04-17,4709.5230,4709.5230,4660.4470,4684.4040,40109047296,492941459456.0000,0.009744,-0.978500
2017-04-18,4678.4050,4699.3300,4650.2160,4650.5350,36609821696,461717479424.0000,0.008889,-0.723000
2017-04-19,4633.6390,4638.0800,4568.2530,4611.8100,40454297856,486178648064.0000,0.009813,-0.832700
2017-04-20,4607.9540,4628.3560,4577.8840,4610.3540,35987844864,459793158144.0000,0.008723,-0.031600
2017-04-21,4609.0130,4625.3100,4586.6200,4597.6550,30497765632,377001177088.0000,0.007393,-0.275400
2017-04-24,4584.9220,4584.9220,4491.6080,4504.4650,34187986944,406394437632.0000,0.008285,-2.026900
2017-04-25,4503.0470,4541.8170,4497.1760,4520.5480,30237431552,380945866752.0000,0.007325,0.357000
2017-04-26,4518.7750,4549.5950,4517.7740,4532.5000,32990639872,425109508096.0000,0.007986,0.264400
2017-04-27,4520.3550,4554.3360,4456.7100,4548.8710,41088651008,514714292224.0000,0.009945,0.361200
2017-04-28,4538.2890,4558.0720,4532.8130,4558.0720,31959075840,410805723136.0000,0.007728,0.202300
2017-05-02,4548.4250,4559.5460,4537.4310,4552.9860,30581685248,395555155968.0000,0.007394,-0.111600
2017-05-03,4546.4050,4561.2830,4523.1180,4540.4240,32416045568,424402837504.0000,0.007838,-0.275900
2017-05-04,4528.4050,4558.4610,4506.4230,4525.9320,34592807424,443538427904.0000,0.008361,-0.319200
2017-05-05,4511.6230,4516.2570,4477.6960,4478.8750,33453940480,427747446784.0000,0.008085,-1.039700
2017-05-08,4464.0870,4469.1770,4413.4150,4414.4770,33698160896,412106477568.0000,0.008142,-1.437800
2017-05-09,4396.0850,4430.8160,4374.9740,4429.1970,26627867136,341860253696.0000,0.006432,0.333400
2017-05-10,4428.4160,4451.3040,4374.5730,4374.8610,30887866624,397083049984.0000,0.007456,-1.226800
2017-05-11,4351.2940,4376.6320,4289.8890,4375.0950,35563280640,422140338176.0000,0.008577,0.005400
2017-05-12,4366.7550,4400.1500,4356.3980,4390.9450,29360722944,369767718912.0000,0.007078,0.362300
2017-05-15,4399.3120,4419.7690,4399.3120,4406.8300,26117010432,344643510272.0000,0.006291,0.361800
2017-05-16,4397.4700,4474.6600,4369.9080,4474.5600,35383369984,456022679552.0000,0.008514,1.536900
2017-05-17,4469.2050,4496.6110,4466.8320,4471.6250,35331116544,469470642176.0000,0.008497,-0.065600
2017-05-18,4439.4990,4474.3390,4431.2550,4445.9980,30307512064,395096739840.0000,0.007280,-0.573100
2017-05-19,4443.6200,4456.1340,4428.0760,4446.7680,26717972224,347058196480.0000,0.006412,0.017300
2017-05-22,4440.9910,4461.6760,4389.9520,4406.6520,30370749696,378481115136.0000,0.007286,-0.902100
2017-05-23,4397.2120,4410.1490,4343.8800,4347.4690,34147908608,413324800000.0000,0.008186,-1.343000
2017-05-24,4327.1700,4361.0540,4281.4230,4361.0540,27851519232,335506685952.0000,0.006673,0.312500
2017-05-25,4351.8080,4419.7560,4333.2720,4415.2520,35942963456,421890535424.0000,0.008593,1.242800
2017-05-26,4409.9410,4431.3410,4403.5990,4412.4350,30646206720,373389668352.0000,0.007313,-0.063800
2017-05-31,4444.3770,4459.1090,4412.5650,4414.6030,30470798848,383279702016.0000,0.007253,0.049100
2017-06-01,4402.9760,4407.0150,4358.2900,4359.0170,31217460736,377450311680.0000,0.007427,-1.259100
2017-06-02,4347.1360,4385.6760,4317.2850,4378.8800,28481152768,336741646336.0000,0.006775,0.455700
2017-06-05,4379.8670,4396.5970,4379.1710,4389.2800,26302650880,318163398656.0000,0.006251,0.237500
2017-06-06,4382.7710,4413.7210,4376.6420,4413.7160,23667798528,294036561920.0000,0.005622,0.556700
2017-06-07,4413.9970,4489.6120,4411.6630,4488.8670,36225685504,452188299264.0000,0.008597,1.702700
2017-06-08,4486.7070,4508.3520,4483.3030,4504.6500,32720963328,422008283136.0000,0.007752,0.351600
2017-06-09,4502.5240,4520.3220,4495.5630,4517.8210,31855728640,400789004288.0000,0.007537,0.292400
2017-06-12,4502.6300,4522.2940,4478.4710,4483.8840,29764099328,380761792512.0000,0.007036,-0.751200
2017-06-13,4477.2690,4524.7910,4476.7600,4521.6970,27739577088,351444353024.0000,0.006552,0.843300
2017-06-14,4517.4990,4523.2820,4491.6610,4497.9240,29498188288,377750515712.0000,0.006966,-0.525800
2017-06-15,4491.9720,4524.8060,4489.4440,4521.2970,32077073408,409252712448.0000,0.007575,0.519600
2017-06-16,4519.5040,4529.3100,4510.2510,4514.4950,28333742592,360388472832.0000,0.006686,-0.150400
2017-06-19,4513.9370,4551.7320,4513.9370,4551.4660,27879218688,347842265088.0000,0.006575,0.818900
2017-06-20,4557.7200,4564.7650,4543.8490,4550.7170,31006146304,393762181120.0000,0.007303,-0.016500
2017-06-21,4565.4530,4577.7920,4542.4700,4577.7230,29703975168,388149551104.0000,0.006995,0.593500
2017-06-22,4573.4210,4603.4440,4538.9130,4538.9820,37586730496,473685786624.0000,0.008850,-0.846300
2017-06-23,4529.6690,4559.8180,4496.5860,4559.7570,32096300032,401698770944.0000,0.007554,0.457700
2017-06-26,4561.2790,4618.0140,4561.2790,4617.5050,34638644992,435319988224.0000,0.008150,1.266500
2017-06-27,4615.7290,4629.3150,4600.6410,4626.0720,30299787264,379207544832.0000,0.007129,0.185500
2017-06-28,4614.8420,4618.8340,4590.2620,4594.8270,29595181824,367279833088.0000,0.006959,-0.675400
2017-06-29,4598.5220,4621.2030,4598.5220,4619.7510,27394469376,346704289792.0000,0.006438,0.542400
2017-06-30,4605.8590,4627.4770,4595.4840,4625.1640,26012256512,331483471872.0000,0.006111,0.117200
2017-07-03,4626.6660,4635.1210,4603.5080,4635.1210,29168220928,364372979712.0000,0.006845,0.215300
2017-07-04,4631.4470,4631.4470,4600.8570,4611.1340,29439122688,377618968576.0000,0.006908,-0.517500
2017-07-05,4606.5370,4656.3380,4602.5280,4655.9980,31148142336,403849527296.0000,0.007300,0.973000
2017-07-06,4652.7070,4667.5840,4623.7020,4661.9400,37056605696,470030848000.0000,0.008676,0.127600
2017-07-07,4651.4890,4672.3690,4641.9420,4671.9130,36470995968,459964014592.0000,0.008533,0.213900
2017-07-10,4665.2450,4679.8430,4651.1310,4658.9750,40492347392,496211828736.0000,0.009471,-0.276900
2017-07-11,4652.8230,4681.7240,4639.7870,4639.8930,36894858240,452774199296.0000,0.008627,-0.409600
2017-07-12,4638.1950,4652.7970,4596.4830,4632.3340,36981260288,444937056256.0000,0.008640,-0.162900
2017-07-13,4630.8660,4658.6660,4626.6960,4652.4550,36280207872,434439962624.0000,0.008471,0.434400
2017-07-14,4647.4700,4654.7650,4628.8930,4650.9240,31290203392,379643359232.0000,0.007304,-0.032900
2017-07-17,4639.1030,4640.2510,4484.4250,4507.5730,49989609984,562542833664.0000,0.011657,-3.082200
2017-07-18,4487.6890,4532.2760,4470.1500,4532.1830,35885445120,406083604480.0000,0.008360,0.546000
2017-07-19,4525.1370,4608.0990,4521.2610,4607.3120,47857887488,519396515840.0000,0.011146,1.657700
2017-07-20,4602.5470,4639.4440,4599.6220,4630.6810,42929586944,498797760512.0000,0.009998,0.507200
2017-07-21,4621.2670,4637.6750,4616.0340,4623.7670,37848786688,439866859520.0000,0.008810,-0.149300
2017-07-24,4616.9700,4655.5150,4613.4850,4648.5390,42256315648,486767325184.0000,0.009831,0.535800
2017-07-25,4645.0050,4655.2630,4612.9500,4629.9190,37853055488,430100021248.0000,0.008805,-0.400600
2017-07-26,4631.6890,4643.4290,4598.3760,4622.0620,39895351296,456480722944.0000,0.009279,-0.169700
2017-07-27,4615.5750,4657.1610,4591.4760,4653.3940,47073673216,547717148672.0000,0.010947,0.677900
2017-07-28,4643.3030,4667.6690,4638.8890,4662.3580,38222722560,454046269440.0000,0.008887,0.192600
2017-07-31,4661.8100,4697.9540,4655.7710,4695.3590,47511766016,536085975040.0000,0.011043,0.707800
2017-08-01,4695.4300,4715.1700,4689.5850,4715.0290,46368787968,537026809856.0000,0.010774,0.418900
2017-08-02,4713.1670,4726.3590,4690.9780,4692.4290,50859054592,578555297792.0000,0.011803,-0.479300
2017-08-03,4684.0790,4708.7300,4668.7720,4682.4710,45286353664,515508867072.0000,0.010507,-0.212200
2017-08-04,4679.7730,4697.8150,4658.6260,4658.8980,50729642496,560917884928.0000,0.011769,-0.503400
2017-08-07,4653.4940,4693.0850,4647.5730,4692.7210,41708242176,452329914368.0000,0.009675,0.726000
2017-08-08,4691.7040,4710.1170,4683.4100,4703.2660,47292798464,520115970048.0000,0.010963,0.224700
2017-08-09,4699.2490,4712.4710,4685.3190,4711.9150,44213360640,490852720640.0000,0.010249,0.183900
2017-08-10,4702.3440,4720.0880,4648.9580,4682.5040,45188581376,517605318656.0000,0.010474,-0.624200
2017-08-11,4649.3100,4664.6630,4595.8710,4599.6210,47612661504,526894153728.0000,0.011035,-1.770100
2017-08-14,4602.8260,4675.5460,4602.8260,4675.5460,38677572864,465496760320.0000,0.008962,1.650700
2017-08-15,4676.3030,4697.4630,4670.9570,4692.4550,36647698688,449177317376.0000,0.008487,0.361700
2017-08-16,4687.3960,4704.8730,4664.5470,4699.1310,38880094976,485751128064.0000,0.009002,0.142300
2017-08-17,4704.2430,4731.2740,4700.5880,4730.9230,42114358528,519883407360.0000,0.009750,0.676600
2017-08-18,4707.7040,4734.2840,4699.2510,4724.3900,38329658880,475106164736.0000,0.008871,-0.138100
2017-08-21,4730.6660,4755.3490,4730.6660,4755.1300,36681601024,450981437440.0000,0.008486,0.650700
2017-08-22,4755.4420,4760.9960,4736.6480,4748.2830,37223315968,480549785600.0000,0.008611,-0.144000
2017-08-23,4740.5800,4753.1550,4718.5970,4734.1140,34323490048,426300112896.0000,0.007937,-0.298400
2017-08-24,4733.4970,4738.3730,4697.9580,4705.8490,31803368704,403180720128.0000,0.007351,-0.597000
2017-08-25,4705.0550,4770.0190,4705.0550,4768.8600,37432992768,462625247232.0000,0.008648,1.339000
2017-08-28,4776.3340,4844.3040,4776.3340,4826.5580,48501785344,637621784576.0000,0.011198,1.209900
2017-08-29,4824.4730,4836.5430,4809.6250,4819.3430,42314908160,562027737088.0000,0.009767,-0.149500
2017-08-30,4816.9220,4840.0740,4816.9220,4830.9200,44347153408,556374515712.0000,0.010234,0.240200
2017-08-31,4831.4380,4838.2570,4807.8750,4834.9570,42224629504,542772047872.0000,0.009744,0.083600
2017-09-01,4839.1800,4862.8140,4839.1800,4859.3020,51339247360,637530882048.0000,0.011844,0.503500
2017-09-04,4859.8280,4883.7120,4846.8670,4883.0050,51465367808,641926111232.0000,0.011869,0.487800
2017-09-05,4880.8860,4894.8350,4868.8380,4891.0480,43708246016,558770139136.0000,0.010079,0.164700
2017-09-06,4876.5370,4900.6770,4867.3520,4899.7760,45973105152,596769030144.0000,0.010579,0.178400
2017-09-07,4899.9610,4910.9460,4872.3070,4874.4420,46592230144,624490856448.0000,0.010721,-0.517000
2017-09-08,4872.5220,4896.2000,4856.2230,4878.7930,40954716672,548786237440.0000,0.009421,0.089300
2017-09-11,4879.9060,4907.9630,4872.7620,4906.0710,44129835264,586322563072.0000,0.010148,0.559100
2017-09-12,4912.7060,4936.1150,4895.3900,4906.7710,56393557504,752697978880.0000,0.012965,0.014300
2017-09-13,4901.8590,4922.9160,4890.9510,4922.1500,40669560320,534557880320.0000,0.009349,0.313400
2017-09-14,4922.6180,4933.9790,4894.1970,4910.2660,45286731264,581741498368.0000,0.010409,-0.241400
2017-09-15,4903.9610,4910.1600,4879.3230,4894.0730,44220618752,561712713728.0000,0.010163,-0.329800
2017-09-18,4891.6140,4924.2340,4891.6140,4921.1210,39085676544,510049001472.0000,0.008982,0.552700
2017-09-19,4925.0070,4931.3200,4887.7660,4903.2220,39751262208,517971009536.0000,0.009135,-0.363700
2017-09-20,4899.3520,4933.3770,4893.4840,4931.8150,40725971712,536203517952.0000,0.009356,0.583100
2017-09-21,4931.0420,4938.3000,4900.0010,4900.0010,41364475136,547991928832.0000,0.009501,-0.645100
2017-09-22,4885.3500,4892.5770,4866.3060,4887.8600,36825027072,483295739904.0000,0.008453,-0.247800
2017-09-25,4879.2090,4885.5660,4837.9750,4843.1300,34864100608,465457201152.0000,0.008001,-0.915100
2017-09-26,4836.8150,4850.7550,4826.8210,4849.1100,29614991104,398825611264.0000,0.006792,0.123500
2017-09-27,4847.6900,4878.0500,4847.6180,4870.6260,30945497344,415594590208.0000,0.007095,0.443700
2017-09-28,4868.2470,4878.1040,4860.6610,4862.0390,32804872192,438699933696.0000,0.007519,-0.176300
2017-09-29,4866.0810,4895.7070,4866.0810,4889.9410,32013666048,428684136448.0000,0.007333,0.573900
2017-10-09,4960.9950,4971.8570,4937.8840,4946.7350,40153144320,530801065984.0000,0.009184,1.161400
2017-10-10,4946.1590,4971.1370,4930.0340,4970.6350,38873475072,537732182016.0000,0.008887,0.483100
2017-10-11,4968.0880,4979.9930,4959.6610,4966.1540,40401624064,562448822272.0000,0.009233,-0.090100
2017-10-12,4962.3640,4971.0790,4938.6050,4965.7180,35492447488,476453593088.0000,0.008107,-0.008800
2017-10-13,4964.4020,4989.6220,4962.9110,4986.0270,33037128704,454995476480.0000,0.007545,0.409000
2017-10-16,4986.9610,4988.9080,4933.8250,4935.3010,40447658752,541452247040.0000,0.009235,-1.017400
2017-10-17,4927.1120,4949.3090,4914.7810,4933.1080,27747270400,383368081408.0000,0.006334,-0.044400
2017-10-18,4934.1380,4950.1740,4917.5350,4928.1300,33040621568,437054152704.0000,0.007542,-0.100900
2017-10-19,4922.1250,4927.7960,4887.8250,4895.5760,33497019392,429477507072.0000,0.007645,-0.660600
2017-10-20,4885.0230,4922.4060,4882.6120,4922.0720,26715421440,360103407616.0000,0.006096,0.541200
2017-10-23,4924.3130,4941.3370,4919.9360,4940.3300,28004774144,378597765120.0000,0.006388,0.370900
2017-10-24,4934.6800,4945.4120,4923.0960,4945.0790,29094846464,401279692800.0000,0.006636,0.096100
2017-10-25,4941.8010,4974.3270,4938.2620,4973.6010,27833883648,383932776448.0000,0.006345,0.576800
2017-10-26,4972.8590,5005.9310,4966.1810,4993.6420,36232833792,507250688000.0000,0.008260,0.402900
2017-10-27,4989.8180,5002.8640,4981.3430,4992.7960,34241984256,458921472000.0000,0.007803,-0.016900
2017-10-30,4987.7320,4995.1690,4881.8680,4925.0860,42290841856,552593915904.0000,0.009635,-1.356200
2017-10-31,4913.0760,4944.0960,4908.0560,4943.3790,30400111872,425328316416.0000,0.006925,0.371400
2017-11-01,4944.0850,4966.7890,4932.1320,4938.7250,33779763200,475353894912.0000,0.007694,-0.094100
2017-11-02,4932.8590,4932.8870,4897.6410,4910.9160,34152862976,464087863296.0000,0.007779,-0.563100
2017-11-03,4905.3740,4914.6490,4858.7660,4888.0680,34617101056,459979862016.0000,0.007884,-0.465300
2017-11-06,4886.8930,4933.3360,4870.9390,4932.6450,32751496448,459885309952.0000,0.007457,0.912000
2017-11-07,4932.6050,4967.7990,4930.3480,4966.9450,37925625856,522716770304.0000,0.008633,0.695400
2017-11-08,4962.5520,5003.8910,4958.1560,4970.0200,39034416640,555326050304.0000,0.008885,0.061900
2017-11-09,4965.9030,5003.3260,4965.4810,5002.7850,34004991744,479239294976.0000,0.007738,0.659300
2017-11-10,4996.6240,5035.6770,4991.9250,5031.3550,38889734400,564996255744.0000,0.008849,0.571100
2017-11-13,5034.7020,5050.4370,5030.6480,5047.6220,41251418368,591978037248.0000,0.009385,0.323300
2017-11-14,5046.4820,5051.0850,4993.2420,5010.1530,40830878208,598171381760.0000,0.009287,-0.742300
2017-11-15,4994.0530,5007.6480,4950.0540,4969.0800,34288034048,518923055104.0000,0.007798,-0.819800
2017-11-16,4959.0870,4995.0690,4954.0140,4984.6880,33214272512,486424875008.0000,0.007549,0.314100
2017-11-17,4975.3900,4988.8460,4901.7290,4906.7080,47878179072,641157181440.0000,0.010880,-1.564400
2017-11-20,4877.5160,4936.3040,4821.8880,4935.8610,35441466368,485497430016.0000,0.008052,0.594100
2017-11-21,4924.0710,4982.2470,4920.1550,4978.5570,39237392640,556802768896.0000,0.008912,0.865000
2017-11-22,4984.0890,5012.1760,4941.7120,4980.7170,40512642304,560316076032.0000,0.009202,0.043400
2017-11-23,4967.5990,4967.5990,4839.6420,4847.0820,40523164160,547382910976.0000,0.009204,-2.683000
2017-11-24,4830.2140,4863.7370,4813.1790,4848.5410,31435811072,433598849024.0000,0.007139,0.030100
2017-11-27,4835.8100,4835.8100,4780.2360,4787.4460,32444141312,424078233600.0000,0.007366,-1.260100
2017-11-28,4775.9670,4829.7470,4771.9400,4829.7470,27875955456,365258989568.0000,0.006329,0.883600
2017-11-29,4832.3430,4838.8220,4776.9670,4832.3020,35080216320,450692202496.0000,0.007964,0.052900
2017-11-30,4816.2240,4834.6060,4776.2750,4791.5780,30148553216,397667241984.0000,0.006844,-0.842700
2017-12-01,4788.5990,4824.6440,4777.4590,4808.5510,28239913728,382981951488.0000,0.006410,0.354200
2017-12-04,4800.1110,4824.5050,4788.7310,4794.1530,29833115904,399677140992.0000,0.006770,-0.299400
2017-12-05,4782.1470,4801.5790,4731.6430,4744.5870,37909849344,478233714688.0000,0.008600,-1.033900
2017-12-06,4730.6860,4752.3740,4683.0630,4752.1730,30496498176,389267361792.0000,0.006914,0.159900
2017-12-07,4739.6600,4754.1290,4709.0730,4719.9730,26305709056,345935568896.0000,0.005964,-0.677600
2017-12-08,4712.2610,4774.8680,4711.5120,4764.5750,27499873280,369125117952.0000,0.006234,0.945000
2017-12-11,4769.1970,4830.4950,4769.1970,4830.2720,28557884416,397845594112.0000,0.006470,1.378900
2017-12-12,4828.1860,4828.5130,4776.2430,4776.4680,27124659712,374832803840.0000,0.006145,-1.113900
2017-12-13,4771.4030,4813.7650,4767.8480,4813.5350,24125795328,332348309504.0000,0.005466,0.776000
2017-12-14,4812.2490,4820.5220,4786.2730,4802.2480,26090948096,353952509952.0000,0.005910,-0.234500
2017-12-15,4794.4200,4797.2100,4752.7250,4764.1260,28298799872,373593264128.0000,0.006410,-0.793800
2017-12-18,4762.4570,4780.5610,4733.3270,4751.7760,24994130944,336388558848.0000,0.005660,-0.259200
2017-12-19,4750.8700,4797.0620,4750.8130,4796.7620,24215569920,329644068864.0000,0.005481,0.946700
2017-12-20,4794.7450,4797.3400,4759.5440,4771.5340,27332758272,358358343680.0000,0.006186,-0.525900
2017-12-21,4763.3200,4813.0450,4738.6550,4800.9020,28133249280,378136018944.0000,0.006366,0.615500
2017-12-22,4796.7210,4809.9840,4784.4110,4790.7590,24570235136,331777331200.0000,0.005559,-0.211300
2017-12-25,4790.6670,4804.4510,4741.2570,4755.1760,28199128320,372753285120.0000,0.006379,-0.742700
2017-12-26,4751.9060,4778.9840,4727.2780,4777.6870,27286862592,358508134400.0000,0.006165,0.473400
2017-12-27,4770.6190,4775.1320,4724.8680,4728.6650,30481842944,401536991232.0000,0.006886,-1.026100
2017-12-28,4725.8180,4769.8470,4716.1110,4753.5490,32427338496,417066278912.0000,0.007324,0.526200
2017-12-29,4755.3230,4777.7940,4751.4590,4777.3230,27725813504,362758307840.0000,0.006248,0.500100
2018-01-02,4789.4510,4836.9810,4789.4510,4836.6590,36197366528,442606510080.0000,0.008135,1.242000
2018-01-03,4838.3900,4886.6160,4834.4490,4872.2410,40623211776,526089035776.0000,0.009127,0.735700
2018-01-04,4870.4340,4893.9730,4864.2110,4890.4980,38108398848,491271278592.0000,0.008559,0.374700
2018-01-05,4891.8200,4906.9040,4882.2070,4896.0820,39508214528,494499844096.0000,0.008873,0.114200
2018-01-08,4895.5630,4914.6280,4877.2860,4914.4050,43369625856,553673719808.0000,0.009731,0.374200
2018-01-09,4910.6140,4930.9700,4906.2630,4930.4680,36821241344,477700866048.0000,0.008261,0.326900
2018-01-10,4927.8660,4934.2240,4889.9020,4925.3570,39951624960,512386940928.0000,0.008962,-0.103700
2018-01-11,4913.4790,4940.3720,4901.8340,4935.4650,35768272384,472811454464.0000,0.008023,0.205200
2018-01-12,4932.1710,4945.8740,4917.9140,4934.5780,35416625408,456403300352.0000,0.007945,-0.018000
2018-01-15,4931.2600,4936.9560,4862.7760,4873.4160,44980262912,581326614528.0000,0.010089,-1.239500
2018-01-16,4863.7650,4909.1510,4863.4040,4908.4900,39973614848,531474305024.0000,0.008966,0.719700
2018-01-17,4905.3710,4911.5800,4865.9850,4896.7490,46925585408,605288226816.0000,0.010525,-0.239200
2018-01-18,4898.0620,4926.5860,4894.6030,4915.7170,36977246464,480642252800.0000,0.008292,0.387400
2018-01-19,4920.7960,4951.3920,4905.5340,4918.1310,42578150656,538750205952.0000,0.009544,0.049100
2018-01-22,4908.0830,4969.0250,4904.8650,4967.8190,39388595456,514255343616.0000,0.008829,1.010300
2018-01-23,4971.5420,4998.4730,4969.8490,4997.9420,40807174656,518821421056.0000,0.009140,0.606400
2018-01-24,4999.3270,5018.3120,4976.5470,5017.6560,45782556928,594299207680.0000,0.010251,0.394400
2018-01-25,5009.2700,5028.9400,4991.5240,4997.5810,45094086144,575693025280.0000,0.010095,-0.400100
2018-01-26,4984.5090,5019.7680,4982.7830,5003.4710,39263338240,496787628032.0000,0.008788,0.117900
2018-01-29,5004.8100,5010.3500,4915.9780,4928.9290,42909118720,549901467648.0000,0.009602,-1.489800
2018-01-30,4915.2360,4935.8280,4892.6990,4898.4090,33875240192,433139097600.0000,0.007577,-0.619200
2018-01-31,4871.9750,4888.5080,4832.1280,4855.6790,39584827904,490426261504.0000,0.008854,-0.872300
2018-02-01,4850.4450,4861.4960,4733.5030,4748.0290,47874352384,562016362496.0000,0.010706,-2.217000
2018-02-02,4710.7670,4757.8660,4653.5640,4757.3730,38676526336,458566217728.0000,0.008649,0.196800
2018-02-05,4689.0350,4755.8850,4679.4080,4750.5010,36091223296,443981369344.0000,0.008071,-0.144500
2018-02-06,4657.1070,4681.1210,4562.2580,4564.9930,47041913856,555495673856.0000,0.010519,-3.905000
2018-02-07,4631.9670,4646.9880,4488.5180,4514.4410,43966908416,522150146048.0000,0.009831,-1.107400
2018-02-08,4491.8180,4551.0750,4481.0380,4516.6360,34447409152,402427338752.0000,0.007702,0.048600
2018-02-09,4400.4350,4415.2080,4276.9580,4347.2160,44101765376,486092767232.0000,0.009858,-3.751000
2018-02-12,4359.1550,4443.5810,4351.4770,4428.2210,29071898880,343024132096.0000,0.006496,1.863376
2018-02-13,4458.5330,4509.7280,4456.8720,4461.7070,28620104192,338905464832.0000,0.006394,0.756195
2018-02-14,4467.5120,4489.0980,4445.0520,4486.5010,19544105984,230462550016.0000,0.004347,0.555707
2018-02-22,4531.9790,4578.0460,4526.0950,4576.0280,26941781504,319259074560.0000,0.005984,1.995475
2018-02-23,4581.3050,4602.1330,4555.6640,4593.5760,28037055744,326513537024.0000,0.006227,0.383477
2018-02-26,4616.7530,4677.1140,4589.9100,4670.7340,38305931776,461558153216.0000,0.008508,1.679694
2018-02-27,4671.2080,4671.8980,4630.6850,4637.7210,36508339456,456691458048.0000,0.008097,-0.706805
2018-02-28,4598.6060,4645.1290,4573.0150,4623.0950,33253150976,420174876672.0000,0.007374,-0.315370
2018-03-01,4593.8520,4666.9110,4585.6150,4666.6690,34306636288,427828445184.0000,0.007606,0.942529
2018-03-02,4632.9330,4663.2160,4627.0180,4636.4620,32952344832,411881365504.0000,0.007306,-0.647293
2018-03-05,4642.9110,4656.3900,4619.6460,4647.7570,29633405696,379370299392.0000,0.006568,0.243600
2018-03-06,4660.5860,4702.2320,4640.9000,4701.6470,39545823232,492687355904.0000,0.008765,1.159500
2018-03-07,4696.8280,4716.4020,4661.5610,4668.3440,33975298560,419380887552.0000,0.007530,-0.708300
2018-03-08,4665.6020,4709.1710,4662.8800,4708.7950,30976000000,396211482624.0000,0.006864,0.866500
2018-03-09,4714.9330,4763.5970,4711.4680,4761.9050,39674381056,504217792512.0000,0.008792,1.127900
2018-03-12,4783.6270,4808.4310,4781.1180,4808.3810,46095989504,597663170560.0000,0.010214,0.976000
2018-03-13,4802.5400,4807.4420,4771.9990,4774.3480,39781532160,495470149632.0000,0.008811,-0.707800
2018-03-14,4757.5340,4769.7200,4737.5860,4739.3560,34829294848,440109314048.0000,0.007713,-0.732900
2018-03-15,4721.7680,4749.6050,4703.5450,4742.8030,33212303872,432431009792.0000,0.007353,0.072700
2018-03-16,4742.6340,4758.7420,4712.3210,4712.3210,30706518016,394225233920.0000,0.006798,-0.642700
2018-03-19,4708.3820,4736.2830,4688.8570,4728.5470,30068210432,395334774784.0000,0.006659,0.344300
2018-03-20,4694.9500,4738.7760,4686.3300,4738.1010,31357140992,400482164736.0000,0.006942,0.202100
2018-03-21,4751.1170,4774.8210,4701.6440,4711.3600,36741385984,479930474496.0000,0.008132,-0.564400
2018-03-22,4710.8610,4728.7240,4661.8140,4684.0760,32326729216,422374830080.0000,0.007153,-0.579100
2018-03-23,4543.7160,4584.0630,4432.2240,4494.5500,55275918592,632924381184.0000,0.012231,-4.046200
2018-03-26,4439.6880,4518.4080,4403.3980,4518.2710,37799464192,469189087232.0000,0.008359,0.527800
2018-03-27,4565.3100,4602.3270,4556.7530,4593.2320,40873189888,538949955584.0000,0.009036,1.659100
2018-03-28,4538.8720,4592.0020,4529.8900,4535.1100,36552494080,498561441792.0000,0.008079,-1.265400
2018-03-29,4547.8420,4597.1220,4510.1780,4584.3000,35991559168,477615550464.0000,0.007953,1.084600
2018-03-30,4589.9350,4628.1870,4584.8770,4622.0970,35993117184,495225524224.0000,0.007951,0.824500
2018-04-02,4627.5370,4656.6490,4615.5480,4624.2990,41260514304,573027962880.0000,0.009110,0.047600
2018-04-03,4571.5220,4596.8940,4556.7680,4588.5800,35681925888,481575301120.0000,0.007878,-0.772400
2018-04-04,4602.4040,4623.9390,4567.5530,4570.3530,33679980032,470570549248.0000,0.007436,-0.397200
2018-04-09,4559.3880,4589.5830,4528.0450,4573.6000,32184727808,435296874496.0000,0.007105,0.071000
2018-04-10,4579.4820,4623.2490,4564.2370,4623.0060,36436647424,483556892672.0000,0.008041,1.080200
2018-04-11,4632.5640,4658.5570,4629.8890,4642.4590,36406517504,480332062720.0000,0.008034,0.420800
2018-04-12,4636.2580,4643.7700,4603.6160,4607.1410,31619459328,427318566912.0000,0.006972,-0.760800
2018-04-13,4627.9790,4639.8860,4579.1770,4584.5210,28660090368,395117592576.0000,0.006320,-0.491000
2018-04-16,4574.0150,4582.2860,4511.3990,4540.4380,33817588992,445820551168.0000,0.007456,-0.961600
2018-04-17,4546.8550,4557.2180,4453.1910,4456.2880,34604378880,464897314816.0000,0.007627,-1.853300
2018-04-18,4489.2020,4503.2500,4404.2870,4496.2120,37125080064,491783966720.0000,0.008181,0.895900
2018-04-19,4497.7490,4551.9420,4492.3760,4531.2030,35983531008,480276160512.0000,0.007925,0.778200
2018-04-20,4515.6300,4530.6110,4447.2510,4452.5820,34807581184,444723425280.0000,0.007666,-1.735100
2018-04-23,4447.9030,4476.2470,4395.4480,4434.6750,30760938496,391407087616.0000,0.006773,-0.402200
2018-04-24,4435.7370,4529.4400,4435.7370,4529.3430,34941437952,450786205696.0000,0.007690,2.134700
2018-04-25,4507.3890,4533.9550,4502.7800,4528.2420,30660398848,417841508352.0000,0.006744,-0.024300
2018-04-26,4521.8930,4525.0500,4439.7880,4443.2490,31624186368,423219130368.0000,0.006954,-1.877000
2018-04-27,4458.8680,4469.0870,4412.4240,4448.4430,29132577536,408462442496.0000,0.006403,0.116900
2018-05-02,4456.3070,4477.4610,4420.5920,4446.3080,29046202368,381105262592.0000,0.006381,-0.048000
2018-05-03,4436.9560,4485.6330,4401.8580,4485.4910,31222686208,403060006912.0000,0.006851,0.881300
2018-05-04,4475.5300,4496.6670,4469.2960,4473.9170,26512021760,357708648448.0000,0.005815,-0.258000
2018-05-07,4481.2410,4549.0470,4480.9570,4548.9140,30767943936,419174600704.0000,0.006748,1.676300
2018-05-08,4550.1260,4592.4280,4549.2730,4586.7880,32432861184,440897712128.0000,0.007113,0.832600
2018-05-09,4582.4740,4589.9850,4561.8520,4581.7300,28766127360,379021193216.0000,0.006305,-0.110300
2018-05-10,4590.8920,4604.2710,4572.2330,4603.8070,30926961664,409455628288.0000,0.006777,0.481900
2018-05-11,4610.4270,4611.9130,4569.4470,4569.7900,30633752320,410730033152.0000,0.006712,-0.738900
2018-05-14,4574.1590,4598.4410,4565.4190,4579.1330,29369735936,403486121984.0000,0.006433,0.204400
2018-05-15,4586.3680,4613.0320,4563.5910,4612.7210,27860661760,376297443328.0000,0.006099,0.733500
2018-05-16,4597.2970,4620.0960,4582.7200,4586.6870,29168964864,399798272000.0000,0.006382,-0.564400
2018-05-17,4586.5120,4590.2570,4553.2820,4561.3140,26086848000,355438804992.0000,0.005703,-0.553200
2018-05-18,4557.1230,4593.4950,4540.9920,4593.1810,28685385216,374343143424.0000,0.006263,0.698600
2018-05-21,4618.3090,4642.3930,4617.1680,4634.4700,34955561216,458496565248.0000,0.007629,0.898900
2018-05-22,4631.7160,4638.5360,4607.9890,4638.3210,31910364928,434898391040.0000,0.006960,0.083100
2018-05-23,4628.2120,4628.2120,4582.4010,4582.4010,33946903808,458553245696.0000,0.007403,-1.205600
2018-05-24,4580.8630,4589.5880,4556.8100,4560.7620,27891722496,380567740416.0000,0.006079,-0.472200
2018-05-25,4558.4300,4567.4910,4522.6090,4532.1090,29617413888,396491878400.0000,0.006452,-0.628300
2018-05-28,4529.1340,4553.0990,4497.0550,4526.6950,29259526400,395435507712.0000,0.006369,-0.119500
2018-05-29,4518.3420,4543.0980,4489.0610,4490.5200,29983625216,405765124096.0000,0.006505,-0.799100
2018-05-30,4430.7400,4439.3470,4370.4930,4372.9280,34743470592,436145098752.0000,0.007532,-2.618700
2018-05-31,4403.7140,4454.6620,4385.6100,4452.9230,30826770688,405367984128.0000,0.006679,1.829300
2018-06-01,4436.2890,4456.3260,4386.8120,4409.2430,28814061312,373749104640.0000,0.006241,-0.980900
2018-06-04,4420.5330,4437.8870,4403.4570,4426.0320,25635348224,344167563264.0000,0.005550,0.380800
2018-06-05,4428.3760,4486.9850,4427.6970,4486.6420,26767135488,369269161984.0000,0.005794,1.369400
2018-06-06,4481.4190,4494.6680,4474.1360,4486.4160,26193755648,358492008448.0000,0.005667,-0.005000
2018-06-07,4500.0820,4505.0110,4467.1310,4470.2100,27202347008,358759124992.0000,0.005878,-0.361200
2018-06-08,4461.5780,4461.7250,4392.0900,4418.7100,28225134848,352408965120.0000,0.006097,-1.152100
2018-06-11,4407.6120,4421.0980,4382.6020,4400.9950,23648506880,319524384768.0000,0.005108,-0.400900
2018-06-12,4403.3850,4448.6120,4371.9340,4446.3480,25222021120,349340225536.0000,0.005446,1.030500
2018-06-13,4434.4900,4436.3110,4386.5000,4389.9070,25254067712,325637160960.0000,0.005434,-1.269400
2018-06-14,4374.7180,4415.4520,4360.2950,4372.9300,23897263872,307770884096.0000,0.005140,-0.386700
2018-06-15,4369.6080,4384.7440,4302.2310,4320.6580,29778284544,349563826176.0000,0.006402,-1.195400
2018-06-19,4256.3720,4263.2550,4061.0280,4104.9130,43782055680,467419492352.0000,0.009412,-4.993300
2018-06-20,4080.8000,4152.6710,4057.1540,4135.4200,30743173120,342598160384.0000,0.006599,0.743200
2018-06-21,4131.6020,4171.1070,4062.3650,4064.7640,31970867968,350671446016.0000,0.006860,-1.708600
2018-06-22,4037.0670,4104.8250,4011.0640,4103.6130,27031950336,285312688128.0000,0.005798,0.955700
2018-06-25,4127.2460,4135.4430,4064.6250,4066.5640,26380681984,298700464128.0000,0.005655,-0.902800
2018-06-26,4019.2970,4075.1600,4000.6980,4067.0330,28300365568,320961273856.0000,0.006066,0.011500
2018-06-27,4063.8930,4079.0200,3993.2640,4010.3770,27785625600,318787567616.0000,0.005948,-1.393100
2018-06-28,3992.4970,4028.6950,3963.3870,3968.4440,26474898688,301918588928.0000,0.005667,-1.045600
2018-06-29,3976.3720,4081.1750,3970.6500,4080.8410,29981969920,339429580800.0000,0.006417,2.832300
2018-07-02,4075.5680,4085.0300,3965.1400,3994.2590,31275322368,354493444096.0000,0.006671,-2.121700
2018-07-03,3995.2310,4020.8750,3913.7940,4019.9760,33087640320,391100268544.0000,0.007038,0.643900
2018-07-04,4004.6690,4017.5840,3948.2310,3958.5810,29042732288,327961247744.0000,0.006174,-1.527200
2018-07-05,3954.4940,3981.4700,3889.8230,3894.2220,28865862144,313877192704.0000,0.006136,-1.625800
2018-07-06,3896.9250,3957.6540,3833.7790,3916.5460,31805103360,354949791744.0000,0.006747,0.573300
2018-07-09,3927.5730,4014.4160,3927.5730,4014.1410,27999212800,324509544448.0000,0.005939,2.491900
2018-07-10,4020.2290,4036.5770,4000.2030,4034.6350,27582648832,322891235328.0000,0.005849,0.510500
2018-07-11,3966.0840,3983.9620,3913.7880,3957.6110,30092382720,339590578176.0000,0.006378,-1.909100
2018-07-12,3955.8490,4069.3570,3955.8490,4056.2740,35446652160,414430560256.0000,0.007512,2.493000
2018-07-13,4062.5970,4080.1040,4052.3320,4074.0730,30084288512,364863504384.0000,0.006374,0.438800
2018-07-16,4071.4750,4087.2270,4046.7080,4063.6850,27153448448,324286668800.0000,0.005751,-0.255000
2018-07-17,4059.8650,4059.8650,4014.2720,4055.3020,26082100736,307263078400.0000,0.005522,-0.206300
2018-07-18,4060.4600,4081.8300,4032.2190,4032.6680,29254820608,336109084672.0000,0.006189,-0.558100
2018-07-19,4037.5810,4059.0830,3997.5000,4009.9570,27254323456,309648732160.0000,0.005765,-0.563200
2018-07-20,4005.4750,4082.4630,3978.7690,4071.3260,31286023424,347186810880.0000,0.006617,1.530400
2018-07-23,4048.3910,4104.5030,4038.9840,4104.4640,37007133184,409875783680.0000,0.007826,0.813900
2018-07-24,4106.7610,4178.4810,4106.7610,4170.4210,47028896256,491438891008.0000,0.009944,1.607000
2018-07-25,4175.1460,4184.1650,4159.1080,4170.9580,37714363392,396068732928.0000,0.007965,0.012900
2018-07-26,4173.3180,4183.4830,4129.0470,4138.1750,39182735104,378539556864.0000,0.008274,-0.786000
2018-07-27,4135.4250,4146.2240,4109.2270,4119.2920,33109625600,309341794304.0000,0.006991,-0.456300
2018-07-30,4115.5950,4134.8080,4064.1160,4087.4230,32597135104,325377384448.0000,0.006882,-0.773600
2018-07-31,4081.9530,4100.8560,4066.9950,4089.6740,26334362368,269779451904.0000,0.005558,0.055100
2018-08-01,4100.4920,4119.0100,4017.3950,4017.6040,31873906944,325731868672.0000,0.006727,-1.762200
2018-08-02,4002.9790,4002.9790,3856.8830,3927.5860,38010428416,376490074112.0000,0.008021,-2.240600
2018-08-03,3920.5620,3935.9050,3870.5400,3870.5400,27475267072,283515187200.0000,0.005797,-1.452400
2018-08-06,3862.1430,3890.5850,3785.9190,3805.8700,28492320000,289826394112.0000,0.006011,-1.670800
2018-08-07,3815.1030,3911.0990,3788.7750,3911.0880,31818590208,315556040704.0000,0.006712,2.764600
2018-08-08,3902.7170,3910.6040,3847.4700,3850.1180,31463610880,303959982080.0000,0.006637,-1.558900
2018-08-09,3835.9780,3957.2190,3830.4210,3942.6460,34708174336,344840757248.0000,0.007320,2.403300
2018-08-10,3941.1880,3970.8860,3928.4410,3958.9580,27760733696,286309339136.0000,0.005854,0.413700
2018-08-13,3917.2290,3963.3480,3892.1870,3959.0160,28473617408,299348533248.0000,0.006003,0.001500
2018-08-14,3952.6520,3961.7740,3927.3350,3943.3680,25716521472,267103416320.0000,0.005419,-0.395300
2018-08-15,3941.7410,3942.2140,3854.1630,3857.5080,27420481024,276562550784.0000,0.005777,-2.177300
2018-08-16,3811.5650,3872.6150,3783.1640,3827.7840,27245121536,269231915008.0000,0.005740,-0.770600
2018-08-17,3857.2470,3868.2190,3759.9440,3766.4190,26052513280,263958892544.0000,0.005483,-1.603100
2018-08-20,3766.9860,3796.5190,3724.2760,3796.5190,25557443328,261635510272.0000,0.005379,0.799200
2018-08-21,3797.8170,3856.8420,3792.2730,3852.5300,25727049984,277883035648.0000,0.005412,1.475300
2018-08-22,3849.3410,3849.3410,3814.3150,3820.6470,22059987456,226091851776.0000,0.004641,-0.827600
2018-08-23,3819.9710,3856.8670,3803.6810,3840.2050,23239665664,249405161472.0000,0.004889,0.511900
2018-08-24,3830.6240,3866.9910,3815.1350,3839.5130,22877932288,234723479552.0000,0.004811,-0.018000
2018-08-27,3849.2530,3926.4600,3849.2530,3926.4600,30597079296,321566371840.0000,0.006433,2.264500
2018-08-28,3928.2850,3938.4070,3911.1080,3925.5860,27405364480,288428646400.0000,0.005761,-0.022300
2018-08-29,3919.6690,3923.2890,3895.3340,3905.5640,24833338112,244396236800.0000,0.005219,-0.510000
2018-08-30,3903.1390,3917.5180,3852.7920,3854.8870,25572607232,250949824512.0000,0.005374,-1.297600
2018-08-31,3839.0720,3855.7240,3808.2400,3824.6190,24301311488,246816935936.0000,0.005106,-0.785200
2018-09-03,3813.5050,3820.8390,3771.6320,3818.6370,24323899392,240462520320.0000,0.005111,-0.156400
2018-09-04,3818.1630,3869.9190,3807.6670,3863.6740,26521652736,265475559424.0000,0.005569,1.179400
2018-09-05,3850.9520,3858.5510,3797.3100,3797.3100,26601826560,256182476800.0000,0.005586,-1.717600
2018-09-06,3786.2300,3818.2970,3758.6700,3771.2050,23788354816,246278156288.0000,0.004995,-0.687500
2018-09-07,3778.8470,3828.3500,3757.0090,3783.0400,26333045760,269250195456.0000,0.005529,0.313800
2018-09-10,3778.2230,3782.2530,3719.0050,3720.7210,25451590912,244660523008.0000,0.005344,-1.647300
2018-09-11,3718.9620,3741.3780,3698.6480,3718.7390,23216264704,219828596736.0000,0.004872,-0.053300
2018-09-12,3713.9400,3731.3290,3694.9950,3704.5900,21306477056,214514925568.0000,0.004470,-0.380500
2018-09-13,3738.9270,3753.2980,3686.5430,3737.7450,25784083968,258015588352.0000,0.005410,0.895000
2018-09-14,3741.9280,3748.2910,3716.3270,3721.5490,25615486464,248397279232.0000,0.005374,-0.433300
2018-09-17,3703.2820,3703.2820,3664.5510,3672.1730,22641435392,204917891072.0000,0.004750,-1.326800
2018-09-18,3660.4430,3741.1340,3660.2890,3741.1340,27250628096,251906363392.0000,0.005716,1.877900
2018-09-19,3733.1100,3811.9490,3727.8600,3786.3410,33724952320,317428781056.0000,0.007073,1.208400
2018-09-20,3785.7840,3804.7070,3773.9390,3780.9620,28496096000,248398000128.0000,0.005975,-0.142100
2018-09-21,3790.2570,3864.1710,3774.8530,3863.6270,34986031872,316877684736.0000,0.007329,2.186300
2018-09-25,3833.1660,3856.1910,3825.2890,3841.3340,25490252544,236259196928.0000,0.005340,-0.577000
2018-09-26,3847.4240,3898.9960,3840.8510,3872.1890,31595875072,305312645120.0000,0.006617,0.803200
2018-09-27,3870.1340,3875.3600,3835.1210,3836.8980,30676628480,278703214592.0000,0.006424,-0.911400
2018-09-28,3842.1320,3874.4420,3835.7690,3874.3450,28354055936,258582863872.0000,0.005937,0.976000
2018-10-08,3800.3840,3805.1880,3722.3690,3727.3330,30758501888,284799688704.0000,0.006439,-3.794500
2018-10-09,3729.9920,3754.5560,3712.4990,3727.4110,24582364672,228632211456.0000,0.005145,0.002100
2018-10-10,3732.5750,3752.9210,3694.5330,3724.6560,24846727680,233779040256.0000,0.005200,-0.073900
2018-10-11,3609.3350,3631.2810,3478.4150,3504.1540,42593391104,355182592000.0000,0.008913,-5.920100
2018-10-12,3488.2540,3536.3770,3416.7920,3520.8570,37352294912,305146322944.0000,0.007885,0.476700
2018-10-15,3525.3450,3544.0590,3465.0560,3470.2960,27158341376,235851022336.0000,0.005733,-1.436000
2018-10-16,3470.0640,3502.5800,3404.1610,3419.3360,27240168960,233792909312.0000,0.005748,-1.468500
2018-10-17,3460.2320,3473.7690,3373.7430,3442.1310,29704603904,257355464704.0000,0.006268,0.666700
2018-10-18,3419.0530,3419.0530,3347.3050,3349.3660,28266270976,233977143296.0000,0.005964,-2.695000
2018-10-19,3309.3230,3441.0820,3300.3500,3438.8330,32549861120,282417393664.0000,0.006868,2.671200
2018-10-22,3468.1160,3626.2650,3468.1160,3597.3020,46019233792,417907675136.0000,0.009709,4.608200
2018-10-23,3598.9830,3607.7760,3499.8860,3520.5360,39117039616,352068005888.0000,0.008251,-2.134000
2018-10-24,3504.9310,3573.8100,3494.9660,3523.0410,33606993152,292335882240.0000,0.007089,0.071200
2018-10-25,3427.9080,3522.2330,3415.6940,3518.0880,34562269696,288262983680.0000,0.007286,-0.140600
2018-10-26,3533.8220,3555.1660,3490.7770,3509.0660,33607628032,278508781568.0000,0.007084,-0.256400
2018-10-29,3494.1800,3494.1800,3412.4240,3427.6660,28265442560,252599312384.0000,0.005956,-2.319700
2018-10-30,3413.8320,3494.4650,3387.5190,3463.8420,34872721152,308548882432.0000,0.007339,1.055400
2018-10-31,3469.6960,3532.4190,3464.3170,3514.7280,36657165824,312097759232.0000,0.007714,1.469100
2018-11-01,3542.8370,3585.5120,3533.8460,3537.2110,42950223104,380657246208.0000,0.009037,0.639700
2018-11-02,3608.3600,3653.4880,3586.0630,3653.4880,48298368256,445651243008.0000,0.010157,3.287300
2018-11-05,3639.3280,3664.7970,3603.6970,3646.7700,44174342656,387784687616.0000,0.009288,-0.183900
2018-11-06,3637.0380,3637.0380,3595.9330,3634.5950,36481216256,310081740800.0000,0.007668,-0.333900
2018-11-07,3634.9450,3666.1980,3613.1220,3615.8470,39074184960,335415762944.0000,0.008211,-0.515800
2018-11-08,3642.6370,3647.0700,3598.7140,3602.5860,35606821120,292124057600.0000,0.007481,-0.366700
2018-11-09,3584.0160,3596.5610,3568.9750,3570.1350,33459987968,271141912576.0000,0.007030,-0.900800
2018-11-12,3564.0310,3639.7430,3560.8000,3639.7430,41519459584,336443031552.0000,0.008722,1.949700
2018-11-13,3597.7950,3711.5910,3592.1180,3692.0130,59326883072,452421603328.0000,0.012459,1.436100
2018-11-14,3687.2550,3710.6900,3663.9200,3670.7760,53338999040,405498789888.0000,0.011201,-0.575200
2018-11-15,3668.5750,3723.1850,3666.9810,3723.1850,47534779648,399093227520.0000,0.009981,1.427700
2018-11-16,3725.5250,3772.9420,3709.5270,3749.1810,54665797888,471281364992.0000,0.011477,0.698200
2018-11-19,3749.3100,3777.0610,3734.0160,3777.0610,51648842752,436801003520.0000,0.010862,0.743600
2018-11-20,3745.4530,3756.2740,3679.3730,3682.1830,49191770368,418767663104.0000,0.010336,-2.512000
2018-11-21,3643.2910,3701.6730,3640.1520,3698.4600,41527242752,344361308160.0000,0.008724,0.442000
2018-11-22,3706.2300,3712.8960,3675.3710,3691.4880,36516665856,302245421056.0000,0.007671,-0.188500
2018-11-23,3684.8240,3687.6180,3568.7500,3575.4810,43760163584,350189527040.0000,0.009192,-3.142600
2018-11-26,3575.2680,3600.2900,3557.7890,3570.6810,30169662208,249290088448.0000,0.006336,-0.134200
2018-11-27,3587.5110,3602.6730,3561.0460,3579.3160,29499187968,246113484800.0000,0.006195,0.241800
2018-11-28,3579.3600,3624.5430,3549.6250,3624.5430,35433240576,287535644672.0000,0.007441,1.263600
2018-11-29,3643.2150,3650.3410,3559.1790,3559.1790,36639956224,306848690176.0000,0.007693,-1.803400
2018-11-30,3553.2470,3594.4890,3532.1860,3591.1910,31937886976,265115332608.0000,0.006705,0.899400
2018-12-03,3682.7830,3712.6770,3657.7960,3698.1820,46614711808,422626160640.0000,0.009785,2.979300
2018-12-04,3692.3750,3715.4830,3683.8620,3715.4830,38553787904,328163860480.0000,0.008089,0.467800
2018-12-05,3656.9770,3713.3250,3649.9280,3693.7920,37102854912,318996733952.0000,0.007784,-0.583800
2018-12-06,3666.0530,3673.1570,3617.2910,3619.7000,34268130304,308141854720.0000,0.007187,-2.005900
2018-12-07,3626.0440,3634.8850,3609.9580,3619.6020,26954582528,237746126848.0000,0.005653,-0.002700
2018-12-10,3591.7250,3605.7680,3567.4010,3578.1990,27159048192,236729589760.0000,0.005696,-1.143900
2018-12-11,3585.2520,3601.4010,3579.8540,3601.4010,25264070144,214548492288.0000,0.005291,0.648400
2018-12-12,3619.0260,3622.9080,3597.6020,3607.9820,25811915008,219814961152.0000,0.005406,0.182700
2018-12-13,3616.0550,3671.5760,3601.2950,3653.3610,34068599552,301287010304.0000,0.007134,1.257700
2018-12-14,3643.2830,3645.2770,3576.9530,3577.7640,33845795072,289661140992.0000,0.007087,-2.069200
2018-12-17,3566.4880,3576.5990,3536.1420,3572.5420,27097585152,236176617472.0000,0.005671,-0.146000
2018-12-18,3551.5100,3578.1560,3520.7200,3543.3240,26582342912,227807252480.0000,0.005553,-0.817800
2018-12-19,3547.8850,3550.8200,3494.6350,3499.1970,24792365568,215506866176.0000,0.005179,-1.245400
2018-12-20,3491.2950,3507.3150,3464.3630,3493.0180,26738305280,229367746560.0000,0.005585,-0.176600
2018-12-21,3480.7240,3482.4400,3434.7270,3458.9560,26923013120,234122436608.0000,0.005623,-0.975100
2018-12-24,3448.8140,3480.7980,3439.9260,3479.7870,23466684928,211010609152.0000,0.004901,0.602200
2018-12-25,3445.5390,3461.7780,3380.6990,3449.8500,32939356416,273537929216.0000,0.006876,-0.860300
2018-12-26,3445.4820,3463.5940,3429.3650,3436.2750,26371124480,229371027456.0000,0.550437,-0.393500
2018-12-27,3481.0580,3487.2490,3405.4460,3405.4460,30592133120,262237323264.0000,0.638432,-0.897200
2018-12-28,3409.8440,3437.2980,3393.0980,3419.5490,26912381184,237592678400.0000,0.561589,0.414100
2019-01-02,3426.2420,3429.3760,3378.0070,3387.2620,25115819776,223470510080.0000,0.523982,-0.944200
2019-01-03,3382.0860,3421.2630,3368.8180,3375.5170,29221107456,249040113664.0000,0.607765,-0.346700
2019-01-04,3345.8770,3459.0650,3340.3040,3458.9690,39311374080,318766772224.0000,0.817480,2.472300
2019-01-07,3479.3380,3508.3780,3466.1730,3503.6990,41931207424,343986737152.0000,0.871544,1.293200
2019-01-08,3497.9550,3503.3540,3485.3070,3496.9630,37924009984,296036691968.0000,0.788254,-0.192300
2019-01-09,3509.4280,3564.5920,3507.0430,3520.3400,45139404288,376047816704.0000,0.938192,0.668500
2019-01-10,3519.4550,3539.3440,3508.0170,3513.6150,37967466752,309208301568.0000,0.789024,-0.191000
2019-01-11,3519.2410,3541.4630,3508.9500,3540.3970,35867650816,291691393024.0000,0.745360,0.762200
2019-01-14,3539.8580,3544.6410,3509.5640,3515.1780,35111141632,278569541632.0000,0.729602,-0.712300
2019-01-15,3514.1270,3571.3010,3506.6810,3570.3500,37571779584,316600799232.0000,0.780411,1.569500
2019-01-16,3569.0970,3581.8110,3559.4680,3567.0320,35827251456,302091395072.0000,0.744044,-0.092900
2019-01-17,3567.8920,3575.8240,3538.7800,3541.6870,36604900608,291232997376.0000,0.760157,-0.710500
2019-01-18,3550.1160,3589.2120,3546.6330,3587.1440,40193943552,321841410048.0000,0.834595,1.283500
2019-01-21,3590.9150,3621.6140,3590.8660,3607.2360,36033204736,308260622336.0000,0.747987,0.560100
2019-01-22,3604.0580,3604.0580,3552.9720,3562.5910,33433894912,275296419840.0000,0.693761,-1.237700
2019-01-23,3554.4030,3573.0020,3550.3380,3564.6360,29355901184,240755376128.0000,0.609005,0.057400
2019-01-24,3569.1840,3594.2780,3549.4060,3583.7720,34566650368,294295625728.0000,0.717016,0.536800
2019-01-25,3587.5670,3615.1350,3582.5210,3587.9000,36171893760,308017324032.0000,0.750268,0.115200
2019-01-28,3607.1790,3628.5570,3569.4520,3576.6860,33767801856,293372809216.0000,0.700006,-0.312500
2019-01-29,3568.4130,3568.4130,3502.3670,3554.4530,35357321984,287630655488.0000,0.732956,-0.621600
2019-01-30,3537.9480,3561.0730,3516.9420,3516.9420,27345939968,231059300352.0000,0.566829,-1.055300
2019-01-31,3520.6630,3552.4750,3492.6620,3512.8450,35176918528,282082648064.0000,0.728923,-0.116500
2019-02-01,3531.9250,3585.1680,3529.8400,3585.1340,30210202880,256245043200.0000,0.625768,2.057800
2019-02-11,3585.7080,3666.2240,3585.7080,3666.2240,35682109184,314434113536.0000,0.738875,2.261800
2019-02-12,3666.1710,3708.0240,3662.2380,3701.7830,43302888960,359801966592.0000,0.895531,0.969900
2019-02-13,3707.5770,3779.6680,3700.7980,3771.5400,55086188544,469870821376.0000,1.139318,1.884400
2019-02-14,3768.7160,3798.5140,3757.9210,3782.8480,49719992064,412759928832.0000,1.028119,0.299800
2019-02-15,3773.9290,3784.2140,3738.3000,3742.1230,49200878592,413838651392.0000,1.016737,-1.076600
2019-02-18,3768.7120,3867.1990,3768.7120,3867.1990,64466113024,542206464000.0000,1.331854,3.342400
2019-02-19,3880.6590,3903.5560,3835.1320,3870.5070,71225774080,600276484096.0000,1.470488,0.085500
2019-02-20,3875.9350,3887.6840,3841.3720,3880.4500,59965725184,493852610560.0000,1.237980,0.256900
2019-02-21,3877.8600,3939.7110,3858.5400,3871.0180,71696314368,612958154752.0000,1.479862,-0.243100
2019-02-22,3865.4280,3960.5390,3853.7820,3960.5390,70774099968,618521411584.0000,1.460827,2.312600
2019-02-25,4019.4050,4184.0510,4016.1920,4184.0510,115382280192,1034096054272.0000,2.381530,5.643500
2019-02-26,4193.8410,4238.5440,4145.8050,4156.7600,123637075968,1089784700928.0000,2.552169,-0.652300
2019-02-27,4151.1320,4211.0760,4101.1150,4147.5370,100680568832,883479937024.0000,2.078052,-0.221900
2019-02-28,4143.6040,4178.0060,4125.5600,4146.3510,75848261632,656602017792.0000,1.565478,-0.028600
2019-03-01,4170.3020,4209.7020,4131.2370,4209.7020,73279434752,658683015168.0000,1.512412,1.527900
2019-03-04,4248.3460,4363.4750,4236.4460,4276.8570,111603572736,1040131317760.0000,2.302471,1.595200
2019-03-05,4266.6040,4348.5030,4251.8820,4348.4780,97500307456,891355127808.0000,2.011305,1.674600
2019-03-06,4365.2850,4417.8190,4328.1610,4413.8840,122745372672,1097823272960.0000,2.532044,1.504100
2019-03-07,4410.1800,4468.0810,4366.9650,4427.3420,125108084736,1158148063232.0000,2.580626,0.304900
2019-03-08,4326.1680,4416.4310,4247.2490,4247.5760,126341242880,1176134221824.0000,2.605604,-4.060400
2019-03-11,4266.6160,4375.8970,4250.7120,4375.3340,96528068608,934800162816.0000,1.990581,3.007800
2019-03-12,4409.9170,4481.0050,4378.6210,4436.8050,115217563648,1126298943488.0000,2.375799,1.404900
2019-03-13,4441.7350,4441.7350,4342.6370,4366.1810,105119449088,1042874576896.0000,2.167188,-1.591800
2019-03-14,4337.8620,4377.7660,4250.1890,4288.4900,83963445248,805784096768.0000,1.730995,-1.779400
2019-03-15,4310.2470,4385.5310,4306.2290,4346.0700,75012100096,745322897408.0000,1.546258,1.342700
2019-03-18,4360.1020,4460.4500,4326.4550,4460.4500,82519015424,827846512640.0000,1.700395,2.631800
2019-03-19,4463.9540,4482.6160,4432.6750,4459.2240,76750643200,769161375744.0000,1.581395,-0.027500
2019-03-20,4451.4610,4472.3910,4390.1730,4458.0170,79311904768,772819415040.0000,1.633965,-0.027100
2019-03-21,4463.0970,4518.8130,4450.3710,4485.8490,91441565696,879672893440.0000,1.883723,0.624300
2019-03-22,4485.4440,4498.9910,4421.3370,4493.9480,81499680768,793614041088.0000,1.678788,0.180500
2019-03-25,4421.3280,4484.4440,4410.0570,4418.3030,82293350400,812011466752.0000,1.695010,-1.683300
2019-03-26,4440.4990,4450.9610,4320.6880,4332.2330,77993537536,759264854016.0000,1.605641,-1.948000
2019-03-27,4358.5820,4372.3970,4303.0270,4372.3970,65139295232,658185740288.0000,1.340915,0.927100
2019-03-28,4355.8660,4394.8670,4329.7130,4332.9130,64067296768,657486118912.0000,1.318811,-0.903000
2019-03-29,4338.4750,4482.3710,4334.4950,4481.1350,79731101696,829025660928.0000,1.640368,3.420800
2019-04-01,4515.2250,4629.7230,4515.2250,4624.1720,98870398976,1035694485504.0000,2.032747,3.192000
2019-04-02,4646.0650,4664.9580,4617.0810,4634.8510,98380853248,1028745670656.0000,2.021806,0.230900
2019-04-03,4608.9120,4691.2730,4595.8100,4688.2600,90188222464,922208714752.0000,1.853441,1.152300
2019-04-04,4709.6650,4737.6540,4676.4930,4723.6150,96123527168,992677089280.0000,1.975239,0.754100
2019-04-08,4762.8660,4781.2450,4654.4340,4711.2650,102810902528,1055971508224.0000,2.112634,-0.261500
2019-04-09,4709.1970,4738.0640,4681.8550,4726.8150,78699966464,828779003904.0000,1.617066,0.330100
2019-04-10,4705.2820,4768.5140,4675.9150,4730.1450,83972567040,890904829952.0000,1.725313,0.070500
2019-04-11,4728.6150,4742.0050,4629.7730,4634.4840,78211280896,809115938816.0000,1.606678,-2.022400
2019-04-12,4625.3810,4649.1810,4593.4210,4627.2990,64366313984,648617926656.0000,1.321764,-0.155000
2019-04-15,4696.0680,4723.6040,4597.1040,4598.3310,73526693888,767961546752.0000,1.509706,-0.626000
2019-04-16,4575.3520,4708.6500,4552.0160,4708.6500,75307413504,783550709760.0000,1.544619,2.399100
2019-04-17,4706.0830,4752.4850,4692.9920,4728.9520,79345393664,822585712640.0000,1.627225,0.431200
2019-04-18,4726.2800,4740.2520,4695.2210,4706.9520,72762339328,743743471616.0000,1.491218,-0.465200
2019-04-19,4705.9460,4752.4910,4669.5180,4752.4750,70538522624,711875272704.0000,1.445209,0.967100
2019-04-22,4761.3660,4762.7260,4657.9560,4671.0060,77367848960,796973821952.0000,1.585023,-1.714200
2019-04-23,4663.3490,4686.2210,4614.7860,4627.8650,71551385600,726770864128.0000,1.465197,-0.923600
2019-04-24,4638.0060,4658.2750,4575.1720,4658.2750,63100985088,645333278720.0000,1.290091,0.657100
2019-04-25,4639.0780,4647.5210,4515.0240,4515.6290,74067464192,725793722368.0000,1.514105,-3.062200
2019-04-26,4490.6920,4525.4410,4457.1300,4458.4260,60786703360,615847620608.0000,1.242060,-1.266800
2019-04-29,4461.7390,4472.7450,4373.9140,4388.9600,63742832128,639115325440.0000,1.302374,-1.558100
2019-04-30,4372.1160,4438.7230,4372.1160,4418.2510,47627358720,491545206784.0000,0.972963,0.667400
2019-05-06,4263.6150,4272.8050,4087.3440,4121.8880,67136493568,651671060480.0000,1.371115,-6.707700
2019-05-07,4142.6010,4192.5530,4105.6710,4170.7310,53663953920,531126751232.0000,1.095521,1.185000
2019-05-08,4086.9660,4195.8410,4074.4350,4132.0150,50296071168,480619712512.0000,1.026609,-0.928300
2019-05-09,4096.8150,4131.7230,4066.7630,4073.9080,43127382528,428113702912.0000,0.879981,-1.406300
2019-05-10,4120.4180,4226.1830,4051.9320,4225.3890,60974209280,602118094848.0000,1.243808,3.718300
2019-05-13,4171.9440,4206.1310,4155.3020,4173.5480,46596575232,460461936640.0000,0.949229,-1.226900
2019-05-14,4126.0470,4188.1020,4125.2770,4145.5640,45463206656,450338447360.0000,0.926141,-0.670500
2019-05-15,4180.2180,4250.3220,4180.2180,4240.0620,50490765568,508074553344.0000,1.028383,2.279500
2019-05-16,4235.8420,4267.9020,4224.9250,4263.0210,53841042688,515336876032.0000,1.096288,0.541500
2019-05-17,4265.1180,4266.4500,4120.4200,4135.4680,59089208832,561301557248.0000,1.202892,-2.992100
2019-05-20,4127.0640,4133.9450,4054.9320,4110.0780,47148542720,455118331904.0000,0.959442,-0.613900
2019-05-21,4108.7340,4193.0660,4098.5470,4176.2290,48373035264,472023953408.0000,0.983702,1.609500
2019-05-22,4173.9850,4192.1140,4132.5890,4156.5770,46848756992,461981503488.0000,0.952454,-0.470600
2019-05-23,4141.2060,4142.1650,4066.9590,4075.6350,46093700096,457034080256.0000,0.936787,-1.947300
2019-05-24,4066.2610,4106.0320,4054.1350,4065.0560,38271448832,374421151744.0000,0.777609,-0.259600
2019-05-27,4068.0590,4156.8010,4044.7180,4147.9440,45062863360,445770612736.0000,0.915375,2.039000
2019-05-28,4148.7850,4198.3030,4138.8910,4172.0600,48146176512,491638288384.0000,0.977596,0.581400
2019-05-29,4150.1600,4205.7710,4144.0750,4174.5880,43023256576,439210762240.0000,0.873246,0.060600
2019-05-30,4160.4610,4160.4610,4110.3960,4150.9780,45720710400,448828366848.0000,0.927997,-0.565600
2019-05-31,4152.3940,4186.2910,4137.2480,4144.3540,42639990528,432393637888.0000,0.864652,-0.159600
2019-06-03,4155.5660,4180.7810,4101.8440,4119.6010,47384059648,473675321344.0000,0.960498,-0.597300
2019-06-04,4116.9790,4118.9930,4050.0570,4069.5940,41366567424,416569151488.0000,0.838215,-1.213900
2019-06-05,4104.5780,4114.3590,4063.5340,4068.9070,39355450880,403338428416.0000,0.797439,-0.016900
2019-06-06,4069.5280,4069.5280,3992.2950,4003.1880,39542150656,383143067648.0000,0.800788,-1.615200
2019-06-10,4016.5660,4066.2380,4000.3930,4052.1020,36110908672,363893424128.0000,0.730410,1.221900
2019-06-11,4060.3710,4193.2210,4060.3330,4190.8690,55962235136,561197154304.0000,1.131096,3.424600
2019-06-12,4179.3720,4195.6290,4156.0210,4164.4230,51750158080,508718354432.0000,1.045366,-0.631000
2019-06-13,4161.5540,4183.7480,4133.9560,4172.9060,46386770176,445151899648.0000,0.936675,0.203700
2019-06-14,4177.8060,4193.2810,4110.8180,4114.7850,46782351104,442880192512.0000,0.943700,-1.392800
2019-06-17,4113.6120,4142.6870,4102.5370,4115.4150,34624939776,332477878272.0000,0.698346,0.015300
2019-06-18,4120.2790,4137.0090,4093.9770,4122.4360,32966175744,318245687296.0000,0.664446,0.170600
2019-06-19,4223.6740,4239.0040,4180.9770,4182.4620,48663616768,499679690752.0000,0.980469,1.456100
2019-06-20,4182.2970,4299.5630,4175.9570,4284.0260,58972912640,598354599936.0000,1.187842,2.428300
2019-06-21,4300.5140,4335.0010,4297.3110,4320.2160,61771679232,615186067456.0000,1.243568,0.844800
2019-06-24,4325.3240,4335.6320,4305.2600,4324.3820,47926514176,488998617088.0000,0.964628,0.096400
2019-06-25,4319.9890,4319.9890,4229.5620,4280.6940,50739857408,507638824960.0000,1.021087,-1.010300
2019-06-26,4256.9910,4296.4010,4245.9970,4275.5470,38035826176,386536943616.0000,0.765157,-0.120200
2019-06-27,4289.0600,4336.0550,4288.0280,4317.2710,43675293440,470493007872.0000,0.878311,0.975900
2019-06-28,4316.0840,4316.0840,4262.6930,4288.3290,40884689152,411264061440.0000,0.821917,-0.670400
2019-07-01,4368.9470,4413.6870,4352.1240,4413.6870,57358946816,609521504256.0000,1.151997,2.923200
2019-07-02,4410.0460,4419.7280,4396.7500,4412.4200,50162586112,532159442944.0000,1.006970,-0.028700
2019-07-03,4402.4360,4402.5080,4351.9670,4368.3740,43948898304,475779141632.0000,0.881253,-0.998200
2019-07-04,4372.2860,4385.3610,4328.7850,4348.4920,40641440512,429994844160.0000,0.814381,-0.455100
2019-07-05,4352.1620,4378.3700,4334.2550,4370.3540,33489988352,367623049216.0000,0.670932,0.502700
2019-07-08,4355.2780,4355.3440,4225.4750,4248.3550,45230278400,461601869824.0000,0.905544,-2.791500
2019-07-09,4245.9650,4260.8800,4219.4390,4250.6340,31959471872,347282976768.0000,0.639609,0.053600
2019-07-10,4263.3910,4266.1380,4219.5130,4233.5860,31398904064,328623284224.0000,0.628281,-0.401100
2019-07-11,4256.0680,4285.3410,4218.5990,4234.8710,32451475456,345818476544.0000,0.648705,0.030400
2019-07-12,4239.0150,4269.5430,4221.8980,4258.6920,31427352064,327204159488.0000,0.627916,0.562500
2019-07-15,4244.0690,4309.5740,4192.4810,4290.1330,39839501568,418262167552.0000,0.795808,0.738300
2019-07-16,4284.7410,4296.5950,4273.1580,4283.8940,33414650880,349631614976.0000,0.667446,-0.145400
2019-07-17,4278.7150,4300.7130,4266.7110,4283.7180,37546297856,377860632576.0000,0.749974,-0.004100
2019-07-18,4269.0470,4269.0470,4227.9290,4227.9290,36348739328,359591825408.0000,0.725932,-1.302300
2019-07-19,4245.4600,4292.3220,4245.4600,4263.9240,34183209984,347668746240.0000,0.682507,0.851400
2019-07-22,4268.9300,4270.9880,4186.7960,4197.2930,37250567424,362590437376.0000,0.743542,-1.562700
2019-07-23,4200.0370,4225.7790,4196.5100,4225.7790,28277474560,297318125568.0000,0.564310,0.678700
2019-07-24,4239.2010,4287.4090,4239.2010,4267.0010,35290857728,374637682688.0000,0.704263,0.975500
2019-07-25,4268.3640,4293.0890,4259.8160,4292.8650,34184983040,367606931456.0000,0.682060,0.606100
2019-07-26,4279.4410,4305.1890,4273.5360,4300.3740,30891777536,327994826752.0000,0.616343,0.174900
2019-07-29,4300.3140,4308.9150,4282.2130,4297.7470,29882103552,319459545088.0000,0.596194,-0.061100
2019-07-30,4302.9000,4340.6770,4302.9000,4316.4540,34171965696,357094313984.0000,0.681545,0.435300
2019-07-31,4305.5320,4305.5320,4278.9410,4284.3800,31285803520,330712952832.0000,0.623982,-0.743100
2019-08-01,4264.7600,4282.8780,4240.2450,4255.7800,31653348608,341667147776.0000,0.631135,-0.667500
2019-08-02,4173.6590,4199.5090,4160.4320,4193.5820,39241514496,407713021952.0000,0.782354,-1.461500
2019-08-05,4174.1920,4200.0520,4128.3650,4128.3650,35481152768,378111938560.0000,0.706410,-1.555200
2019-08-06,4054.5300,4072.7340,3980.2840,4057.9160,48307749120,476199149568.0000,0.961505,-1.706500
2019-08-07,4079.3520,4086.0650,4042.1860,4042.1860,33050684928,343674077184.0000,0.657723,-0.387600
2019-08-08,4066.7090,4091.8960,4064.8140,4085.1390,31191092736,333122445312.0000,0.620716,1.062600
2019-08-09,4104.3740,4107.5050,4035.9630,4042.3410,32778605312,352895664128.0000,0.652180,-1.047600
2019-08-12,4053.6350,4114.8640,4045.7200,4114.8640,30215506176,337870102528.0000,0.600787,1.794100
2019-08-13,4087.1680,4099.2630,4072.7840,4084.9700,28900226560,317153009664.0000,0.574529,-0.726500
2019-08-14,4133.7570,4143.1890,4103.0650,4106.4150,33905796608,378793238528.0000,0.674036,0.525000
2019-08-15,4027.9460,4123.8990,4018.7570,4123.8910,35303639296,372442857472.0000,0.701795,0.425600
2019-08-16,4125.3850,4172.2710,4119.8130,4143.6920,35627569920,408522383360.0000,0.708215,0.480100
2019-08-19,4175.3990,4252.5120,4168.0730,4252.5120,50440618240,559848255488.0000,1.002038,2.626200
2019-08-20,4252.1410,4273.7510,4243.0450,4252.8410,47172632576,506283397120.0000,0.936776,0.007700
2019-08-21,4244.3760,4263.3170,4239.8800,4251.5450,39419358464,433159192576.0000,0.782674,-0.030500
2019-08-22,4263.6410,4266.7070,4236.0280,4264.7640,39317926400,425158180864.0000,0.780580,0.310900
2019-08-23,4267.2150,4288.9140,4255.7410,4279.3390,40666073088,451295584256.0000,0.807309,0.341700
2019-08-26,4202.7040,4245.2680,4198.6250,4233.3420,41514809600,448040808448.0000,0.823951,-1.074900
2019-08-27,4258.3740,4327.1280,4258.3740,4299.1350,50848278784,545931358208.0000,1.009093,1.554200
2019-08-28,4298.1870,4303.6300,4273.6420,4287.5950,45741139712,481051246592.0000,0.907790,-0.268400
2019-08-29,4292.1380,4297.2510,4266.6500,4281.1910,43836634880,463841165312.0000,0.869886,-0.149400
2019-08-30,4306.0130,4316.1590,4240.0210,4261.3990,48160935168,535704547328.0000,0.955672,-0.462300
2019-09-02,4265.5200,4345.2700,4263.0140,4339.5550,48654929152,539539079168.0000,0.965384,1.834100
2019-09-03,4345.4080,4357.4650,4331.2950,4357.4650,48177042176,541787774976.0000,0.955590,0.412700
2019-09-04,4352.2940,4394.5990,4349.5790,4394.5990,54069342720,588908883968.0000,1.072432,0.852200
2019-09-05,4419.4530,4481.9630,4419.4000,4437.3190,71696089088,779830587392.0000,1.422005,0.972100
2019-09-06,4456.0790,4461.2960,4426.9620,4458.8380,53304591360,617311252480.0000,1.056875,0.485000
2019-09-09,4496.6610,4521.0200,4475.1190,4521.0200,61900915456,705266655232.0000,1.227314,1.394600
2019-09-10,4525.1450,4525.1450,4486.3370,4513.2750,60577702144,683696324608.0000,1.200785,-0.171300
2019-09-11,4525.7460,4527.2650,4475.7930,4481.7090,56278403072,632080957440.0000,1.115393,-0.699400
2019-09-12,4495.5260,4523.4930,4476.2940,4518.1690,47035791360,526079750144.0000,0.932194,0.813500
2019-09-16,4531.9380,4532.6490,4500.6650,4517.7200,52230387712,572791922688.0000,1.035090,-0.009900
2019-09-17,4507.1500,4507.1500,4414.9480,4429.3420,53447355136,576399691776.0000,1.058979,-1.956300
2019-09-18,4439.4720,4454.4000,4429.5950,4441.4720,40816467712,476929028096.0000,0.808403,0.273900
2019-09-19,4453.2960,4473.0450,4426.9660,4473.0450,41435622912,481341288448.0000,0.820178,0.710900
2019-09-20,4481.8020,4492.7660,4466.1670,4482.0890,44838189824,537380683776.0000,0.887146,0.202200
2019-09-23,4469.4420,4469.4420,4408.3260,4437.5550,42710940928,499262533632.0000,0.844813,-0.993600
2019-09-24,4441.3150,4483.6620,4431.7810,4451.0030,43367777024,535091486720.0000,0.857617,0.303000
2019-09-25,4433.7890,4433.7890,4393.8890,4393.8890,43696719872,512964497408.0000,0.863960,-1.283200
2019-09-26,4405.8760,4412.5590,4318.2540,4318.2630,46019362560,524781912064.0000,0.910314,-1.721200
2019-09-27,4319.1430,4351.7600,4314.3550,4341.4870,33754254848,388496355328.0000,0.667422,0.537800
2019-09-30,4336.2090,4350.8530,4294.6380,4294.6380,29035825920,337121357824.0000,0.574039,-1.079100
2019-10-08,4300.8190,4342.2830,4300.8190,4308.8910,30364429824,363282145280.0000,0.599728,0.331900
2019-10-09,4293.2850,4330.1530,4272.1550,4330.1530,30855640064,357714706432.0000,0.609275,0.493400
2019-10-10,4329.6600,4379.6050,4321.1460,4377.8410,34696397824,412203466752.0000,0.684804,1.101300
2019-10-11,4387.9040,4418.5490,4361.4380,4404.0280,39406837248,448658309120.0000,0.777639,0.598200
2019-10-14,4439.2760,4483.2500,4431.5930,4459.5040,48201218048,525097676800.0000,0.951043,1.259700
2019-10-15,4452.3370,4452.3370,4414.4650,4421.7760,41071534336,449963823104.0000,0.810136,-0.846000
2019-10-16,4424.7470,4444.5870,4400.5200,4403.5850,37142641408,414393954304.0000,0.732385,-0.411400
2019-10-17,4407.4020,4417.7570,4390.3950,4402.6400,31877846016,353215897600.0000,0.628482,-0.021500
2019-10-18,4409.9250,4420.7410,4336.0730,4343.0730,37663610112,405680963584.0000,0.742574,-1.353000
2019-10-21,4338.7170,4343.8770,4310.1100,4340.5670,33020260864,360129118208.0000,0.650594,-0.057700
2019-10-22,4350.7480,4374.4490,4340.6070,4373.9130,31494892544,348957331456.0000,0.620539,0.768200
2019-10-23,4372.7110,4378.3940,4334.7110,4344.7690,32910568960,355519930368.0000,0.648420,-0.666300
2019-10-24,4346.4010,4357.9660,4316.0100,4341.5640,32316185088,349442138112.0000,0.636701,-0.073800
2019-10-25,4340.6750,4376.1910,4315.2810,4371.8130,35057924352,395294818304.0000,0.690702,0.696700
2019-10-28,4388.4950,4429.6420,4386.5710,4429.6170,46051379712,507864772608.0000,0.907228,1.322200
2019-10-29,4431.9540,4431.9540,4390.4520,4390.4520,47205843712,522884014080.0000,0.929111,-0.884200
2019-10-30,4377.6990,4380.6410,4348.0050,4356.7810,41527455232,452818714624.0000,0.817158,-0.766900
2019-10-31,4366.0390,4372.4350,4329.1240,4334.3720,38776304128,434594844672.0000,0.763015,-0.514300
2019-11-01,4327.1980,4396.6260,4319.2440,4393.0440,37306387968,422640873472.0000,0.734060,1.353645
2019-11-04,4404.4430,4433.4020,4404.4430,4419.3230,39442574592,457879269376.0000,0.776029,0.598196
2019-11-05,4423.7050,4463.5120,4404.4310,4441.8790,40446183680,465614163968.0000,0.795775,0.510395
2019-11-06,4443.3250,4443.9130,4398.9840,4412.5880,38362613504,436089581568.0000,0.754947,-0.659428
2019-11-07,4410.7820,4440.3790,4404.1540,4429.9290,34105531904,382884556800.0000,0.670997,0.392989
2019-11-08,4455.1890,4461.7190,4410.8470,4412.7170,37103363328,434472914944.0000,0.729870,-0.388539
2019-11-11,4386.9700,4386.9700,4315.4620,4321.4630,37567134976,408747765760.0000,0.738735,-2.067978
2019-11-12,4323.3620,4332.4070,4284.6140,4326.0170,32445444096,354953048064.0000,0.637874,0.105381
2019-11-13,4325.1270,4330.4580,4303.1230,4319.6420,30347470848,347754299392.0000,0.596612,-0.147364
2019-11-14,4323.1080,4348.1300,4316.7540,4337.2180,32421860864,375705284608.0000,0.637393,0.406886
2019-11-15,4336.8340,4346.6190,4298.1110,4298.1110,33749769984,387611553792.0000,0.663371,-0.901661
2019-11-18,4294.3850,4334.2320,4288.5820,4329.7810,30582807296,347575128064.0000,0.601018,0.736835
2019-11-19,4328.2950,4388.4330,4325.9270,4388.4330,35154256896,406462210048.0000,0.689161,1.354618
2019-11-20,4383.2820,4389.1050,4347.0990,4352.7950,35763425792,412996571136.0000,0.700880,-0.812089
2019-11-21,4337.7190,4354.6700,4324.8520,4339.8430,31383002368,347481870336.0000,0.614880,-0.297556
2019-11-22,4345.5120,4378.7790,4275.2710,4295.1410,39588309760,459058114560.0000,0.775570,-1.030037
2019-11-25,4295.1720,4307.7770,4263.6760,4303.9680,39296551424,410578964480.0000,0.769854,0.205511
2019-11-26,4314.3460,4323.4020,4291.6960,4308.7460,36695184640,381613641728.0000,0.718772,0.111014
2019-11-27,4301.7120,4319.2470,4282.7560,4301.5550,32143040512,345415864320.0000,0.629303,-0.166893
2019-11-28,4300.8450,4314.7910,4277.5820,4287.5180,28961752576,308252770304.0000,0.566984,-0.326324
2019-11-29,4283.2850,4290.6460,4236.7310,4267.4110,29197425664,332054142976.0000,0.571418,-0.468966
2019-12-02,4273.1840,4293.8770,4265.9330,4275.3210,29939027968,331861610496.0000,0.585932,0.185358
2019-12-03,4264.3690,4295.5740,4247.2990,4295.5740,30137886464,335594967040.0000,0.589701,0.473719
2019-12-04,4280.5970,4302.0640,4276.5420,4296.2440,31221214208,344361193472.0000,0.610829,0.015597
2019-12-05,4307.5640,4341.3440,4305.6390,4336.0420,35923037696,413517795328.0000,0.702818,0.926344
2019-12-06,4339.6210,4363.9430,4330.2120,4363.9430,34838602752,399235489792.0000,0.681580,0.643467
2019-12-09,4372.0150,4377.8000,4355.2250,4365.9310,39993188096,446865321984.0000,0.782080,0.045555
2019-12-10,4356.3560,4380.0430,4349.7950,4379.9570,39732190208,436722118656.0000,0.776753,0.321260
2019-12-11,4383.0170,4385.3180,4360.3300,4374.1490,41775372288,447954747392.0000,0.816622,-0.132604
2019-12-12,4376.8450,4381.4180,4360.7840,4364.2230,39472278272,434634518528.0000,0.771255,-0.226924
2019-12-13,4398.8220,4439.1400,4395.0960,4436.3730,49102400000,552755716096.0000,0.959240,1.653215
2019-12-16,4443.9300,4483.3500,4435.2110,4483.3220,54946144768,610095173632.0000,1.073735,1.058274
2019-12-17,4484.6360,4562.9900,4481.2130,4542.1910,69762072576,734940901376.0000,1.362342,1.313067
2019-12-18,4540.5990,4563.4620,4528.1160,4537.8700,60682482688,648735420416.0000,1.184941,-0.095130
2019-12-19,4539.1470,4549.9080,4526.0860,4542.0230,53843453696,562619146240.0000,1.051885,0.091519
2019-12-20,4546.2660,4555.5330,4512.4970,4513.7610,54123781888,556213260288.0000,1.057353,-0.622234
2019-12-23,4503.9860,4519.3010,4436.8120,4439.3900,49432379904,519998537728.0000,0.965206,-1.647650
2019-12-24,4446.2330,4488.7520,4441.4450,4488.4900,40916887296,428829716480.0000,0.798802,1.106008
2019-12-25,4484.2740,4507.1800,4476.3550,4496.9130,43548283648,482823970816.0000,0.849499,0.187658
2019-12-26,4497.8890,4533.8450,4497.0590,4533.8450,45258180096,486209560576.0000,0.882832,0.821275
2019-12-27,4537.5690,4571.0640,4512.5420,4515.0430,57996627456,614554419200.0000,1.131137,-0.414703
2019-12-30,4502.6440,4567.8460,4472.2560,4567.1860,55234496512,596290650112.0000,1.076458,1.154873
2019-12-31,4563.6170,4589.1000,4557.3300,4587.8670,48480059392,521691074560.0000,0.944197,0.452817
2020-01-02,4617.6080,4670.7350,4613.3670,4660.6870,66825561856,737328472064.0000,1.301428,1.587230
2020-01-03,4669.5860,4679.3350,4644.3980,4665.2960,61740166144,680525553664.0000,1.202390,0.098891
2020-01-06,4642.3800,4711.6530,4634.1650,4674.3650,73142771712,786084216832.0000,1.421176,0.194393
2020-01-07,4682.1020,4722.5040,4681.9550,4722.5040,67201795840,714330980352.0000,0.000000,1.029851
2020-01-08,4702.0270,4715.9890,4651.1940,4662.8320,73750589440,759091605504.0000,1.432629,-1.263567
2020-01-09,4698.9510,4728.4270,4698.9510,4728.4270,61938852864,687951728640.0000,1.202689,1.406763
2020-01-10,4742.0020,4745.4180,4703.9730,4722.5420,54748125184,624488996864.0000,1.062282,-0.124460
2020-01-13,4723.0360,4775.1640,4701.4690,4775.1640,53933248256,652038721536.0000,1.046894,1.114273
2020-01-14,4787.6710,4792.2910,4760.1950,4762.0520,59216418304,682752991232.0000,1.148460,-0.274587
2020-01-15,4756.5220,4764.5180,4719.1900,4743.6680,51733255936,595357655040.0000,1.003489,-0.386052
2020-01-16,4750.5570,4753.0990,4721.4320,4729.4310,49001216000,583296851968.0000,0.949838,-0.300126
2020-01-17,4742.2800,4756.6200,4714.7000,4725.9640,47002127104,572424712192.0000,0.911308,-0.073307
2020-01-20,4738.1640,4774.2860,4717.7590,4774.2860,51724553984,644556914688.0000,1.002475,1.022479
2020-01-21,4759.4570,4759.4570,4707.1580,4708.2130,54794958848,658857078784.0000,1.060562,-1.383935
2020-01-22,4685.7280,4744.3760,4628.8360,4730.9340,55395599616,676343578624.0000,1.070892,0.482582
2020-01-23,4686.2430,4707.0420,4536.2240,4575.2530,65125005312,776653361152.0000,1.259763,-3.290703
2020-02-03,4164.4710,4240.2810,4164.4710,4201.4780,40147167232,494454407168.0000,0.774844,-8.169494
2020-02-04,4087.4730,4280.9760,4087.4730,4273.5430,84916879360,876699242496.0000,1.638640,1.715230
2020-02-05,4296.0890,4397.9850,4286.2260,4354.4630,73420685312,831247253504.0000,1.416489,1.893511
2020-02-06,4364.4960,4475.3740,4333.9730,4458.9880,77208035328,876957573120.0000,1.489525,2.400411
2020-02-07,4451.5430,4479.8470,4410.3030,4479.8470,77926854656,893235638272.0000,1.501031,0.467797
2020-02-10,4463.2970,4518.7650,4450.4430,4517.4840,74535268352,850451865600.0000,1.437425,0.840140
2020-02-11,4523.6300,4551.0550,4499.8550,4525.9630,66851851264,754431885312.0000,1.288786,0.187693
2020-02-12,4513.9360,4586.3590,4510.8100,4586.3590,65275790336,757858897920.0000,1.258372,1.334434
2020-02-13,4586.8140,4602.5460,4539.3920,4552.3020,70803714048,830304276480.0000,1.364883,-0.742572
2020-02-14,4544.9640,4601.3060,4539.2570,4573.1420,65127123968,778914754560.0000,1.253655,0.457790
2020-02-17,4594.0960,4700.6580,4594.0960,4700.6580,77574893568,899742605312.0000,1.493122,2.788367
2020-02-18,4700.6950,4728.2510,4669.6580,4728.1790,81991032832,960616939520.0000,1.576415,0.585471
2020-02-19,4720.7990,4756.5730,4702.3210,4705.2520,83369984000,1000289902592.0000,1.602865,-0.484901
2020-02-20,4717.8220,4808.2070,4700.3840,4805.4470,87937409024,1038032592896.0000,1.692483,2.129429
2020-02-21,4798.9760,4876.2750,4794.9010,4841.0480,94486937600,1132739297280.0000,1.818351,0.740847
2020-02-24,4830.5520,4886.9650,4802.4060,4870.5000,97131962368,1189045665792.0000,1.866821,0.608381
2020-02-25,4779.4890,4880.7240,4705.7830,4874.4020,114914172928,1379373547520.0000,2.207726,0.080115
2020-02-26,4810.8410,4873.7500,4767.9460,4783.1020,113408548864,1277843144704.0000,2.178721,-1.873050
2020-02-27,4800.5150,4838.6160,4753.9500,4794.0410,88344567808,1017436270592.0000,1.697906,0.228701
2020-02-28,4655.0330,4711.8760,4575.3870,4579.0120,98880184320,1096113840128.0000,1.897739,-4.485339
2020-03-02,4622.8190,4767.9650,4621.2220,4744.3730,88158265344,1000664137728.0000,1.691816,3.611281
2020-03-03,4817.9190,4865.3880,4751.2330,4786.9610,99278802944,1143759437824.0000,1.904406,0.897653
2020-03-04,4762.8100,4812.5680,4733.9160,4812.3400,84905738240,965797195776.0000,1.628612,0.530169
2020-03-05,4865.1120,4913.0240,4830.9340,4905.0880,101754081280,1146073251840.0000,1.951680,1.927295
2020-03-06,4847.4300,4883.6530,4842.1940,4854.7210,88026128384,935483768832.0000,1.688350,-1.026832
2020-03-09,4772.5824,4786.4172,4680.6052,4681.1639,97736939405,1061701318586.9100,1.874414,-3.575021
2020-03-10,4636.7643,4788.2850,4602.9259,4787.5633,95296767974,1054989360756.8600,1.827246,2.272926
2020-03-11,4798.0942,4808.2359,4724.6622,4724.6622,86287131136,949402547232.3300,1.654184,-1.313844
2020-03-12,4659.2741,4679.8687,4598.9340,4634.6400,75642226465,819555268839.4400,1.449919,-1.905368
2020-03-13,4411.9322,4624.2002,4411.0531,4581.1787,87413898359,943102329930.4400,1.675277,-1.150493
2020-03-16,4602.2138,4602.2138,4369.8426,4380.2861,85250732923,941294894280.0600,1.633731,-4.385173
2020-03-17,4403.2033,4451.4986,4240.3033,4367.5946,73763520727,797649734693.0300,1.413490,-0.289741
2020-03-18,4398.8468,4456.8445,4288.3178,4288.3178,72719768401,816568009221.3400,1.392704,-1.815114
2020-03-19,4277.8125,4310.2797,4164.8874,4275.6984,71536835692,800524468003.8700,1.370116,-0.294274
2020-03-20,4322.3568,4345.5975,4264.5870,4338.9134,61738073738,698215398564.8500,1.182137,1.478472
2020-03-23,4215.6170,4264.7420,4164.6911,4174.9957,62155371835,668141870587.4500,1.189797,-3.777851
2020-03-24,4253.9849,4277.4397,4163.5892,4271.4007,63902654473,694496473925.7300,1.223169,2.309104
2020-03-25,4365.0382,4389.1281,4336.2462,4380.7020,67521407174,733842405048.7700,1.292258,2.558910
2020-03-26,4347.1082,4392.0940,4331.5613,4347.5408,59254986215,626888527735.4600,1.133879,-0.756984
2020-03-27,4399.2886,4406.8911,4339.8485,4341.1384,57067548738,618410205866.4500,1.091506,-0.147265
2020-03-30,4280.9074,4300.6814,4230.2908,4273.2689,58195460616,617252438584.7400,1.113122,-1.563403
2020-03-31,4310.8889,4321.1669,4273.2906,4283.8476,52123561840,549565460709.1700,0.995842,0.247555
2020-04-01,4276.4266,4334.5016,4260.2163,4266.9961,53676690994,572546683414.3100,1.024476,-0.393373
2020-04-02,4245.6484,4352.0450,4243.1322,4352.0450,53389977114,583595125626.6300,1.018884,1.993180
2020-04-03,4341.1039,4360.1196,4308.7534,4326.1566,50966818592,560197450887.2000,0.972413,-0.594856
2020-04-07,4402.8159,4450.1039,4397.3968,4445.3502,65828648237,718956585892.7100,1.255915,2.755185
2020-04-08,4423.3344,4455.0404,4417.2617,4439.9760,62722764132,661319141353.4000,1.196619,-0.120895
2020-04-09,4461.5186,4479.4454,4451.6366,4468.9037,60175699612,639425605841.2400,1.147995,0.651528
2020-04-10,4468.0509,4479.4437,4390.1489,4401.1719,61329437187,655805115062.9600,1.169628,-1.515625
2020-04-13,4374.9026,4394.3032,4351.6093,4371.9247,46364117514,488538039730.7900,0.884074,-0.664532
2020-04-14,4396.7719,4459.8147,4387.6124,4459.7955,52148466918,579057075860.5600,0.994266,2.009888
2020-04-15,4457.6671,4470.4821,4428.1944,4432.1659,57178358914,627817612220.5000,1.089965,-0.619526
2020-04-16,4409.2420,4456.7516,4404.1037,4449.9607,53848854961,581782975984.9600,1.026493,0.401492
2020-04-17,4480.4790,4505.2796,4465.7262,4472.8482,63253975974,723057405334.6000,1.205883,0.514330
2020-04-20,4480.2604,4510.1339,4468.8741,4509.9566,53615956168,600296617095.0200,1.021760,0.829637
2020-04-21,4492.2792,4492.2792,4430.1418,4470.6004,57679011520,633836089958.2400,1.099189,-0.872651
2020-04-22,4441.8269,4509.0968,4433.8742,4509.0968,54505231055,589882091324.8900,1.038362,0.861101
2020-04-23,4522.4139,4524.3971,4488.6562,4491.4178,61310314582,649246759718.2000,1.168072,-0.392074
2020-04-24,4487.1647,4487.3923,4419.8246,4432.5034,59091927236,605866912759.0300,1.125614,-1.311711
2020-04-27,4439.4595,4470.6423,4414.1035,4438.9316,51382068546,537997282742.2800,0.978754,0.145024
2020-04-28,4445.1840,4447.8269,4320.4497,4427.5757,61944687496,649726414352.2200,1.179242,-0.255825
2020-04-29,4410.0348,4461.0054,4406.8122,4435.0725,47641569108,515493314737.6700,0.906836,0.169321
2020-04-30,4455.2478,4522.0725,4455.2478,4510.6667,57020308152,656445120992.9900,1.085068,1.704464
2020-05-06,4467.5190,4566.5462,4465.4373,4565.9119,57874653571,691388997465.7700,1.101268,1.224768
2020-05-07,4569.5380,4580.0384,4546.1509,4557.0145,54670069112,637637765946.5800,1.039887,-0.194866
2020-05-08,4581.5507,4625.3489,4576.1757,4608.1533,55110367870,658732075505.4400,1.048093,1.122200
2020-05-11,4623.9766,4642.5170,4579.1763,4601.8649,54795821560,659581954543.0900,1.042166,-0.136462
2020-05-12,4601.8326,4608.8192,4558.2886,4607.4429,48383927093,576557509454.0000,0.919671,0.121212
2020-05-13,4592.4580,4631.2817,4581.6110,4625.8381,45986329580,558269573039.7200,0.874080,0.399250
2020-05-14,4606.3903,4611.6557,4578.9716,4580.3469,49670868057,583931793232.0400,0.944547,-0.983415
2020-05-15,4600.1022,4608.5687,4569.6115,4583.1020,48252908302,600499660822.4400,0.917239,0.060150
2020-05-18,4589.9752,4611.6586,4562.0958,4578.7881,56151833614,698354561395.8000,1.066978,-0.094126
2020-05-19,4617.4761,4627.6405,4602.3048,4627.5017,48497040537,611275644961.6000,0.921202,1.063897
2020-05-20,4626.3109,4626.3109,4579.8171,4593.3597,53135992512,652847853450.2800,1.008963,-0.737806
2020-05-21,4608.8100,4611.1816,4548.5833,4556.5205,50164228440,597562628006.5600,0.952214,-0.802010
2020-05-22,4550.3034,4550.3034,4447.5017,4463.0159,48599549887,568112756224.4500,0.922100,-2.052105
2020-05-25,4463.4598,4474.5819,4439.3016,4463.8425,39248489049,467161841442.2000,0.744486,0.018521
2020-05-26,4484.8551,4539.3900,4481.4905,4538.1027,42146652137,500999895434.4300,0.799262,1.663594
2020-05-27,4541.1443,4541.1443,4498.4754,4507.7675,46746241288,544203167438.3500,0.885982,-0.668456
2020-05-28,4509.6779,4537.7483,4457.5590,4510.3462,47859926312,548249813029.0800,0.906608,0.057206
2020-05-29,4495.6956,4545.6178,4486.4621,4538.0047,47552813261,541343305576.3800,0.900791,0.613223
2020-06-01,4573.7544,4670.6722,4573.7544,4666.1652,62379572768,726886035820.6700,1.181058,2.824160
2020-06-02,4675.5842,4689.2403,4657.2152,4677.5440,65032561408,739320567718.2500,1.230852,0.243858
2020-06-03,4693.8136,4711.2136,4677.1339,4678.8483,65008185622,744681241413.3200,1.229943,0.027884
2020-06-04,4693.2799,4695.7073,4662.3391,4683.0157,55807234138,616448297625.0500,1.055513,0.089069
2020-06-05,4689.7068,4697.6998,4662.1073,4697.6998,53163393344,599459705815.3600,1.004901,0.313561
2020-06-08,4722.0877,4739.3624,4699.5991,4705.3538,56228488989,652900288489.6200,1.062656,0.162931
2020-06-09,4710.5485,4737.8641,4697.4727,4734.8927,51553474961,593477453053.0700,0.973311,0.627772
2020-06-10,4735.2991,4736.0184,4710.1197,4734.4631,50089956271,582951316689.6300,0.945657,-0.009073
2020-06-11,4733.3983,4762.9430,4683.9455,4704.1012,56646322286,690843781547.8500,1.069026,-0.641296
2020-06-12,4620.4297,4726.5713,4614.2324,4710.3324,56861634888,671840139094.6200,1.072658,0.132463
2020-06-15,4700.1118,4737.3202,4679.3991,4679.3991,60986981810,730688531119.0600,1.150209,-0.656712
2020-06-16,4721.6397,4758.5398,4715.8560,4758.4499,55722090754,674573475473.6000,1.050514,1.689337
2020-06-17,4764.8577,4772.0619,4736.9353,4771.7120,59671223576,708485765913.5300,1.124717,0.278706
2020-06-18,4766.8836,4790.5569,4753.1257,4784.3860,61684922011,728358233174.4600,1.161908,0.265607
2020-06-19,4787.2175,4847.4196,4784.0829,4836.9578,60048655608,749832952306.7200,1.130971,1.098820
2020-06-22,4841.5358,4867.6537,4832.1261,4846.4335,61733339729,789552618972.6300,1.162503,0.195902
2020-06-23,4844.1348,4866.8488,4822.9529,4864.8518,54809503831,724235995906.3400,1.031791,0.380038
2020-06-24,4874.8065,4886.8901,4859.5203,4875.0662,51136771942,693524027804.2900,0.962200,0.209963
2020-06-29,4863.0270,4872.8507,4829.6961,4848.2791,52363001422,686341726908.0600,0.984857,-0.549472
2020-06-30,4873.6353,4932.6725,4873.6353,4923.9332,52029464932,712853924478.6800,0.977986,1.560432
2020-07-01,4937.5490,4983.2170,4923.9565,4983.1448,64565591236,869603399202.2700,1.213120,1.202526
2020-07-02,4979.2375,5071.0069,4972.4385,5067.8311,84177407522,1042365255770.9800,1.581361,1.699455
2020-07-03,5083.9721,5147.9985,5079.6694,5147.9985,94335745601,1133898647098.0800,1.772414,1.581888
2020-07-06,5192.7445,5402.1886,5192.7445,5397.8106,129328641581,1511397486744.9100,2.428271,4.852606
2020-07-07,5467.6376,5548.4304,5411.9683,5453.8304,136777749869,1674889759097.9800,2.567620,1.037824
2020-07-08,5452.7550,5579.1167,5423.6921,5560.1006,121648827347,1489673435170.9500,2.282812,1.948542
2020-07-09,5561.3456,5685.8492,5551.5005,5674.4068,133522767928,1659844131986.1900,2.505380,2.055830
2020-07-10,5643.2153,5689.7444,5594.6276,5615.3370,121080775141,1552884112793.6900,2.271971,-1.040986
2020-07-13,5623.6735,5775.5631,5623.6735,5770.8688,122628961836,1610827674045.6700,2.299428,2.769768
2020-07-14,5763.0908,5782.1781,5616.9197,5717.6322,123297473656,1632999164328.7200,2.311653,-0.922506
2020-07-15,5735.2916,5751.0454,5586.3329,5614.4905,111926463582,1494630742552.4300,2.097702,-1.803923
2020-07-16,5613.4584,5648.9810,5334.9881,5340.6482,106387772861,1400110530600.8700,1.993575,-4.877420
2020-07-17,5349.1084,5441.1879,5299.8423,5367.6398,80037121389,1053878468809.4800,1.499487,0.505399
2020-07-20,5429.2548,5531.9518,5365.8348,5531.9518,87914258410,1128979116674.4100,1.646845,3.061159
2020-07-21,5550.9096,5574.9627,5509.4086,5555.3076,80136195128,1046216555680.6400,1.500091,0.422198
2020-07-22,5546.2483,5660.7409,5532.7624,5590.3701,85948332355,1125745190414.7300,1.608481,0.631153
2020-07-23,5542.4614,5603.9938,5451.6469,5589.0891,89637788417,1180348706953.9800,1.677463,-0.022914
2020-07-24,5557.0714,5575.1207,5310.2067,5333.4989,95252682531,1267034810642.0700,1.779177,-4.573021
2020-07-27,5359.6765,5382.6241,5293.9422,5349.0252,66991984384,883063074160.0700,1.251193,0.291109
2020-07-28,5392.2107,5424.9391,5362.9119,5403.1792,65031103932,857231483126.6900,1.214053,1.012409
2020-07-29,5391.6908,5541.1050,5377.4923,5541.1050,72857349360,991272242379.3000,1.359904,2.552679
2020-07-30,5555.2923,5572.5277,5510.6154,5522.2907,77987145913,1036380872492.9600,1.455645,-0.339541
2020-07-31,5514.7298,5614.3219,5485.6158,5581.7417,80469286348,1079359689985.5600,1.501743,1.076564
2020-08-03,5628.8966,5705.1092,5615.3900,5705.0767,94151739102,1259565256133.0800,1.756727,2.209615
2020-08-04,5717.9988,5734.7764,5662.0137,5688.8989,97616095962,1309008179556.5200,1.819949,-0.283568
2020-08-05,5683.0609,5733.3475,5633.5329,5722.1216,85379392143,1135609956375.6200,1.591777,0.583992
2020-08-06,5724.9173,5736.7866,5625.5360,5713.1597,91281141842,1232063141283.2800,1.701556,-0.156618
2020-08-07,5691.5125,5696.9454,5557.0568,5645.8774,87504211328,1202621574314.7300,1.631556,-1.177672
2020-08-10,5622.1486,5706.0487,5596.9984,5667.8861,80390547659,1105879076367.6700,1.497570,0.389819
2020-08-11,5671.1449,5718.5006,5582.7783,5589.7414,83734987469,1085625016309.2700,1.559676,-1.378727
2020-08-12,5572.1832,5585.7690,5428.0970,5537.2407,79653266904,1031729554436.2000,1.483584,-0.939233
2020-08-13,5557.5058,5571.7093,5521.6812,5540.7723,69873918909,835237836976.5100,1.301372,0.063779
2020-08-14,5534.0354,5612.2435,5513.1358,5609.6244,66967272712,812001735015.1900,1.247077,1.242644
2020-08-17,5630.2025,5743.4588,5620.1366,5729.6620,89509363316,1108229936320.4200,1.666977,2.139851
2020-08-18,5733.2496,5765.5027,5719.4171,5751.0898,82213932820,1036009941896.4300,1.529600,0.373980
2020-08-19,5742.2473,5742.2473,5651.2704,5654.8010,85236039354,1037691220142.4100,1.585494,-1.674271
2020-08-20,5615.2353,5643.2714,5565.1164,5585.0095,69586435133,832540516950.4000,1.293984,-1.234199
2020-08-21,5622.7149,5654.8700,5587.1049,5629.5734,64513099772,810056324773.2600,1.199497,0.797920
2020-08-24,5654.7441,5688.5240,5603.8426,5674.2552,64863668810,837472185796.4700,1.205515,0.793698
2020-08-25,5684.7630,5716.6395,5648.9500,5667.5582,70144712180,876423076625.8100,1.302852,-0.118024
2020-08-26,5666.2819,5683.0140,5554.9688,5574.6421,72486246444,906665769355.2900,1.346343,-1.639438
2020-08-27,5584.4041,5624.1287,5544.6537,5620.3361,62437156893,777672501863.5200,1.159609,0.819676
2020-08-28,5613.1908,5731.9077,5602.1178,5726.6431,68386787155,890737960545.3700,1.270004,1.891471
2020-08-31,5754.5362,5795.8979,5709.6675,5709.9747,74842764568,984714548590.2600,1.389218,-0.291068
2020-09-01,5699.6520,5742.0578,5677.5827,5742.0578,61941504523,804240316774.9600,1.149505,0.561878
2020-09-02,5757.8909,5773.6722,5692.9290,5751.3968,75174382346,922889122927.4100,1.394724,0.162642
2020-09-03,5747.0278,5772.5357,5687.1664,5707.5849,71010534156,893927371851.4400,1.317459,-0.761761
2020-09-04,5610.0002,5678.8978,5603.8964,5670.3780,63051415229,793874767571.8500,1.198448,-0.651885
2020-09-07,5664.7743,5702.2759,5539.5462,5558.8738,77365049362,975044666443.9500,1.469735,-1.966433
2020-09-08,5571.5690,5604.4094,5516.3056,5593.2707,77967143968,889689967301.6600,1.480657,0.618775
2020-09-09,5525.2079,5537.7385,5426.8742,5446.3862,95922629070,998778457945.6500,1.821645,-2.626093
2020-09-10,5492.5099,5500.8298,5353.3458,5365.9364,81424731685,839175425676.5200,1.546047,-1.477123
2020-09-11,5345.8592,5437.2260,5344.4163,5432.0470,58223196236,654331205909.3600,1.105470,1.232042
2020-09-14,5462.8135,5499.7389,5442.0154,5481.0001,61126412002,735269827317.9400,1.160523,0.901191
2020-09-15,5483.4532,5520.2369,5460.2060,5517.7684,56390738869,693184996117.0400,1.070478,0.670832
2020-09-16,5512.1503,5512.7512,5453.9055,5479.3479,52873235061,649576563325.4500,1.003613,-0.696305
2020-09-17,5465.6590,5507.5549,5421.4221,5468.8216,52833897234,697143383172.3100,1.002891,-0.192109
2020-09-18,5470.9569,5572.8064,5463.7021,5570.9364,61964782402,789988728242.7700,1.176151,1.867218
2020-09-21,5587.3983,5589.6322,5531.0858,5538.0053,56098791609,715697582536.0200,1.064748,-0.591123
2020-09-22,5492.3405,5548.7217,5451.1363,5467.7107,54203336937,662807834217.8300,1.027985,-1.269313
2020-09-23,5478.3048,5509.4324,5458.3751,5494.0657,46686904270,620845258076.0400,0.885316,0.482012
2020-09-24,5459.2153,5464.0932,5371.2231,5371.5201,52811655249,637726637199.9000,1.001029,-2.230508
2020-09-25,5394.7913,5405.0221,5344.7508,5365.4507,41880801780,537045680042.5700,0.793733,-0.112992
2020-09-28,5378.9345,5392.9754,5336.8953,5341.6585,38710027679,500605734583.6100,0.733590,-0.443433
2020-09-29,5370.2897,5400.2143,5348.9212,5373.0448,38454484599,511672348085.0500,0.728627,0.587576
2020-09-30,5389.4962,5416.0928,5337.9552,5366.2299,38697661986,509172198963.2900,0.732792,-0.126835
2020-10-09,5457.3237,5512.8988,5454.1234,5500.8324,48272622968,675360648627.8100,0.913996,2.508325
2020-10-12,5536.6386,5669.9700,5534.7862,5669.6565,66653514961,924584210417.2400,1.261755,3.069065
2020-10-13,5660.4954,5696.5054,5637.7960,5689.9458,56306818841,796782739004.4800,1.065738,0.357858
2020-10-14,5680.9469,5680.9469,5641.2666,5652.6507,55964451012,791381277697.8000,1.058969,-0.655456
2020-10-15,5655.1985,5667.8006,5623.5554,5624.1878,52151577508,715998965499.6300,0.986503,-0.503532
2020-10-16,5623.5613,5645.8193,5577.8595,5613.8338,49822451629,667560569547.7400,0.942387,-0.184098
2020-10-19,5648.7714,5666.9816,5560.3306,5571.0975,52296052798,701062797948.8000,0.988969,-0.761268
2020-10-20,5564.7051,5623.7146,5545.4999,5623.7113,45972756584,629231155085.7100,0.869242,0.944406
2020-10-21,5629.9951,5629.9951,5558.2932,5586.4123,47439735098,667799958261.2400,0.896892,-0.663245
2020-10-22,5568.8366,5581.1789,5508.7558,5564.9499,44941910718,630265233188.2900,0.849600,-0.384189
2020-10-23,5563.2451,5593.6554,5477.5525,5483.1726,45844086019,651233361091.1200,0.866392,-1.469506
2020-10-26,5453.5745,5494.1512,5398.7966,5471.9801,42458842544,604923600156.5100,0.802253,-0.204125
2020-10-27,5456.4909,5491.3487,5444.6573,5483.8163,41584017187,598303948550.5400,0.785361,0.216306
2020-10-28,5484.5462,5528.6443,5447.0401,5513.4229,47445897449,696450379721.0200,0.895860,0.539890
2020-10-29,5445.5194,5561.9995,5437.5243,5534.3415,49662711205,739388302801.0500,0.937563,0.379412
2020-10-30,5541.1260,5543.0297,5414.4561,5424.2815,57905596999,823319919166.4800,1.093177,-1.988674
2020-11-02,5432.0676,5465.5851,5415.0290,5451.8028,54071428608,768424302271.6800,1.019817,0.507372
2020-11-03,5475.7937,5540.8459,5463.8705,5532.5864,53159484262,742179620424.4500,1.000728,1.481778
2020-11-04,5537.3067,5564.0774,5505.9143,5551.8056,47983285571,691276962759.2600,0.903135,0.347382
2020-11-05,5602.9611,5642.3829,5581.8611,5642.3829,56870656242,814843562153.8000,1.069780,1.631493
2020-11-06,5656.0861,5656.0861,5576.1615,5616.8685,57753307042,836347927797.6600,1.086384,-0.452192
2020-11-09,5651.4414,5750.9629,5651.4414,5733.4905,71751493124,1022062834054.8200,1.349463,2.076281
2020-11-10,5744.4643,5744.4643,5663.0809,5690.7168,64791962297,930894306915.0500,1.218333,-0.746032
2020-11-11,5674.0532,5691.0135,5618.1047,5621.0625,59693188731,821644749720.2600,1.122335,-1.223999
2020-11-12,5635.2351,5650.8061,5608.5660,5630.8121,49436750731,671334181067.0700,0.929318,0.173448
2020-11-13,5613.0759,5613.1142,5557.3219,5597.6447,49953544474,690853646738.7300,0.938930,-0.589034
2020-11-16,5617.9210,5654.5390,5586.8846,5654.5390,59233495415,766948668112.9000,1.113389,1.016397
2020-11-17,5651.4694,5651.4694,5590.8126,5624.7475,61999932210,817351374200.9200,1.164660,-0.526860
2020-11-18,5618.0552,5651.7474,5599.7404,5624.0934,60980892150,784199368749.2100,1.145023,-0.011629
2020-11-19,5611.2055,5667.9105,5591.6767,5657.9781,57634327992,741364369148.1700,1.082012,0.602492
2020-11-20,5655.3453,5691.9193,5649.5920,5687.3910,56727800212,717996874773.3500,1.064946,0.519848
2020-11-23,5698.0380,5768.2848,5679.4837,5740.2032,74862900746,916497908238.4400,1.405467,0.928584
2020-11-24,5733.7713,5739.3116,5705.6717,5720.8310,62964196133,792255312134.3400,1.181111,-0.337483
2020-11-25,5736.5785,5741.3564,5635.2065,5635.2065,66467322725,826264768510.4100,1.246813,-1.496714
2020-11-26,5630.7551,5646.2439,5579.3323,5629.7571,54810344384,700588864552.6900,1.028126,-0.096703
2020-11-27,5637.1244,5668.9482,5603.9300,5668.9482,56522521337,691879207991.3200,1.059296,0.696142
2020-11-30,5679.5348,5730.8179,5648.5672,5648.5672,72840945309,914162140212.3700,1.365021,-0.359520
2020-12-01,5644.5258,5758.9222,5643.2010,5752.7853,65998935143,833198967574.2100,1.236335,1.845036
2020-12-02,5758.2722,5771.0401,5728.3982,5758.7538,67511521751,838525369836.9400,1.264375,0.103750
2020-12-03,5755.6298,5767.5908,5725.4628,5750.7297,64809977187,789949925847.4200,1.213647,-0.139337
2020-12-04,5740.4181,5774.6266,5717.2885,5767.5495,55232271140,715905203128.5100,1.034203,0.292481
2020-12-07,5770.6941,5774.6686,5728.8081,5733.1316,54715057900,730232834595.1600,1.024464,-0.596751
2020-12-08,5737.9748,5752.9832,5714.4556,5726.4313,49340011742,664877999770.1700,0.923715,-0.116870
2020-12-09,5735.6640,5743.1219,5637.1034,5637.1034,56825197159,750054710531.6800,1.063614,-1.559923
2020-12-10,5621.5244,5667.3861,5605.4576,5639.4319,51334356397,667712213290.4700,0.960821,0.041307
2020-12-11,5652.7433,5654.4817,5524.6916,5568.9523,61421664704,785969055723.5800,1.147996,-1.249764
2020-12-14,5575.9118,5623.9610,5554.4915,5621.9962,50525887976,673737239113.0800,0.944439,0.952493
2020-12-15,5616.7743,5642.7024,5594.0182,5633.7597,48150052377,672140732658.2300,0.899606,0.209241
2020-12-16,5641.1615,5644.7324,5608.8817,5622.3238,48947805224,656670693390.7500,0.912937,-0.202989
2020-12-17,5621.6352,5689.6364,5593.9846,5686.3693,57823865981,754265060332.1900,1.078418,1.139129
2020-12-18,5685.1206,5701.8614,5647.9418,5667.3636,56855626039,736177452945.6700,1.059592,-0.334233
2020-12-21,5667.8174,5741.8992,5649.4255,5741.2415,60271353044,823722224170.1400,1.123188,1.303567
2020-12-22,5723.7901,5742.5406,5630.3984,5635.0184,68078280717,914915666613.0200,1.268470,-1.850176
2020-12-23,5643.6353,5704.1918,5640.6548,5682.3264,63848053190,885451410435.9700,1.189337,0.839536
2020-12-24,5678.9135,5693.1311,5618.7684,5635.2111,60457975266,783753151906.0100,1.125458,-0.829155
2020-12-25,5616.6863,5690.1240,5609.6310,5687.7133,60308514428,752705993983.8800,1.122661,0.931681
2020-12-28,5689.7208,5715.1769,5661.8665,5686.3577,66355236457,840209210098.6700,1.235134,-0.023834
2020-12-29,5689.2144,5704.1121,5650.0141,5655.4184,65714291013,821346010408.7000,0.000000,-0.544097
2020-12-30,5651.7511,5728.9219,5650.8933,5728.3517,61670844400,802304124288.5200,1.144232,1.289618
2020-12-31,5738.0449,5831.7930,5738.0449,5829.4616,67713125716,910489955401.1200,1.256352,1.765078
2021-01-04,5840.5314,5937.4325,5820.9463,5923.1943,78945229365,1113212679234.3700,1.464743,1.607913
2021-01-05,5901.3159,5995.2422,5887.8910,5995.2422,83783065470,1214833738812.5000,1.554075,1.216369
2021-01-06,6008.3124,6035.0667,5939.6443,6007.0330,77346484679,1116817505673.0700,1.434682,0.196669
2021-01-07,6006.9325,6038.6496,5954.9681,6038.6496,84441138776,1161141417626.6400,1.566007,0.526326
2021-01-08,6045.1175,6060.7776,5973.6716,6023.6900,73770440392,1084459804177.8600,1.368012,-0.247731
2021-01-11,6029.3689,6059.8369,5911.1338,5941.1146,77575002060,1163182888772.5200,1.438766,-1.370844
2021-01-12,5917.3259,6071.0414,5916.3676,6071.0414,68654631348,1051502378731.1900,1.272820,2.186910
2021-01-13,6079.9253,6095.4267,5988.3645,6029.4409,79463770576,1190632289971.4700,1.473062,-0.685228
2021-01-14,6003.8159,6019.3358,5934.2858,5947.6887,71589237843,1071824019426.6700,1.327256,-1.355884
2021-01-15,5943.9905,5978.5139,5877.1213,5954.0214,66496304023,991484027058.9700,1.232723,0.106473
2021-01-18,5936.9233,6047.9466,5923.5988,6033.2999,64158535751,950364856500.6900,1.189165,1.331512
2021-01-19,6035.9724,6045.1353,5949.8695,5970.2253,69366960095,996860300040.2900,1.285029,-1.045441
2021-01-20,5972.9150,6029.0937,5958.0145,6020.5333,59070968260,874746444424.0300,1.093920,0.842648
2021-01-21,6032.5455,6133.5550,6032.5455,6104.9276,71172006401,1042287056254.9200,1.317437,1.401774
2021-01-22,6099.2441,6111.1167,6048.0562,6104.9744,69503511840,1062702117541.5900,1.280764,0.000767
2021-01-25,6096.7269,6167.0627,6069.4532,6123.0864,70555152199,1156040270219.6000,1.299910,0.296676
2021-01-26,6096.8583,6097.5656,5999.2432,6008.0471,60391207511,969333309656.2700,1.112585,-1.878780
2021-01-27,6000.8319,6032.4731,5942.9575,6023.6443,57492861862,880690243629.0100,1.058755,0.259605
2021-01-28,5945.1081,5976.2167,5864.5952,5876.6772,59929581961,875982529217.3800,1.103603,-2.439837
2021-01-29,5913.1758,5928.5828,5753.0035,5825.2767,63523264037,908337664938.3400,1.169774,-0.874652
2021-02-01,5821.6980,5883.3259,5810.8012,5881.3177,58763104549,812367854677.7800,1.082092,0.962032
2021-02-02,5890.9609,5959.6637,5863.4386,5957.4429,56972047776,859721896011.1400,1.048604,1.294356
2021-02-03,5956.0481,5980.2319,5915.3465,5920.3826,61465529760,908726223521.2400,1.130623,-0.622084
2021-02-04,5891.3624,5932.8927,5802.7952,5873.4919,62361528003,900555556410.3000,1.147048,-0.792021
2021-02-05,5891.2691,5925.2214,5837.3106,5841.0097,58395164965,852344676837.5000,1.071800,-0.553030
2021-02-08,5858.5795,5933.4627,5823.9462,5916.6302,51033660225,770956701508.1100,0.936993,1.294648
2021-02-09,5933.4935,6048.0103,5917.6602,6046.8730,52180388853,797285240830.0900,0.956921,2.201300
2021-02-10,6066.4600,6158.2316,6059.3872,6143.7141,51764623538,834517475380.8500,0.949229,1.601507
2021-02-18,6258.3644,6270.9316,6129.7794,6156.8636,68310773677,1039773431109.2600,1.253061,0.214032
2021-02-19,6129.8721,6208.7540,6075.4945,6203.6957,72119965255,1001841535464.4900,1.322433,0.760649
2021-02-22,6217.3195,6236.4976,6084.7541,6084.7541,94695388275,1245187729819.2100,1.735674,-1.917270
2021-02-23,6034.2578,6122.5759,6029.4382,6059.5746,76902944029,981864339403.3500,1.409396,-0.413813
2021-02-24,6066.7197,6082.6545,5880.9763,5941.0652,72025232836,1022816799020.0000,1.319965,-1.955738
2021-02-25,5996.2483,6003.5477,5929.5207,5944.0288,69171977894,893714059735.8600,1.267601,0.049883
2021-02-26,5819.2718,5899.7900,5807.7244,5827.1274,64609982521,864488264766.3900,1.183969,-1.966703
2021-03-01,5875.8436,5940.4254,5856.6676,5938.4186,62950691032,832893138410.7100,1.153071,1.909881
2021-03-02,5968.9793,5968.9793,5832.1763,5877.0254,66735447799,878880832277.7700,1.221806,-1.033831
2021-03-03,5858.2754,5975.9819,5854.3326,5975.3589,67458830997,823933278645.2900,1.234027,1.673185
2021-03-04,5919.6418,5925.8073,5795.0675,5819.6680,75119180799,928530149113.8300,1.374118,-2.605549
2021-03-05,5737.1934,5856.2276,5727.4699,5815.9799,70197171664,841119821610.6800,1.284046,-0.063373
2021-03-08,5855.3557,5884.3002,5649.1242,5649.8123,75261408317,937426202230.0800,1.377336,-2.857087
2021-03-09,5633.9947,5650.5410,5448.2064,5515.4374,79496945026,948472516277.2300,1.454028,-2.378396
2021-03-10,5587.7505,5592.7614,5507.0327,5520.6404,59646684631,720578135647.7800,1.091524,0.094335
2021-03-11,5536.4082,5656.2418,5523.7437,5656.1784,64024816646,768206523798.7900,1.171038,2.455114
2021-03-12,5677.7428,5677.7465,5611.6728,5673.4250,69734031026,784189005520.3100,1.275376,0.304916
2021-03-15,5645.1453,5660.3482,5533.9596,5582.3478,69374014220,776758075881.9000,1.269401,-1.605330
2021-03-16,5596.5358,5632.8232,5555.8987,5632.7014,64752081474,709134515376.5800,1.184183,0.902015
2021-03-17,5616.7388,5675.7449,5574.2030,5662.1799,60177518177,685942721433.0400,1.100444,0.523346
2021-03-18,5671.7154,5721.5069,5668.3270,5699.9759,60408515310,708319955440.9000,1.104668,0.667517
2021-03-19,5624.7765,5660.2384,5564.9493,5593.4818,63343182802,741790336064.7900,1.158299,-1.868325
2021-03-22,5596.7728,5663.5301,5589.6340,5663.2087,64987132392,732010099308.8600,1.188308,1.246574
2021-03-23,5663.5886,5663.5886,5563.7092,5601.1777,67607979207,759423978405.5900,1.236205,-1.095333
2021-03-24,5570.9636,5611.2002,5510.9711,5519.4554,64630047396,733281910143.1500,1.181657,-1.459020
2021-03-25,5494.3647,5546.7597,5470.4877,5517.8092,57753718889,641980099324.9700,1.055455,-0.029825
2021-03-26,5537.8162,5641.0602,5537.8162,5629.0574,58761103044,715039912819.4500,1.073735,2.016166
2021-03-29,5644.3615,5676.2833,5606.8611,5640.7660,60203097796,723229477059.8600,1.100074,0.208003
2021-03-30,5632.7815,5679.1394,5612.3583,5670.2133,60148364096,713484834842.0400,1.098972,0.522044
2021-03-31,5661.3654,5661.3654,5601.7158,5638.1221,56441964243,655287628760.7400,1.030851,-0.565961
2021-04-01,5646.8004,5698.8984,5638.2806,5693.5442,55129638108,623105780123.6900,1.006785,0.982989
2021-04-02,5709.4287,5745.3887,5692.8549,5733.7072,54872291257,674707912772.8900,1.001858,0.705413
2021-04-06,5750.6331,5754.5677,5719.6365,5737.2425,51549462341,628092042386.5700,0.941140,0.061658
2021-04-07,5740.7044,5740.9340,5673.3173,5719.6673,62172040797,705823225286.4300,1.135031,-0.306335
2021-04-08,5698.0725,5742.1960,5679.3643,5719.3818,67629930024,729819142230.9600,1.234711,-0.004992
2021-04-09,5708.6211,5710.6791,5649.0873,5665.9245,58163953509,659981735583.2900,1.061839,-0.934669
2021-04-12,5660.0954,5676.1456,5553.5082,5569.1269,63581120288,739051739956.8800,1.161144,-1.708417
2021-04-13,5565.1833,5607.2075,5538.5719,5554.1459,57568400311,641108539171.1700,1.051037,-0.269001
2021-04-14,5557.3196,5619.0414,5557.3196,5613.8216,53741164446,624509806071.7300,0.981209,1.074435
2021-04-15,5600.7441,5600.7441,5539.5748,5585.5882,53981384470,624554025110.1900,0.985580,-0.502927
2021-04-16,5598.3956,5635.3046,5568.5433,5624.4013,58084163758,655913606120.8600,1.060467,0.694879
2021-04-19,5622.8780,5743.7505,5604.2975,5742.4023,65682410293,815755717106.6300,1.199111,2.098019
2021-04-20,5723.1505,5777.1735,5715.8459,5735.6486,62819107296,796765480261.9700,1.146715,-0.117611
2021-04-21,5704.2379,5754.1783,5692.2153,5741.8621,56029216613,702474883390.6100,1.022535,0.108331
2021-04-22,5762.5583,5766.6076,5726.0230,5748.2489,54727456368,700865938375.9700,0.998537,0.111232
2021-04-23,5745.8005,5786.3860,5736.8462,5772.4865,56000336705,739623434515.2600,1.021621,0.421652
2021-04-26,5792.3126,5824.7792,5718.6620,5723.3829,61711242089,852001015323.8400,1.125224,-0.850649
2021-04-27,5719.9160,5727.0156,5673.7131,5725.3771,55215227679,716042321357.9100,1.006746,0.034843
2021-04-28,5710.1584,5759.1961,5694.4333,5759.1961,53399723463,738725136535.4300,0.973486,0.590686
2021-04-29,5763.0968,5793.3193,5745.2454,5784.2969,57020399271,774842836404.3000,1.039036,0.435839
2021-04-30,5774.3380,5786.5284,5721.1339,5755.7780,61507193516,816784673202.3300,1.120772,-0.493040
2021-05-06,5743.4199,5776.1996,5684.9243,5720.4438,62136543465,830451153817.0700,1.131742,-0.613891
2021-05-07,5732.3365,5745.6703,5653.4784,5653.5415,69238174502,838497846506.2700,1.261002,-1.169530
2021-05-10,5661.2004,5680.5295,5624.9398,5664.4482,70963638862,815726929405.2900,1.292092,0.192918
2021-05-11,5627.2745,5696.2642,5583.9203,5684.5569,69482921598,803217934221.9000,1.264767,0.354998
2021-05-12,5664.3371,5730.5667,5662.2415,5725.9429,62286255850,722000871835.8600,1.133635,0.728043
2021-05-13,5670.4419,5712.2321,5659.9340,5671.3876,65330329690,758072753399.5900,1.188613,-0.952774
2021-05-14,5687.7258,5778.2274,5660.5046,5777.4798,68713232282,858667402259.4300,1.250045,1.870657
2021-05-17,5778.3474,5857.6148,5778.3474,5830.5673,65828140791,884338597039.3700,1.197543,0.918870
2021-05-18,5832.3345,5843.3158,5805.6450,5843.2804,55798311998,713636867169.7800,1.014257,0.218042
2021-05-19,5828.1040,5850.2333,5807.7821,5834.4455,58022668224,752599976785.7600,1.054179,-0.151198
2021-05-20,5819.0712,5855.2500,5801.2759,5836.5986,65142907241,818432337444.3000,1.183301,0.036903
2021-05-21,5850.0003,5865.1198,5794.9422,5805.3618,58619913344,765770988067.2800,1.064819,-0.535188
2021-05-24,5807.9045,5835.2304,5776.0177,5835.2304,60764420603,803450043731.3600,1.103110,0.514500
2021-05-25,5843.0607,5970.1927,5838.6303,5965.7716,68162719873,960820742154.2700,1.237179,2.237122
2021-05-26,5972.9126,5995.3479,5964.8012,5975.9288,69543643773,922901592101.3400,1.262242,0.170258
2021-05-27,5969.9970,6034.5617,5952.8644,6009.5272,65675346360,887673211867.2000,1.191220,0.562229
2021-05-28,6014.6747,6039.7967,5969.7835,5999.0863,70583502133,957463860271.5800,1.279759,-0.173739
2021-05-31,6004.7090,6046.2132,5980.9503,6046.1861,66637503840,947418436664.6300,1.208108,0.785116
2021-06-01,6036.4387,6065.4105,5987.9229,6064.1078,71336032747,980865298438.3300,1.292208,0.296413
2021-06-02,6069.0629,6072.4013,5982.8114,6005.1128,71115861318,944170328152.4700,1.287943,-0.972855
2021-06-03,6002.3238,6043.0769,5979.6657,5979.6657,69232885425,897645260640.7800,1.253834,-0.423757
2021-06-04,5955.2407,6053.2697,5948.3818,6010.0481,65394637549,883242921741.6900,1.183005,0.508095
2021-06-07,6016.6796,6024.1572,5987.6796,6024.0291,62908055476,890009955737.2100,1.137717,0.232627
2021-06-08,6023.9720,6060.9425,5949.1214,5981.1151,64442713909,925018945012.9600,1.165018,-0.712380
2021-06-09,5974.6449,6005.4530,5960.8395,5990.2478,62601255736,826284159031.4800,1.130981,0.152692
2021-06-10,5988.7519,6059.5752,5982.3856,6041.7074,68734500890,943487493078.8800,1.241210,0.859056
2021-06-11,6050.2806,6050.5530,5996.3871,6002.0453,77157355952,1056825553249.4100,1.392846,-0.656472
2021-06-15,5998.9904,6004.8683,5917.3478,5941.6831,67984340014,924160007544.8900,1.226494,-1.005694
2021-06-16,5937.0852,5937.6871,5834.3714,5839.9455,62252593608,863603572870.0100,1.122858,-1.712269
2021-06-17,5835.8588,5894.7006,5835.8588,5885.8950,58717987971,821364540764.3600,1.058995,0.786814
2021-06-18,5888.9838,5930.8695,5870.5570,5914.7022,65285868997,943759525436.0500,1.176723,0.489428
2021-06-21,5900.5219,5957.1108,5879.0527,5935.0235,65036845285,948816852189.2900,1.171837,0.343573
2021-06-22,5951.8892,5974.9373,5931.5195,5973.2644,68086584168,943353756784.9100,1.226040,0.644326
2021-06-23,5977.3221,6023.2567,5962.0926,6010.1302,67902592204,999385136593.0400,1.221634,0.617180
2021-06-24,6018.4059,6018.7625,5974.8192,5996.7367,65061206477,915915262948.2700,1.169655,-0.222849
2021-06-25,6001.3724,6079.7683,5997.7775,6067.6681,70136495460,986720774419.5900,1.259232,1.182833
2021-06-28,6077.9075,6097.9878,6065.2894,6092.5413,65733812980,946331203974.9200,1.179907,0.409930
2021-06-29,6097.2209,6097.2209,6034.3415,6037.9166,64079730415,930136135806.3200,1.149614,-0.896583
2021-06-30,6041.5704,6092.9015,6036.8274,6089.6558,58075499934,864083920265.7700,1.041837,0.856905
2021-07-01,6105.7303,6107.9342,6039.9259,6056.2654,63905527952,944443298023.0000,1.145915,-0.548313
2021-07-02,6020.8818,6020.8818,5930.0328,5938.1898,61183893344,934569204448.7200,1.096976,-1.949644
2021-07-05,5939.2024,5976.2242,5925.9435,5972.8506,61731821181,934628695622.2200,1.106374,0.583693
2021-07-06,5982.1009,5995.4168,5901.4112,5969.0253,67283006967,1040645156710.6800,1.205798,-0.064045
2021-07-07,5934.5864,6051.3404,5922.3016,6044.8344,66132466113,976960301973.1100,1.181055,1.270042
2021-07-08,6058.1417,6063.5607,6000.9853,6008.6376,74446177165,1113113138072.9800,1.328784,-0.598805
2021-07-09,5984.3930,6032.1899,5928.1436,6018.5736,72444265185,1054183189871.0700,1.292871,0.165362
2021-07-12,6062.8404,6131.7680,6036.8718,6111.6879,84528710455,1242083868513.4500,1.508409,1.547116
2021-07-13,6111.4996,6141.2053,6100.6937,6140.7822,79568029622,1148255611965.4600,1.419732,0.476044
2021-07-14,6126.2596,6131.5595,6069.8289,6076.9870,81224116795,1152366951058.2700,1.448514,-1.038877
2021-07-15,6060.4973,6128.5814,6024.7169,6127.4599,78429895670,1107610589931.5100,1.398388,0.830558
2021-07-16,6120.4532,6140.0276,6079.2225,6082.1798,77048221740,1114320741383.8000,1.373534,-0.738970
2021-07-19,6072.8305,6092.9257,6031.3744,6082.8253,72859170913,1060901183471.2900,1.298577,0.010613
2021-07-20,6037.6498,6091.8797,6032.5575,6090.5136,64085919343,911601353981.9400,1.141946,0.126394
2021-07-21,6111.5426,6178.1192,6111.5426,6163.1953,75654214525,1143934860997.0000,1.348049,1.193359
2021-07-22,6172.1683,6187.6657,6152.0306,6186.9960,83297928825,1214609043091.2400,1.484079,0.386175
2021-07-23,6181.1107,6181.1107,6105.1847,6120.3042,93422343297,1296838140388.9600,1.664410,-1.077935
2021-07-26,6100.5233,6100.5233,5885.4549,5975.1247,91319824972,1329738977423.3000,1.626533,-2.372096
2021-07-27,5977.0796,6011.6951,5789.7793,5789.7793,95282189249,1419485980549.2900,1.696791,-3.101950
2021-07-28,5738.7576,5804.1538,5634.8282,5750.7664,83422967525,1183622419449.9900,1.485540,-0.673824
2021-07-29,5848.2149,5903.2473,5822.7836,5892.7237,74787367872,1160808955451.4800,1.331778,2.468494
2021-07-30,5878.2856,5896.8035,5823.9667,5883.4675,81949645640,1242659304700.6900,1.459272,-0.157078
2021-08-02,5874.4566,6013.2724,5853.2688,6013.2424,90121395235,1416310677221.0100,1.604157,2.205755
2021-08-03,5989.5760,6033.4845,5966.5216,5983.8208,87306514166,1323290832308.1600,1.553980,-0.489280
2021-08-04,5975.3634,6068.8239,5970.1740,6068.6635,76269158849,1204187558416.6400,1.357191,1.417868
2021-08-05,6039.1880,6074.7201,6008.6044,6035.7494,78388478226,1202132633797.2100,1.394595,-0.542362
2021-08-06,6039.1516,6042.1338,5986.0745,6027.5913,74395474702,1138187206683.8800,1.323433,-0.135163
2021-08-09,5996.9186,6090.9178,5986.1114,6078.7408,76424610035,1174026791875.0000,1.359229,0.848589
2021-08-10,6067.3937,6133.5816,6053.8768,6133.5447,77539969601,1236125581402.4800,1.378895,0.901567
2021-08-11,6127.9458,6153.6897,6112.6703,6138.6050,83908141034,1205482368542.3700,1.492099,0.082502
2021-08-12,6121.2453,6146.0697,6090.3742,6119.9611,84709293783,1225225449977.1500,1.506268,-0.303716
2021-08-13,6097.5265,6153.8837,6071.7555,6103.0216,83041041046,1213560677304.1700,1.475356,-0.276791
2021-08-16,6093.2346,6118.4793,6065.2257,6077.4357,82777663492,1174965727188.5800,1.470589,-0.419233
2021-08-17,6070.9080,6097.5645,5921.0366,5937.1976,89253283461,1233154706777.0100,1.585616,-2.307521
2021-08-18,5935.6582,6005.6652,5920.1763,5999.1553,79734546528,1125193073613.7300,1.416371,1.043551
2021-08-19,5987.0190,6019.2171,5936.4309,5987.3090,79369451153,1135788568989.6400,1.409884,-0.197466
2021-08-20,5946.2799,5970.2884,5855.5113,5920.1962,75689642956,1160280846110.3600,1.344522,-1.120918
2021-08-23,5941.8665,6042.6796,5941.8665,6032.7491,82470323867,1237452968522.8800,1.464358,1.901168
2021-08-24,6039.6702,6106.6313,6033.6721,6091.2254,89544285346,1315508114685.4700,1.589386,0.969314
2021-08-25,6092.5107,6126.7993,6070.1086,6126.7993,86497430780,1219830936811.9500,1.535020,0.584019
2021-08-26,6121.4905,6121.4905,6038.7277,6041.9904,96804454676,1286239949473.6300,1.717714,-1.384228
2021-08-27,6026.7336,6085.5294,6019.8186,6070.3430,91805181402,1265328363590.8700,1.626957,0.469259
2021-08-30,6088.8449,6112.7775,6050.3607,6079.3800,101633239863,1490930313086.4800,1.800801,0.148871
2021-08-31,6067.5912,6078.6861,6001.2913,6078.2030,100176328924,1400678020457.4700,1.774055,-0.019361
2021-09-01,6081.5913,6114.0962,5985.0111,6080.1787,121214631131,1628773421850.2800,0.000000,0.032505
2021-09-02,6067.4120,6124.2874,6064.8668,6124.0109,104729665990,1364663980656.1000,1.853087,0.720903
2021-09-03,6131.8142,6154.0866,6067.9913,6090.1394,116710871030,1504586065724.9600,2.064972,-0.553093
2021-09-06,6092.4645,6190.1326,6085.2730,6184.0401,101458695555,1363373726596.1200,1.794975,1.541848
2021-09-07,6183.5982,6279.4598,6167.6315,6273.0456,104060134163,1338925494095.4600,1.840980,1.439278
2021-09-08,6271.5996,6300.9488,6249.8083,6275.9591,115181939609,1410324032401.1800,2.037687,0.046445
2021-09-09,6261.6608,6287.8802,6236.4931,6287.8201,113537973442,1371621577187.9200,2.008338,0.188991
2021-09-10,6282.6873,6337.6361,6265.5157,6314.9827,116692620448,1475283379477.1700,2.064019,0.431988
2021-09-13,6313.8448,6335.2123,6284.5187,6321.2962,106662064625,1397926163438.3600,1.886263,0.099977
2021-09-14,6313.8636,6352.6383,6240.6949,6252.8285,110314156776,1446037948461.7000,1.950846,-1.083128
2021-09-15,6238.2740,6272.8603,6212.3757,6244.4277,94509806992,1292710214293.9500,1.671254,-0.134352
2021-09-16,6248.3868,6266.7111,6133.1636,6133.1636,107555465622,1415049229653.0100,1.901802,-1.781814
2021-09-17,6118.1886,6161.4792,6070.6676,6156.6075,98354050780,1281873905223.2500,1.739455,0.382248
2021-09-22,6066.5103,6156.8950,6060.1001,6152.7523,87269419287,1095714411887.0800,1.541756,-0.062619
2021-09-23,6192.6999,6215.8915,6170.4602,6182.5775,101393861226,1266053967526.8400,1.791250,0.484746
2021-09-24,6172.9397,6199.6559,6124.6683,6131.7039,95997685709,1225596862401.0400,1.695912,-0.822854
2021-09-27,6153.0258,6173.5868,6018.9991,6060.9540,98694978118,1306687035541.9600,1.742901,-1.153838
2021-09-28,6045.8828,6088.9186,6030.8821,6072.0106,79560146908,998713253291.4300,1.404973,0.182423
2021-09-29,6023.1593,6025.3065,5927.7115,5948.5570,83131552534,1028090692737.1100,1.468042,-2.033159
2021-09-30,5968.7724,6045.9964,5968.7724,6037.7260,71967992343,906269128630.5600,1.270566,1.499002
2021-10-08,6105.4787,6113.2861,6051.1499,6085.2312,78123995534,1018666903527.1100,1.378826,0.786806
2021-10-11,6097.9537,6109.8766,6063.1585,6075.0894,73931985180,949725209521.5300,1.304668,-0.166663
2021-10-12,6057.6474,6057.6474,5925.3469,5981.7117,76845185541,951946862641.3800,1.356062,-1.537059
2021-10-13,5980.1541,6046.2517,5948.0377,6038.9294,63635628700,847308158494.0900,1.122951,0.956544
2021-10-14,6029.0900,6056.5643,6014.8110,6041.3361,60659372099,817293545279.7100,1.070453,0.039853
2021-10-15,6023.1069,6068.6721,6003.9481,6057.2672,67372389457,939714671922.7700,1.188825,0.263702
2021-10-18,6051.5606,6055.6735,5996.5962,6055.5820,67547816580,953004254326.7000,1.191682,-0.027821
2021-10-19,6050.3746,6108.4036,6049.2447,6105.1784,66589974735,926357614463.4300,1.174136,0.819020
2021-10-20,6095.2997,6127.8219,6084.0264,6099.7717,69122901544,967948031212.9700,1.218800,-0.088559
2021-10-21,6103.5800,6131.5742,6070.0857,6102.8678,69677840545,945321434591.7500,1.228021,0.050758
2021-10-22,6107.3354,6138.1403,6089.9154,6092.7721,70530354252,965176213973.5200,1.242948,-0.165426
2021-10-25,6082.5777,6143.5255,6073.9624,6142.4199,65573174396,959394960617.1100,1.155251,0.814864
2021-10-26,6155.7952,6171.7029,6111.4784,6123.7863,69249619478,1021369018380.1300,1.219980,-0.303359
2021-10-27,6109.0054,6109.0054,6040.2508,6058.8940,71566690510,1015807434392.0200,1.260207,-1.059676
2021-10-28,6038.9887,6050.7602,5961.1749,5979.7343,73821658260,1047066188340.9200,1.299883,-1.306504
2021-10-29,5982.2756,6053.8527,5959.7180,6053.8527,70860665924,1074658434034.2800,1.247181,1.239493
2021-11-01,6029.5275,6092.9869,6015.6657,6066.3747,75905662901,1154639485143.0900,1.335880,0.206843
2021-11-02,6065.7243,6094.2450,5951.6090,6002.6687,82560017517,1188737071670.8000,1.452936,-1.050149
2021-11-03,5995.7871,6021.0104,5960.5864,5996.0248,63779981650,944926920029.5500,1.122430,-0.110682
2021-11-04,6016.3170,6061.5582,6011.7997,6061.3892,67028209775,1020288766497.5000,1.179571,1.090129
2021-11-05,6051.2753,6074.1951,6010.1031,6010.1031,76454111127,1090099276652.1400,1.345413,-0.846111
2021-11-08,6006.1219,6045.6177,5994.7850,6036.1388,66639556198,982123968944.4500,1.172639,0.433199
2021-11-09,6050.0954,6071.4104,6027.9520,6067.9331,64352933998,951745479357.9000,1.132402,0.526732
2021-11-10,6049.9003,6051.8716,5962.5223,6047.6900,69805386131,1018687969260.2700,1.228297,-0.333608
2021-11-11,6039.0163,6121.8391,6032.1208,6119.1837,74084455237,1052864315713.7400,1.303486,1.182165
2021-11-12,6121.5696,6142.5909,6113.1567,6136.7221,71846838630,1024353802416.4900,1.264116,0.286613
2021-11-15,6144.5254,6153.3422,6098.5997,6121.5113,74361977203,1083524584224.0400,1.308307,-0.247865
2021-11-16,6115.6023,6146.2283,6087.5856,6094.5820,73251201562,1048501136243.7000,1.288642,-0.439913
2021-11-17,6098.1488,6142.7921,6093.6144,6142.6713,68152214977,974512785232.4000,1.193229,0.789050
2021-11-18,6133.7154,6140.7623,6092.8887,6105.7617,75515704250,1054548200611.1300,1.322178,-0.600872
2021-11-19,6100.0017,6176.1604,6095.0964,6174.1741,74717773626,1047808269321.2300,1.307916,1.120456
2021-11-22,6182.8843,6238.7053,6182.8843,6237.1255,76966105539,1173086145024.3900,1.346206,1.019592
2021-11-23,6231.5323,6255.3154,6221.1933,6236.6459,80258049810,1151068220452.0100,1.403691,-0.007689
2021-11-24,6235.8701,6255.3807,6213.5759,6235.5866,77748077214,1123050660574.5800,1.359797,-0.016985
2021-11-25,6236.8997,6240.3147,6214.7777,6219.6877,71918805956,1041702179760.1400,1.257832,-0.254970
2021-11-26,6207.0807,6219.4199,6183.0192,6198.8950,70985290712,1031293261741.3500,1.241502,-0.334305
2021-11-29,6132.5779,6212.6026,6129.8594,6211.4904,73331632766,1096779155905.7500,1.282282,0.203188
2021-11-30,6229.6611,6245.3109,6182.5174,6216.4930,78416645198,1144490995394.6300,1.371200,0.080538
2021-12-01,6212.6880,6235.1695,6202.1129,6235.1695,75364064679,1074172805553.1200,1.317567,0.300435
2021-12-02,6227.3835,6244.8824,6209.7771,6215.2187,78496944715,1081878120277.3500,1.372333,-0.319972
2021-12-03,6217.8974,6268.2812,6214.9810,6266.1580,76739723941,1066926345488.6400,1.341413,0.819590
2021-12-06,6268.5110,6285.8333,6212.9992,6217.5813,84385932955,1134857716945.9600,1.474329,-0.775223
2021-12-07,6255.7089,6261.3433,6156.4193,6198.5709,80889287185,1129787863296.8300,1.413223,-0.305752
2021-12-08,6214.5804,6294.6199,6202.5268,6294.6199,71668614667,1036846920464.6300,1.248391,1.549535
2021-12-09,6297.1506,6373.8461,6294.2774,6351.3024,85627673791,1194894933901.9300,1.491543,0.900491
2021-12-10,6314.9155,6353.9016,6308.4044,6348.1119,83105607340,1153642320772.3500,1.447427,-0.050234
2021-12-13,6378.2832,6416.9916,6371.1783,6383.9524,85700086167,1201856162445.8200,1.492100,0.564585
2021-12-14,6366.4485,6377.1854,6349.9687,6361.5914,79078360898,1080894934579.3400,1.376475,-0.350269
2021-12-15,6351.2025,6378.6068,6324.3780,6330.8976,81697918619,1062395208820.6900,1.422047,-0.482486
2021-12-16,6335.3335,6373.0182,6320.6521,6373.0182,81951483567,1047266258769.9300,1.426359,0.665318
2021-12-17,6362.0786,6362.0786,6290.1262,6290.1323,87847413611,1091399796198.9600,1.528975,-1.300575
2021-12-20,6269.7147,6307.1530,6189.9886,6195.9502,89314072738,1090089833355.7800,1.553713,-1.497299
2021-12-21,6192.2939,6259.9290,6192.2939,6258.0299,85770804227,948320569410.2100,1.492073,1.001940
2021-12-22,6273.1697,6287.8151,6262.2169,6277.8548,89251137580,1002975223762.6400,1.552555,0.316791
2021-12-23,6283.7299,6304.4422,6269.0524,6300.7603,84223772304,1018570041317.0000,1.464940,0.364862
2021-12-24,6305.6394,6307.6293,6228.2463,6235.1644,86468515389,1071861446426.9500,1.503661,-1.041079
2021-12-27,6229.6550,6269.2384,6209.4993,6236.3947,73298689458,922920121771.9600,1.274223,0.019732
2021-12-28,6244.4129,6282.3876,6231.9107,6281.4039,71784157666,947934155204.4600,1.247894,0.721718
2021-12-29,6278.9707,6278.9707,6223.9406,6224.3834,69981857988,945307777886.4300,1.216297,-0.907767
2021-12-30,6224.2905,6293.9677,6224.2905,6275.0802,73345955865,958507043721.4500,1.274766,0.814487
2021-12-31,6291.2339,6315.1927,6286.9534,6310.5745,76656667795,997370051797.3000,1.332047,0.565639
2022-01-04,6333.5339,6337.9291,6259.9852,6301.8724,94157164902,1200352746292.6200,1.635506,-0.137897
2022-01-05,6291.1847,6291.6339,6182.6865,6208.6871,96184869793,1221736377515.1700,1.670620,-1.478692
2022-01-06,6175.8092,6210.2073,6138.3716,6196.5840,84591594714,1069466762963.9200,1.469164,-0.194938
2022-01-07,6200.8357,6220.3348,6147.6983,6151.0742,95342397092,1140796509035.6000,1.655794,-0.734434
2022-01-10,6137.0145,6181.2760,6101.7297,6179.7410,78344057979,987722741562.7900,0.000000,0.466045
2022-01-11,6176.8769,6194.4126,6117.4009,6126.9673,79670263011,992317201344.0700,1.383241,-0.853979
2022-01-12,6153.3659,6201.5029,6146.0799,6199.4752,77476524921,994731847730.1400,1.345005,1.183422
2022-01-13,6206.3669,6206.3669,6105.9128,6105.9128,83008729195,1029100407232.0800,1.440348,-1.509199
2022-01-14,6078.6438,6119.3618,6062.9655,6077.5885,84486534051,1033335233612.5900,1.465400,-0.463883
2022-01-17,6082.1539,6152.9044,6082.1539,6148.5619,78160355763,1038806150501.2800,1.355084,1.167789
2022-01-18,6149.4457,6183.2102,6124.0954,6159.7729,89021303811,1120051636694.1800,1.543374,0.182335
2022-01-19,6149.6199,6166.8264,6084.6649,6118.7293,78239035261,1003408754019.7000,1.356235,-0.666317
2022-01-20,6116.3823,6146.9972,6075.8142,6091.5000,85681020766,1062229193928.7000,1.484764,-0.445016
2022-01-21,6073.3911,6082.4081,6014.8324,6027.1192,72948815741,923633709928.0000,1.264057,-1.056896
2022-01-24,5994.9636,6055.4812,5988.4088,6036.8842,62550887019,813321243034.2200,1.082429,0.162018
2022-01-25,6010.0947,6033.8562,5854.0884,5854.0884,73883586174,881691357104.4200,1.278514,-3.027983
2022-01-26,5873.7458,5912.0965,5817.9114,5893.7137,59045344567,739189955177.7500,1.021490,0.676883
2022-01-27,5891.4637,5891.4637,5749.1210,5751.2810,61833600283,767909769713.8000,1.069743,-2.416688
2022-01-28,5784.6268,5809.0097,5683.5635,5722.6785,61351318040,767312468180.7100,1.061105,-0.497324
2022-02-07,5809.6446,5833.9894,5790.9637,5809.7368,66201282159,778701195259.5700,1.144880,1.521286
2022-02-08,5803.5335,5820.4640,5706.2187,5820.1809,72928009711,834072122982.0800,1.260679,0.179769
2022-02-09,5819.3345,5902.1910,5807.5338,5896.5452,74823988990,885109763188.3300,1.293158,1.312061
2022-02-10,5899.2736,5900.0423,5843.4387,5882.1716,73004473375,882370911987.4000,1.261719,-0.243763
2022-02-11,5855.3969,5887.5484,5800.3805,5807.6714,76548458231,941010369990.6200,1.322565,-1.266542
2022-02-14,5778.7532,5820.5633,5738.3444,5764.5302,67804873324,823590608515.1300,1.171275,-0.742831
2022-02-15,5769.0592,5823.5098,5760.0676,5822.5664,61994449118,784590175275.1300,1.070835,1.006781
2022-02-16,5847.0527,5872.9589,5839.0641,5857.6450,62432897522,766019501797.7000,1.078139,0.602459
2022-02-17,5852.4378,5898.0495,5838.0301,5868.6332,69836148181,866296242460.4300,1.205981,0.187587
2022-02-18,5835.5978,5903.4437,5827.7012,5903.4437,65690443231,769111018448.6200,1.134388,0.593162
2022-02-21,5903.8005,5925.3717,5885.8929,5923.9301,71818841806,858156708311.9200,1.239143,0.347025
2022-02-22,5889.5541,5889.5541,5825.9065,5857.6831,75232235215,932539173261.3800,1.297945,-1.118295
2022-02-23,5865.6791,5941.4740,5865.6791,5939.7750,74884263266,984403851218.3700,1.291942,1.401440
2022-02-24,5905.8107,5939.7724,5749.2218,5814.0968,107186599363,1296705904839.7300,1.848795,-2.115875
2022-02-25,5856.3668,5919.1683,5852.7430,5867.6265,78099899012,962301041142.9200,1.346971,0.920688
2022-02-28,5864.5850,5885.2525,5810.1924,5885.2525,71196745981,886609092150.4200,1.227873,0.300394
2022-03-01,5900.8985,5924.7122,5881.1236,5922.8126,69287074623,915401390987.3200,1.194515,0.638207
2022-03-02,5895.4028,5902.6642,5866.7931,5898.5145,70007996918,851013185890.6300,1.206934,-0.410246
2022-03-03,5919.5275,5925.0645,5856.9126,5867.1924,83070240789,958963287695.6800,1.432235,-0.531017
2022-03-04,5826.7516,5859.1088,5775.5721,5794.1338,80894287700,955629060277.2900,1.394680,-1.245205
2022-03-07,5767.8859,5767.8859,5623.6402,5646.2141,78994911222,971271437060.5600,1.361665,-2.552922
2022-03-08,5650.0406,5669.4534,5479.4237,5498.2157,86392841607,1050138936793.9700,1.489002,-2.621197
2022-03-09,5512.6956,5540.2767,5225.2100,5437.4527,94687286035,1100692582016.7700,1.631557,-1.105140
2022-03-10,5555.0101,5586.2248,5524.3766,5534.0571,80411122733,1018777095342.2100,1.385325,1.776648
2022-03-11,5459.7676,5571.7400,5394.5037,5562.0217,79649342366,986978444276.4300,1.372006,0.505318
2022-03-14,5502.1165,5541.8897,5403.8791,5403.8791,71956488089,911964589140.6700,1.239453,-2.843258
2022-03-15,5349.9934,5384.6853,5142.8205,5142.8205,91796857917,1062743622910.3000,1.581129,-4.830948
2022-03-16,5230.9045,5355.3780,5066.2097,5341.9357,91196141800,1124682255831.6500,1.570710,3.871712
2022-03-17,5425.2971,5526.7763,5419.3840,5441.0806,91466082381,1202308291619.5300,1.575367,1.855973
2022-03-18,5418.5289,5503.5939,5403.8543,5489.4989,78941622378,934557737876.5200,1.359614,0.889866
2022-03-21,5502.7630,5536.8503,5454.2155,5511.6825,79374174456,956716307110.3400,1.367099,0.404110
2022-03-22,5502.3773,5542.2572,5475.1745,5504.4164,79217790713,909456253782.0200,1.364397,-0.131831
2022-03-23,5517.5489,5544.7202,5492.2558,5529.5327,76888021934,891695347560.9200,1.324223,0.456294
2022-03-24,5498.9253,5519.5061,5450.4542,5486.4297,73987316843,872365001153.5800,1.273820,-0.779505
2022-03-25,5486.3348,5501.6933,5412.2231,5412.2232,74777059307,873626672174.2200,1.287366,-1.352546
2022-03-28,5365.4160,5425.1286,5313.4914,5387.4679,73941750038,827629187262.5000,1.272326,-0.457396
2022-03-29,5395.8249,5418.2240,5345.4319,5361.1725,71330936210,819565352051.4700,1.227270,-0.488085
2022-03-30,5387.6565,5487.9539,5381.6458,5487.9539,78424589454,910979615142.1600,1.349334,2.364807
2022-03-31,5468.0195,5482.3294,5436.4607,5445.7524,86184562767,962242462465.2700,1.482750,-0.768984
2022-04-01,5412.8063,5500.3928,5398.7216,5485.6657,81757660061,893101600958.4100,1.406585,0.732925
2022-04-06,5472.3018,5491.9679,5443.4472,5485.7281,88291663225,919868428789.4400,1.518690,0.001138
2022-04-07,5457.3776,5493.2842,5390.7094,5390.7094,85181362873,880904245383.1000,1.464979,-1.732107
2022-04-08,5396.2103,5410.0798,5322.1668,5394.5468,84587477159,884187413119.7500,1.454474,0.071185
2022-04-11,5365.7297,5365.7297,5203.9175,5223.7672,85539657906,923237007776.2900,1.470643,-3.165782
2022-04-12,5220.4066,5315.0624,5184.0157,5315.0624,83885296762,876697987061.3100,1.441844,1.747689
2022-04-13,5284.9269,5316.9838,5244.1723,5244.1723,80258772657,836453247095.8500,1.379411,-1.333759
2022-04-14,5276.4010,5336.2278,5262.1941,5308.0698,75169133103,828130219377.6600,1.291797,1.218448
2022-04-15,5275.5462,5307.1184,5244.5530,5269.9528,81752717403,871994283789.1900,1.404483,-0.718095
2022-04-18,5227.8125,5274.8289,5186.0973,5264.9944,68448238365,740599180513.0900,1.175730,-0.094088
2022-04-19,5259.9425,5293.2852,5226.8408,5257.3928,66939136231,742275461082.4600,1.149694,-0.144380
2022-04-20,5252.7432,5257.2434,5156.9911,5173.2284,73152035387,782752678694.1400,1.246592,-1.600877
2022-04-21,5147.2420,5181.7082,5008.7602,5027.0109,77927615245,804060652739.3100,1.327866,-2.826427
2022-04-22,4991.8475,5057.5793,4952.8926,5016.5401,67757445585,706161305198.0400,1.154318,-0.208291
2022-04-25,4922.6196,4931.1951,4713.1188,4713.1188,85163593164,842794083319.0400,1.450572,-6.048418
2022-04-26,4717.5129,4769.2338,4614.2394,4626.3411,80126339618,791959804428.4200,1.364565,-1.841195
2022-04-27,4580.8580,4787.5649,4574.9878,4787.4241,85759684797,865756163961.7800,1.460269,3.481866
2022-04-28,4763.6509,4829.8200,4725.1939,4785.9164,74729049339,789462336822.3200,1.272137,-0.031493
2022-04-29,4815.2945,4947.1047,4794.6289,4941.0204,84598543328,906823053137.4500,1.439516,3.240842
2022-05-05,4924.8911,5009.4401,4919.1875,4974.3663,75973469687,848440497109.0400,1.301750,0.674879
2022-05-06,4866.5496,4917.8753,4853.2727,4871.1699,68563029858,714559943385.8700,1.174688,-2.074564
2022-05-09,4851.9574,4907.0021,4848.2602,4879.4412,59863661153,629078916363.3200,1.016670,0.169801
2022-05-10,4811.9404,4955.4148,4799.7117,4946.4301,74877997536,799225847680.7200,1.271489,1.372881
2022-05-11,4949.7650,5090.2015,4949.2511,4999.3400,89118950012,1019353569107.3300,1.513080,1.069658
2022-05-12,4969.1730,5027.0042,4956.8123,4999.1213,71456234906,772430884140.9500,1.213089,-0.004375
2022-05-13,5025.0968,5046.5378,4989.4812,5036.6188,68533999608,717754511075.6000,1.163297,0.750082
2022-05-16,5070.4071,5076.9076,5004.1928,5019.7930,71427953699,745231866232.8900,1.212020,-0.334069
2022-05-17,5022.3011,5060.7710,4988.7314,5060.7710,68197668795,745921716905.4300,1.156922,0.816328
2022-05-18,5067.2858,5093.1123,5031.3277,5055.4565,67171965664,728267779353.2400,1.138863,-0.105014
2022-05-19,4983.9262,5078.3948,4976.5864,5078.3948,71071743978,759680846469.6700,1.204680,0.453734
2022-05-20,5100.9285,5164.2129,5100.9285,5164.2129,77818386990,870796350798.3200,1.318846,1.689867
2022-05-23,5173.0221,5180.3784,5135.4528,5177.7970,73531449697,811963935118.9300,1.245688,0.263043
2022-05-24,5177.5233,5178.8161,5015.6690,5015.6690,86404454076,935715773964.4500,1.463427,-3.131216
2022-05-25,5014.4374,5075.2118,5011.4213,5075.0923,68141025883,722430711805.6200,1.153758,1.184753
2022-05-26,5083.7644,5126.0311,5016.4093,5103.6261,73629098881,782271132332.7300,1.246313,0.562232
2022-05-27,5131.3977,5159.7422,5076.8037,5109.3900,72249094552,775507516693.2800,1.222551,0.112937
2022-05-30,5133.2805,5154.8269,5100.8051,5154.1545,69313718969,769084548010.5400,1.172586,0.876122
2022-05-31,5156.9091,5228.6532,5132.3190,5223.7103,76025672112,880951854954.7800,1.285717,1.349509
2022-06-01,5214.7283,5241.5317,5188.3002,5226.6131,73931067654,828082856113.5100,1.250014,0.055570
2022-06-02,5207.8854,5254.0172,5197.8488,5250.9286,72329701352,817089413350.1700,1.218047,0.465225
2022-06-06,5253.0128,5351.9066,5235.1044,5351.4675,83527840139,1016722673768.2000,1.407119,1.914688
2022-06-07,5353.1198,5378.8718,5320.0586,5357.8741,81585664041,965330656996.2200,1.374278,0.119717
2022-06-08,5363.9641,5399.2424,5303.3172,5393.1236,86752492267,1024190771391.7500,1.460815,0.657901
2022-06-09,5383.5798,5391.8074,5300.9642,5324.9241,81718920825,918019146766.0300,1.375657,-1.264564
2022-06-10,5289.9627,5421.2565,5284.6083,5418.3800,84191380563,982139284594.9600,1.422946,1.755065
2022-06-13,5372.4782,5419.7636,5347.4457,5396.3667,86564234426,1031481466201.8000,1.481204,-0.406271
2022-06-14,5340.0182,5429.0212,5266.7865,5428.5139,90083910858,1039695155759.0700,1.541282,0.595719
2022-06-15,5435.3124,5551.7263,5434.8347,5460.2002,106866301281,1240390767577.2400,1.879650,0.583701
2022-06-16,5465.1439,5505.3579,5436.8231,5455.3184,88542710738,1026748747294.6800,1.555595,-0.089407
2022-06-17,5418.9014,5526.9350,5415.7313,5517.6169,82417199337,1031504364633.4800,1.447596,1.141977
2022-06-20,5534.2613,5590.4012,5511.8666,5557.5308,85431460873,1100200072005.5700,1.499596,0.723390
2022-06-21,5557.4094,5580.1011,5485.0282,5536.8116,85114586021,1021041122834.5800,1.493668,-0.372813
2022-06-22,5542.6575,5544.7824,5465.7012,5467.3788,78336981911,936665940482.8500,1.374302,-1.254021
2022-06-23,5474.8076,5571.4652,5448.5022,5571.4652,84169307343,1014756017917.9300,1.476613,1.903772
2022-06-24,5585.2171,5644.4800,5577.9622,5637.5420,85581483390,1087860782358.8300,1.446469,1.185986
2022-06-27,5663.8342,5721.3304,5663.8342,5696.5201,89437123482,1160011847037.2200,1.508606,1.046167
2022-06-28,5696.2407,5771.3841,5669.4936,5766.2785,91337950607,1152962811958.7000,1.539568,1.224579
2022-06-29,5750.6857,5774.5976,5653.5844,5658.2593,98335346544,1240015040843.7700,1.644998,-1.873291
2022-06-30,5662.9333,5769.5631,5662.9333,5737.0620,85020814988,1092779203789.4400,1.421882,1.392702
2022-07-01,5739.8912,5755.2032,5704.6882,5723.4427,77306471876,989208368487.3200,1.292602,-0.237392
2022-07-04,5709.0485,5772.1182,5679.8531,5772.1182,78448397941,1061308107683.2300,1.311016,0.850458
2022-07-05,5781.4026,5801.9694,5689.7211,5755.1933,87182130049,1116903644511.5600,1.456162,-0.293218
2022-07-06,5736.3127,5743.2383,5631.5559,5675.7906,80103528744,1020906972345.5000,1.341306,-1.379670
2022-07-07,5676.5682,5730.6273,5641.4476,5714.6352,75550667147,987560150218.7500,1.264791,0.684391
2022-07-08,5742.9628,5755.8947,5692.0424,5695.5823,75424554188,966387693530.1100,1.262476,-0.333405
2022-07-11,5674.2338,5674.2338,5578.6395,5615.4481,76060862870,947818593667.3800,1.272720,-1.406954
2022-07-12,5617.1028,5637.1743,5545.8611,5555.1445,74712661785,916095968659.8300,1.249938,-1.073888
2022-07-13,5555.0161,5604.0350,5527.8440,5584.4870,74673067044,886598513329.4500,1.249214,0.528204
2022-07-14,5573.0266,5636.7625,5560.3772,5603.4300,79274972194,966520921374.4100,1.326054,0.339208
2022-07-15,5584.6678,5630.0610,5520.5297,5520.5297,84760226170,1025603569446.4400,1.417807,-1.479456
2022-07-18,5536.0507,5608.0657,5510.7134,5606.6387,78899847824,958438601946.3600,1.318057,1.559796
2022-07-19,5608.0040,5625.5119,5569.9494,5611.6213,77036523399,938410741379.3400,1.286801,0.088870
2022-07-20,5633.2437,5662.2176,5622.5362,5652.7762,72860827454,895430697845.7200,1.216827,0.733387
2022-07-21,5641.4494,5652.0745,5601.2827,5601.2827,78109150924,950636802855.4500,1.304383,-0.910942
2022-07-22,5613.0735,5641.0298,5544.2626,5588.9362,72934905199,879423086387.7200,1.217950,-0.220423
2022-07-25,5588.5133,5594.8279,5528.4068,5542.5386,67005929874,803490097582.7400,0.000000,-0.830169
2022-07-26,5549.4212,5605.7557,5527.7927,5597.0607,64850175431,778836209670.7400,1.082694,0.983703
2022-07-27,5586.1729,5611.8309,5573.1296,5602.3286,65167994614,804864028721.7000,1.087805,0.094119
2022-07-28,5628.2104,5660.4667,5609.3101,5616.8375,75207552349,935962251000.0500,1.255285,0.258980
2022-07-29,5619.8071,5637.5185,5554.8587,5565.0585,75357983476,942967147206.1600,1.257726,-0.921853
2022-08-01,5556.1460,5601.2221,5521.6873,5597.7697,71182850160,924931649476.5600,0.000000,0.587796
2022-08-02,5539.6910,5539.6910,5394.2072,5446.2561,94303760581,1098673212897.1800,1.572917,-2.706678
2022-08-03,5453.1855,5516.6470,5384.6029,5398.6203,80764081901,1023311734808.7700,1.347077,-0.874652
2022-08-04,5427.9321,5451.8275,5378.2942,5444.8107,65105659791,825327357740.7600,1.085905,0.855596
2022-08-05,5458.2559,5523.1832,5443.7555,5519.8392,68831898831,891113338852.2000,1.148020,1.377982
2022-08-08,5505.8911,5549.9719,5497.3971,5549.3976,64032893698,852751008141.9700,1.067893,0.535494
2022-08-09,5543.7985,5566.2431,5528.0008,5565.3016,64681178172,864707625511.4000,1.078582,0.286590
2022-08-10,5554.8483,5574.6825,5512.1102,5536.2354,64845721678,877217949898.5800,1.081308,-0.522275
2022-08-11,5561.3273,5630.5559,5548.8496,5630.5559,75055134327,978793953600.2000,1.251295,1.703694
2022-08-12,5622.6020,5645.0213,5616.3195,5618.2361,75225333623,913533628452.2100,1.254102,-0.218803
2022-08-15,5606.1366,5648.6601,5599.2902,5633.4252,70873852648,903238061722.1300,1.181494,0.270354
2022-08-16,5639.4502,5671.9938,5632.1910,5647.6243,75224483867,943338714700.5800,1.254012,0.252051
2022-08-17,5654.2057,5687.7166,5620.0563,5681.3432,79832163548,995178976873.2400,1.330788,0.597046
2022-08-18,5668.1904,5669.7805,5643.1237,5657.4424,76200212783,964246267551.7000,1.273390,-0.420689
2022-08-19,5655.1258,5667.9540,5602.1037,5602.1037,81114516625,1028071706655.3100,1.354678,-0.978158
2022-08-22,5585.2157,5647.7993,5575.0307,5647.7993,73744156861,942897767391.2700,1.231589,0.815686
2022-08-23,5638.3491,5654.0059,5620.6833,5643.2960,73470322069,926905915249.1300,1.224071,-0.079735
2022-08-24,5650.1975,5652.3191,5494.9954,5501.2702,85959724026,1043221091890.9100,1.432046,-2.516717
2022-08-25,5518.3645,5527.3742,5446.0100,5523.6005,76219403753,915936528488.8500,1.268989,0.405912
2022-08-26,5535.4647,5568.1131,5498.4066,5506.6730,69514402276,860488750184.9000,1.157104,-0.306458
2022-08-29,5439.8197,5508.7599,5431.3323,5508.7599,65513205918,776929031607.2300,1.085029,0.037898
2022-08-30,5508.1890,5511.8930,5456.1589,5484.1649,66741122877,775878794887.6300,1.104669,-0.446471
2022-08-31,5462.3514,5476.2483,5382.1996,5408.1258,76329575908,928498583920.2300,1.263330,-1.386521
2022-09-01,5399.5448,5436.4773,5364.4792,5371.8624,63371701691,734356992425.9900,1.048835,-0.670535
2022-09-02,5383.6915,5399.3967,5357.6282,5382.2322,59070564359,686820110667.8900,0.977213,0.193039
2022-09-05,5372.5425,5391.6871,5349.1241,5388.3383,61498131170,709472402126.4700,1.017137,0.113449
2022-09-06,5401.7296,5461.1764,5386.4749,5461.1764,69010153567,808324824313.8800,1.141389,1.351773
2022-09-07,5439.5344,5486.3419,5431.8108,5473.0767,68669675632,806509700008.2000,1.135724,0.217907
2022-09-08,5475.6861,5480.5306,5435.7162,5439.1775,64667606904,733261756940.9700,1.069413,-0.619381
2022-09-09,5450.3142,5488.9747,5436.0349,5484.0010,63124574175,723038589993.5300,1.043713,0.824086
2022-09-13,5504.3188,5514.3171,5480.7661,5494.4765,61161065711,716817340475.3300,1.011139,0.191019
2022-09-14,5418.7749,5461.7845,5405.5625,5435.8729,57616750983,666823270254.2100,0.952522,-1.066591
2022-09-15,5457.0986,5461.6882,5291.8370,5339.4489,73044662486,850386270578.9800,1.207522,-1.773846
2022-09-16,5322.5088,5325.1468,5210.6358,5210.6358,67522941762,741917807465.7500,1.116178,-2.412479
2022-09-19,5204.0939,5229.1939,5158.6676,5184.4969,54681535828,607928203879.7500,0.903316,-0.501645
2022-09-20,5212.2096,5250.8879,5204.5462,5221.2780,51439116375,601324417426.5400,0.849730,0.709444
2022-09-21,5205.9782,5230.6652,5154.4068,5208.8542,53938592264,587774394455.8000,0.891000,-0.237946
2022-09-22,5172.4055,5226.2094,5166.0593,5179.7253,51876640778,589660873577.2500,0.856946,-0.559219
2022-09-23,5176.3250,5196.1933,5089.1754,5125.4941,55390433267,615206878035.6700,0.914916,-1.046990
2022-09-26,5088.4497,5158.7333,5066.9708,5073.5853,55636397777,615688370439.9800,0.918362,-1.012757
2022-09-27,5086.2638,5162.8945,5070.2621,5162.8945,52481674084,614159502304.9800,0.866239,1.760278
2022-09-28,5150.3226,5150.3226,5046.8666,5047.0624,52576256222,597840764411.6600,0.867420,-2.243550
2022-09-29,5094.1180,5102.8050,5015.0147,5041.0571,51648969338,574792444456.7200,0.851781,-0.118986
2022-09-30,5042.8061,5062.7533,4994.8932,4994.8932,46265478579,515804132890.7800,0.762953,-0.915758
2022-10-10,5002.3741,5006.5051,4886.7941,4897.4473,51517365372,575107207277.5200,0.844553,-1.950911
2022-10-11,4908.1420,4936.7196,4870.5455,4922.4168,46122703144,518223924552.1000,0.756002,0.509847
2022-10-12,4918.1526,5023.2704,4841.1975,5023.2704,56568000625,653414032075.5600,0.927213,2.048863
2022-10-13,4992.6564,5059.1483,4982.8567,5017.5184,57482380529,670296652840.6300,0.941868,-0.114507
2022-10-14,5053.0375,5156.6383,5052.7353,5134.8845,63710169872,788767449968.4300,1.043788,2.339126
2022-10-17,5110.6946,5167.1291,5105.1763,5163.5482,61310294391,731864693691.9900,1.004310,0.558215
2022-10-18,5184.3141,5205.4082,5151.8857,5169.5363,60337716164,725619451804.6100,0.988362,0.115969
2022-10-19,5155.5544,5170.7802,5105.9192,5105.9192,56771305197,695853541448.6400,0.929926,-1.230615
2022-10-20,5074.9478,5146.2794,5033.8182,5077.4984,59118439837,722594078603.8300,0.968354,-0.556625
2022-10-21,5079.4503,5102.8435,5051.0465,5070.5511,56037550202,647977905145.8000,0.000000,-0.136825
2022-10-24,5066.7462,5123.8567,4943.3910,4967.3189,67210358944,810672587423.0500,1.100798,-2.035917
2022-10-25,4946.7619,5002.1569,4892.1427,4956.6067,61505292646,735004569045.3100,1.007341,-0.215654
2022-10-26,4960.9117,5068.6114,4960.9117,5020.1323,66973408503,832800270207.4000,1.096881,1.281635
2022-10-27,5029.8867,5054.0813,4993.2911,4993.2911,65660973377,842811427619.4700,1.075283,-0.534671
2022-10-28,4958.9816,4968.5190,4829.3681,4843.5199,69640449742,830382934857.0100,1.140284,-2.999449
2022-10-31,4802.8669,4887.4948,4802.8669,4836.4544,66076315814,797735978118.7600,1.081792,-0.145875
2022-11-01,4847.5375,4983.3921,4844.4782,4983.3921,70626064785,894233236372.6800,1.156181,3.038129
2022-11-02,4971.1473,5073.5998,4964.0173,5044.1193,75065406281,959255037461.4600,1.226136,1.218592
2022-11-03,5000.8191,5045.1920,4995.5740,5031.3155,62287777277,800503928404.6500,1.017396,-0.253836
2022-11-04,5031.2313,5182.7477,5031.2313,5167.9645,75480394005,990371977675.8600,1.232836,2.715970
2022-11-07,5160.8219,5204.5683,5142.3233,5185.2989,73561838933,918853537784.0600,1.201484,0.335420
2022-11-08,5183.0641,5185.2409,5129.5750,5164.2486,62419191754,763996067809.7400,1.019424,-0.405961
2022-11-09,5166.9160,5187.6595,5135.6745,5139.2850,59558605402,713046087373.7000,0.972691,-0.483393
2022-11-10,5105.6731,5129.8151,5081.5502,5104.8342,65805331627,767059101698.8600,1.074658,-0.670342
2022-11-11,5227.5146,5252.1319,5170.0526,5190.4344,95169880297,1127427340089.2200,1.554145,1.676846
2022-11-14,5210.2958,5242.7127,5166.0444,5183.1844,83663647849,990561409647.0700,1.366100,-0.139680
2022-11-15,5177.6527,5282.4877,5165.9781,5282.4877,79171178138,973097989493.9200,1.292705,1.915874
2022-11-16,5279.0475,5302.5872,5239.7108,5248.7685,73205039228,870268237674.4100,1.195209,-0.638320
2022-11-17,5233.5830,5244.0939,5189.7607,5244.0939,68757092354,838479341438.6400,1.122582,-0.089061
2022-11-18,5247.2349,5271.4659,5212.6756,5215.0636,74080440548,900351914171.6300,1.209458,-0.553581
2022-11-21,5178.8843,5200.3614,5144.5532,5200.3614,63654641999,781641903641.7200,1.039157,-0.281918
2022-11-22,5195.0576,5231.1996,5148.7451,5167.8794,71355343022,813299519589.9100,1.164794,-0.624610
2022-11-23,5157.5602,5183.8780,5111.1827,5162.5979,68805707012,760892962024.1000,1.123176,-0.102199
2022-11-24,5177.8953,5194.5895,5145.9929,5158.5250,60716143709,688695192331.7900,0.991119,-0.078892
2022-11-25,5147.4819,5168.3455,5128.1776,5148.8805,64502419631,682158037795.5800,1.052857,-0.186962
2022-11-28,5065.4021,5113.4372,5037.2934,5111.7604,64460424552,701213113049.1000,1.049962,-0.720935
2022-11-29,5140.2355,5241.0060,5140.2355,5235.2319,82176172423,900076896579.7600,1.338241,2.415440
2022-11-30,5225.9751,5255.0153,5213.8283,5238.8723,81127086387,866521954454.2300,1.320922,0.069537
2022-12-01,5307.4538,5328.3823,5284.8999,5286.3891,83259117399,983764917917.3000,1.355117,0.907004
2022-12-02,5275.9931,5302.9900,5265.8564,5276.5779,69643360466,799279562838.6800,1.131350,-0.185594
2022-12-05,5314.4247,5348.8544,5307.3833,5348.5732,89527572131,984753502519.9700,1.454223,1.364432
2022-12-06,5328.6400,5378.9717,5322.0846,5356.1732,78619381517,928817604169.1800,1.277009,0.142094
2022-12-07,5342.0119,5390.5902,5331.5189,5350.8579,75989293425,885930416042.8400,1.234251,-0.099237
2022-12-08,5343.6760,5358.1441,5323.1775,5340.5728,71112797977,805901717084.6900,1.155085,-0.192214
2022-12-09,5341.8659,5375.7415,5318.4885,5368.2931,79545230063,923821062735.7300,1.292045,0.519051
2022-12-12,5349.8404,5351.4656,5325.6121,5329.2694,73648571165,884163196215.7500,1.184062,-0.726929
2022-12-13,5328.6252,5331.0217,5302.2750,5307.6737,67148839452,796069389406.5200,1.079550,-0.405228
2022-12-14,5314.7989,5330.4223,5293.8237,5306.1201,63879474281,787476224060.2400,1.026895,-0.029271
2022-12-15,5302.5987,5320.1936,5285.7389,5312.5937,60334241948,744583104120.7500,0.969868,0.122003
2022-12-16,5286.5717,5305.2439,5263.9209,5288.1347,63236735853,738607393737.1300,1.016409,-0.460397
2022-12-19,5283.9576,5297.1327,5170.6959,5189.8108,65316110297,738855914132.7200,1.049209,-1.859330
2022-12-20,5175.9924,5176.3316,5108.5058,5128.4935,51904616091,624406557336.9300,0.833674,-1.181494
2022-12-21,5134.6181,5147.2390,5094.1726,5110.9534,47999758108,559196139005.1500,0.770928,-0.342013
2022-12-22,5139.7982,5151.2855,5062.0942,5077.9423,54821538009,643178262232.2000,0.880458,-0.645889
2022-12-23,5049.5106,5092.7970,5036.1711,5062.8983,48617306930,569209631666.1700,0.780751,-0.296262
2022-12-26,5065.8149,5125.3813,5065.8149,5118.0399,50422523569,607721709093.7100,0.809096,1.089131
2022-12-27,5137.0336,5169.7066,5123.5786,5166.4091,54476819787,650974918005.9700,0.874052,0.945073
2022-12-28,5149.9019,5155.8540,5123.4673,5133.2686,54514265773,633627575229.6400,0.874419,-0.641461
2022-12-29,5115.3446,5147.7991,5105.0463,5118.0162,51330896841,596873723716.4900,0.823283,-0.297128
2022-12-30,5137.3803,5150.6489,5131.6162,5138.6488,51536550452,586103479820.4700,0.826596,0.403137
2023-01-03,5135.0780,5209.7693,5113.2769,5203.6084,65205663349,766877489631.0100,1.045312,1.264138
2023-01-04,5202.2947,5223.0597,5182.9301,5209.4565,66033859496,762177749638.8400,1.058397,0.112385
2023-01-05,5225.4246,5286.1020,5220.1505,5280.3988,64406991572,821358005382.5100,1.032254,1.361798
2023-01-06,5278.9775,5317.5922,5276.4739,5288.7124,64043307313,817620451496.3300,1.026283,0.157443
2023-01-09,5307.9310,5339.2932,5306.7525,5325.1153,59779567595,789397578581.2500,0.957195,0.688313
2023-01-10,5328.2209,5338.6710,5308.1755,5328.9254,55407180710,729581153274.0900,0.887131,0.071550
2023-01-11,5331.7581,5353.7907,5299.5598,5303.5433,56431830930,724631379205.8600,0.903525,-0.476308
2023-01-12,5314.2134,5331.3955,5292.9912,5308.8495,53787768295,668463415320.1200,0.860477,0.100050
2023-01-13,5324.5788,5356.7750,5316.3552,5356.7750,53331338500,689547725025.6500,0.853141,0.902747
2023-01-16,5361.9119,5465.7779,5361.9119,5426.7461,67823140535,899429374536.4900,1.081023,1.306217
2023-01-17,5430.0231,5440.1359,5402.4296,5425.2454,53729781411,690950293164.0100,0.856035,-0.027654
2023-01-18,5431.5971,5446.2115,5421.6623,5429.3633,51025131352,622220680116.4200,0.812940,0.075903
2023-01-19,5422.9933,5466.0220,5410.4999,5466.0220,52967675724,668530104761.3600,0.843848,0.675193
2023-01-20,5478.4081,5509.3822,5478.4081,5506.5361,59648943591,733339921480.1300,0.950203,0.741199
2023-01-30,5595.5937,5600.9425,5541.3661,5544.9876,81250689089,1042602525964.1200,1.292458,0.698288
2023-01-31,5535.2426,5554.6004,5513.5520,5522.4041,71811224440,881123542201.9600,1.142302,-0.407278
2023-02-01,5535.3619,5590.9512,5515.2090,5590.9512,80842723568,983943662343.6600,1.285155,1.241255
2023-02-02,5603.3743,5612.6039,5570.1924,5587.9441,79433378429,1000852388707.4300,1.262702,-0.053785
2023-02-03,5570.2333,5570.2333,5495.7122,5557.0466,71650162837,889755063040.3000,1.138961,-0.552931
2023-02-06,5523.0770,5533.1444,5482.9408,5509.5415,67026918156,853743644810.7000,1.065343,-0.854862
2023-02-07,5519.7557,5530.6291,5498.6893,5526.9452,67063300649,824759021056.5800,1.065912,0.315883
2023-02-08,5531.6474,5538.0655,5493.8677,5497.1652,63893752307,782295117891.9400,1.015497,-0.538815
2023-02-09,5485.7856,5574.4683,5480.9605,5574.4683,66779878354,865141202969.9400,1.061367,1.406236
2023-02-10,5567.2068,5577.0852,5525.3802,5550.9282,69029127885,859477859596.5700,1.096994,-0.422284
2023-02-13,5546.0006,5603.4440,5542.3924,5602.9978,73830994996,951038654559.9000,1.173159,0.938034
2023-02-14,5613.4351,5613.4351,5582.5552,5607.1228,69460872309,890248710392.4000,1.103710,0.073621
2023-02-15,5608.7837,5615.6156,5581.5786,5595.0500,70798033489,914205691217.6500,1.124953,-0.215312
2023-02-16,5595.2081,5635.7785,5482.3553,5517.6711,95177636372,1164033990895.8400,1.512189,-1.382989
2023-02-17,5512.9684,5537.9335,5456.7082,5457.8864,70758949185,893601562536.0200,0.000000,-1.083513
2023-02-20,5464.6081,5562.4809,5448.6856,5562.0415,73960201545,927917163069.7300,1.174641,1.908341
2023-02-21,5562.7099,5592.9037,5543.7910,5582.4022,73243181205,900892752783.6200,1.163159,0.366065
2023-02-22,5553.2897,5583.0171,5547.5293,5559.2851,60373719130,764979578904.4000,0.958707,-0.414107
2023-02-23,5560.2803,5581.6324,5525.5361,5548.9967,62265502279,788847445836.7800,0.988706,-0.185067
2023-02-24,5549.7334,5550.6403,5488.6921,5512.6471,53911262852,707010704960.6000,0.856012,-0.655066
2023-02-27,5491.8918,5518.0769,5471.3940,5481.6835,55848963865,734348815136.2400,0.886412,-0.561683
2023-02-28,5498.4099,5524.7001,5463.4743,5522.7814,57540895152,738141631173.8200,0.912711,0.749731
2023-03-01,5522.3676,5584.5185,5509.5917,5580.6942,71196332319,896206844249.6300,1.129237,1.048617
2023-03-02,5575.2605,5589.3007,5557.3500,5562.7134,73311272234,910155233117.9900,1.162513,-0.322196
2023-03-03,5567.9324,5577.3822,5531.5658,5571.2339,70659911000,847476964688.6400,1.119961,0.153172
2023-03-06,5574.3090,5575.5770,5530.9722,5564.3161,70356050512,927632182856.5700,1.114997,-0.124170
2023-03-07,5559.0632,5567.6103,5468.6214,5468.7885,77259146087,910797724692.3200,1.224275,-1.716790
2023-03-08,5449.6009,5475.4859,5443.2373,5474.8007,55049707039,699253814290.1900,0.872267,0.109937
2023-03-09,5479.8290,5483.5536,5436.2764,5464.4714,56798915755,732585677204.8000,0.899977,-0.188670
2023-03-10,5430.5054,5438.6716,5390.2076,5391.1497,61339563214,785065010867.5600,0.971887,-1.341789
2023-03-13,5381.0535,5431.1207,5375.9272,5430.9537,63374371600,817516352315.9900,1.004079,0.738321
2023-03-14,5422.0262,5422.0262,5330.5142,5386.7129,69364786265,906787696964.9900,1.098928,-0.814605
2023-03-15,5414.7913,5435.2449,5403.1666,5405.0691,63217548833,794600283794.0500,1.001529,0.340768
2023-03-16,5372.1689,5388.2821,5323.4489,5328.6739,66131373910,824015586283.7400,1.047652,-1.413399
2023-03-17,5364.5856,5406.9964,5344.6494,5359.9324,72333926026,946503228551.2600,1.145902,0.586609
2023-03-20,5366.7602,5381.3572,5334.6188,5340.2209,80563832331,1029425584469.0400,1.275863,-0.367757
2023-03-21,5349.3878,5406.7144,5346.9898,5406.6676,66751681780,869024897643.7400,1.056901,1.244269
2023-03-22,5419.7872,5441.4609,5411.1193,5431.9128,70802202784,932087062183.5800,1.120963,0.466927
2023-03-23,5416.0120,5466.0860,5410.9591,5466.0860,71801741730,992624659059.0400,1.135836,0.629119
2023-03-24,5465.6248,5469.8572,5441.5126,5460.7887,77889779773,1048361418300.6000,1.232142,-0.096912
2023-03-27,5458.6766,5462.5585,5416.3524,5456.4211,80550693984,1111976090675.5000,1.273916,-0.079981
2023-03-28,5457.8640,5462.8474,5419.3835,5425.1223,71774636059,980174946321.9000,1.135083,-0.573614
2023-03-29,5435.3068,5441.0857,5402.4276,5420.1005,68325435603,950537941696.5400,1.080239,-0.092566
2023-03-30,5421.2703,5446.6623,5380.9148,5441.0555,66726814560,916531299381.6700,1.054549,0.386616
2023-03-31,5445.9862,5479.5621,5442.0335,5476.6536,66206714095,926433048125.8000,1.045947,0.654250
2023-04-03,5483.9362,5540.1106,5483.9362,5537.2588,83196121310,1222560088449.0500,1.313792,1.106610
2023-04-04,5536.1090,5536.1090,5504.3305,5532.0416,86928135353,1285154091472.7500,1.372663,-0.094220
2023-04-06,5508.5273,5535.8471,5501.2919,5532.3034,75866807974,1153193920404.1600,1.198179,0.004732
2023-04-07,5534.3232,5575.5243,5528.8390,5575.2551,69005552145,1020328060457.2900,1.089792,0.776380
2023-04-10,5583.5137,5583.7855,5518.9732,5530.4093,78172348933,1160960326778.7700,1.233395,-0.804372
2023-04-11,5531.6424,5541.7148,5504.1878,5533.8104,71676850259,1035783254973.6000,1.130712,0.061498
2023-04-12,5535.9992,5556.0728,5528.4747,5550.1331,76944521187,1088373651594.7300,1.213844,0.294963
2023-04-13,5536.3507,5549.7197,5503.4467,5512.8817,79251591436,1095151086589.5300,1.250232,-0.671180
2023-04-14,5524.8042,5547.5045,5504.0525,5542.7619,75051067565,1072559835045.3700,1.183428,0.542007
2023-04-17,5537.8699,5581.3800,5536.5430,5581.3800,80013732461,1081143347954.6000,1.261982,0.696730
2023-04-18,5570.8650,5586.4930,5559.0306,5579.9205,72009355093,1022478438812.0800,1.135727,-0.026149
2023-04-19,5574.8778,5576.9314,5536.2500,5544.4797,73463826170,1044053688867.5500,1.158120,-0.635149
2023-04-20,5538.5546,5538.5546,5505.7870,5532.1576,75347404306,1096319105647.7200,1.187570,-0.222241
2023-04-21,5530.3945,5530.3945,5402.0290,5402.0290,83842556633,1175868574098.3100,1.321089,-2.352221
2023-04-24,5398.5620,5402.0975,5331.3128,5352.2655,75700057303,1054009482989.6500,1.192249,-0.921200
2023-04-25,5349.7982,5353.7334,5230.5589,5289.7326,82045253070,1102822481742.1800,1.291927,-1.168345
2023-04-26,5272.4838,5330.7333,5263.2439,5304.3293,77433156664,1094621321805.2000,1.218814,0.275944
2023-04-27,5288.0291,5345.9988,5282.3212,5321.7634,73526176880,1019936852971.6300,1.157101,0.328677
2023-04-28,5319.6855,5394.8568,5319.6855,5393.5210,83150948085,1090535328716.3100,1.308610,1.348380
2023-05-04,5374.7160,5404.0843,5371.3888,5403.8186,94442874798,1148841578445.9000,1.484497,0.190925
2023-05-05,5401.5554,5401.5554,5344.3162,5367.4118,84581485528,1040830323837.3500,1.328698,-0.673724
2023-05-08,5377.4164,5420.1112,5375.7109,5416.6057,93962182936,1111085124898.2700,1.477894,0.916529
2023-05-09,5415.5544,5432.9649,5354.3655,5355.8104,102159476163,1198282286865.1800,1.606496,-1.122387
2023-05-10,5344.2876,5358.6415,5314.6715,5341.3797,81353680719,994171112745.9400,1.279256,-0.269440
2023-05-11,5351.4186,5365.0267,5337.4319,5340.5954,70703111188,871974146441.1200,1.111341,-0.014683
2023-05-12,5332.5137,5350.6815,5275.0976,5275.4532,68502461273,824905648529.6400,1.076745,-1.219755
2023-05-15,5276.7911,5341.0959,5241.6341,5341.0959,74232954441,915976809972.4000,1.166414,1.244304
2023-05-16,5343.7775,5343.7775,5291.3903,5305.1616,64995268737,842335650105.2200,1.021075,-0.672789
2023-05-17,5293.5215,5324.5042,5286.7908,5310.1607,58778598769,756490095135.8000,0.923374,0.094231
2023-05-18,5316.5826,5338.5328,5297.2719,5319.5254,65454414459,851142062305.9700,1.028009,0.176354
2023-05-19,5309.7177,5340.0583,5287.2866,5314.6943,60968783371,813354648461.2500,0.957278,-0.090818
2023-05-22,5309.6007,5345.8153,5300.6482,5334.2584,58875451597,768222860339.5600,0.924288,0.368113
2023-05-23,5332.5319,5333.5740,5269.8057,5269.8057,58649907290,741182977009.6900,0.920506,-1.208279
2023-05-24,5255.0626,5275.6133,5224.2140,5228.4024,60124603813,772936590934.6000,0.943588,-0.785670
2023-05-25,5220.2396,5237.7522,5167.9111,5219.7989,63288563092,826627614540.8100,0.993146,-0.164553
2023-05-26,5217.4163,5248.8132,5185.5094,5239.4110,59427883745,792066137309.8900,0.932301,0.375725
2023-05-29,5251.9987,5259.9500,5210.7774,5222.6108,66755501318,893427801995.5500,1.047254,-0.320651
2023-05-30,5213.0113,5240.3556,5167.3367,5240.3556,67677106027,907557089203.4600,1.061295,0.339769
2023-05-31,5230.6808,5236.0927,5190.6133,5214.8485,65556604066,911991896715.1700,1.027927,-0.486744
2023-06-01,5201.4336,5261.6812,5194.6506,5227.7736,70522399212,955687574353.3100,1.103034,0.247852
2023-06-02,5242.5051,5291.0609,5242.5051,5284.9420,67344771468,911715086786.5100,1.062852,1.093552
2023-06-05,5285.3926,5286.9926,5261.8376,5278.6242,63012810946,847812723130.0300,0.993867,-0.119543
2023-06-06,5272.9673,5280.7559,5190.0918,5199.8088,69428622970,908505306631.3700,1.094670,-1.493105
2023-06-07,5204.9294,5221.0562,5181.7758,5196.7829,58137551996,791131027451.6900,0.916479,-0.058193
2023-06-08,5193.7904,5225.2424,5165.1670,5202.2097,63500846660,835802500508.0800,0.999917,0.104426
2023-06-09,5205.6415,5236.2038,5193.1173,5236.1074,69463486453,960243976039.9100,1.093073,0.651602
2023-06-12,5227.4466,5272.3642,5212.7010,5256.0570,69113211156,940020993717.3800,1.076181,0.381001
2023-06-13,5249.9826,5284.2899,5248.4932,5281.6149,65517428754,917302514782.7300,1.019809,0.486256
2023-06-14,5291.1292,5310.3456,5285.5831,5290.1273,70565525622,974854271428.9800,1.098273,0.161170
2023-06-15,5296.9924,5348.0101,5295.2018,5348.0101,71925742604,1046110634208.7400,1.119028,1.094166
2023-06-16,5353.3380,5401.4626,5349.2584,5397.2249,72376039188,1040904243436.3600,1.125164,0.920245
2023-06-19,5397.5610,5398.0343,5376.4442,5383.7653,72841493731,1075566788142.2300,1.131498,-0.249380
2023-06-20,5378.6149,5394.6700,5365.3516,5376.5616,69731560761,1057685609735.7700,1.082838,-0.133804
2023-06-21,5363.0533,5369.7801,5282.9040,5282.9040,68960297283,993506146047.2000,1.070415,-1.741961
2023-06-26,5245.9764,5257.9454,5184.5212,5194.7178,71014054987,953742449813.0700,1.101501,-1.669275
2023-06-27,5199.5671,5262.8180,5199.5017,5258.2368,63501654548,819785691057.2200,0.984031,1.222761
2023-06-28,5252.9924,5256.4825,5178.2561,5247.0997,64944184293,862221699221.6000,1.006268,-0.211803
2023-06-29,5241.3401,5275.0478,5239.3040,5252.7009,61013337656,842670200327.5100,0.944398,0.106748
2023-06-30,5249.6166,5319.6546,5244.4674,5302.1450,64821844686,892891660958.2200,1.000516,0.941308
2023-07-03,5315.8039,5357.0928,5310.2995,5346.5364,73077202352,1000952628077.5500,1.124287,0.837235
2023-07-04,5343.3071,5362.5079,5333.6655,5362.3225,65441329005,904501069594.7600,1.006449,0.295258
2023-07-05,5358.7214,5358.7214,5316.5161,5323.4544,62700327750,844048682995.7200,0.964205,-0.724837
2023-07-06,5312.4977,5342.3328,5294.2662,5301.8219,60232527271,798920390766.7800,0.926123,-0.406362
2023-07-07,5289.5029,5302.5797,5260.8662,5274.4406,61695016383,777588069922.9400,0.947963,-0.516451
2023-07-10,5292.5429,5313.5028,5272.9241,5290.2791,55856165943,740425390943.8500,0.857735,0.300288
2023-07-11,5299.3175,5327.9858,5286.0437,5327.9858,55406767601,750336463343.1200,0.850754,0.712754
2023-07-12,5327.7117,5332.5897,5272.5362,5277.5653,66336286609,884833002268.1400,1.018087,-0.946333
2023-07-13,5296.5739,5352.5475,5296.5739,5349.1795,65206630390,894323534315.4000,1.000251,1.356955
2023-07-14,5357.1648,5365.1354,5345.3382,5348.9496,65526539686,895491101130.0900,1.005067,-0.004298
2023-07-17,5332.4205,5332.4205,5298.5359,5322.9546,59318029059,778600376459.2800,0.909199,-0.485983
2023-07-18,5328.2281,5333.4623,5299.6060,5311.7768,57640741683,754390563712.8400,0.883298,-0.209992
2023-07-19,5306.8929,5324.4905,5277.2844,5304.3671,52682169843,680482623441.7300,0.807261,-0.139496
2023-07-20,5311.6768,5325.8674,5247.3513,5253.0461,60554287894,762312888209.5400,0.927807,-0.967524
2023-07-21,5245.6039,5283.6936,5232.8801,5248.8655,57792486289,688376927384.9100,0.885470,-0.079584
2023-07-24,5233.2573,5268.6873,5219.7836,5235.8144,55243781808,640000126999.5600,0.846168,-0.248646
2023-07-25,5299.2443,5351.5243,5299.2443,5351.5229,76953286257,926894561624.2700,1.178670,2.209943
2023-07-26,5346.4148,5346.4148,5318.3645,5331.9206,71330020885,770822206048.2700,1.092499,-0.366294
2023-07-27,5336.1126,5357.5953,5300.7024,5309.1598,72800552445,758891406545.5900,1.114897,-0.426878
2023-07-28,5295.2977,5401.9332,5284.9535,5394.4740,86164405780,926719577421.9800,1.319462,1.606925
2023-07-31,5416.3042,5470.0845,5416.3042,5433.5713,97470814355,1084627901660.9000,1.491670,0.724766
2023-08-01,5428.5899,5444.5120,5402.4653,5420.6540,91672117609,932819612101.5800,1.401613,-0.237731
2023-08-02,5408.2823,5428.8171,5381.8236,5396.9569,81462827127,816501408849.1100,1.245489,-0.437163
2023-08-03,5382.5698,5421.9689,5376.1646,5421.8966,77801717887,812136121113.5200,1.189440,0.462107
2023-08-04,5448.3064,5477.8041,5426.9058,5442.5608,93845887391,1029807416878.4500,1.434643,0.381125
2023-08-07,5426.0080,5426.0080,5390.8459,5406.8358,75877434675,867919695228.0800,1.159601,-0.656401
2023-08-08,5396.6869,5410.9563,5371.5234,5388.4542,67778008155,778612817273.7300,1.035755,-0.339970
2023-08-09,5373.1768,5386.2076,5351.1116,5357.7620,61326075952,714024141555.8600,0.937110,-0.569592
2023-08-10,5351.5004,5372.6818,5335.6066,5368.9160,58733706253,666949452500.9600,0.897446,0.208184
2023-08-11,5372.2780,5372.2780,5260.4428,5260.4428,67888982074,739128854436.5900,1.037268,-2.020393
2023-08-14,5210.4154,5251.9337,5180.3757,5249.8984,62561797551,721559800193.7100,0.955707,-0.200447
2023-08-15,5251.8912,5258.7188,5178.5207,5223.2677,58166609763,682751865566.0900,0.888513,-0.507261
2023-08-16,5204.7302,5226.3735,5176.8593,5176.8593,59181073975,681383409090.7200,0.903963,-0.888494
2023-08-17,5156.9619,5218.4065,5129.2050,5213.1106,62219757438,714592484105.1900,0.950089,0.700257
2023-08-18,5213.1895,5227.2868,5134.8829,5134.8829,63195385650,711802222374.2000,0.964784,-1.500595
2023-08-21,5123.3405,5148.5891,5076.3348,5076.3348,56425131248,649453460276.6100,0.861193,-1.140203
2023-08-22,5098.4799,5118.6621,5025.3381,5109.4272,67210582646,790828720566.9800,1.025777,0.651896
2023-08-23,5099.3454,5099.3454,5018.3120,5018.8241,59067993503,684787473581.1600,0.901387,-1.773254
2023-08-24,5035.5586,5082.2056,5007.4693,5041.8812,64859686415,765986342819.1000,0.989738,0.459412
2023-08-25,5018.0517,5035.8760,4968.8222,4986.8980,66339139121,747053227757.7800,1.011834,-1.090529
2023-08-28,5258.4733,5258.4733,5025.9329,5038.8213,99329151945,1101398339342.8400,1.514688,1.041194
2023-08-29,5026.2323,5157.1100,5024.6876,5141.8389,88623133813,1010440306777.3500,1.350659,2.044478
2023-08-30,5153.7386,5186.6444,5133.7325,5154.8922,80197694580,950845461412.0200,1.222061,0.253864
2023-08-31,5149.6970,5155.1660,5116.2730,5124.9260,69181908973,798564466585.6000,1.054121,-0.581316
2023-09-01,5136.7497,5164.1671,5128.0892,5144.2804,63060735242,718033062862.5200,0.960342,0.377652
2023-09-04,5167.4464,5220.2545,5156.0495,5220.2545,76283391685,862982348891.3500,1.161654,1.476865
2023-09-05,5209.6541,5212.4963,5178.2811,5186.5009,66227277788,779734246178.7300,1.008502,-0.646589
2023-09-06,5170.1913,5196.9722,5152.0961,5191.6268,62183630092,746811702937.4600,0.946919,0.098832
2023-09-07,5180.7104,5180.7104,5110.7224,5110.9186,63996814080,745894630917.1600,0.974391,-1.554584
2023-09-08,5095.7313,5122.6807,5082.1978,5105.3541,55342412728,660580582403.6200,0.842523,-0.108875
2023-09-11,5109.8469,5175.7548,5093.3961,5153.5649,66503887815,819457560121.4400,1.012248,0.944318
2023-09-12,5149.4184,5166.6288,5138.6336,5146.9914,56172147649,691136317458.1000,0.854969,-0.127552
2023-09-13,5141.0359,5148.2771,5070.9970,5100.1110,58768184961,680698261314.9100,0.894433,-0.910831
2023-09-14,5098.8609,5104.9543,5059.8964,5082.8749,58123519010,649658614262.0300,0.884601,-0.337955
2023-09-15,5093.9162,5108.8780,5054.4505,5070.8147,60411613930,704779044734.5600,0.919302,-0.237271
2023-09-18,5056.1440,5105.5173,5039.6895,5092.1423,57453111115,683287130801.9200,0.873956,0.420595
2023-09-19,5086.0436,5086.0436,5048.4542,5064.0289,55064692226,620700935526.6400,0.837554,-0.552094
2023-09-20,5056.1610,5062.3815,5034.7074,5034.7300,49929757820,557337308022.1800,0.759336,-0.578569
2023-09-21,5024.0507,5044.1509,4995.4924,4995.4924,50393975540,564349431596.7500,0.765972,-0.779339
2023-09-22,4992.5618,5087.3991,4984.6186,5086.5269,62246906389,746491362537.7400,0.945936,1.822333
2023-09-25,5085.0122,5085.0122,5052.1166,5059.5145,58285193768,701741886960.0800,0.885222,-0.531058
2023-09-26,5053.7115,5066.7464,5035.4751,5035.4751,52295050743,652095376557.1700,0.793883,-0.475133
2023-09-27,5034.6967,5085.3908,5034.5128,5054.0380,56736544946,701987970630.1100,0.861272,0.368642
2023-09-28,5067.6581,5078.3354,5053.8923,5067.9721,57222271604,700758692066.9800,0.868441,0.275702
2023-10-09,5058.3715,5067.2085,5014.9070,5055.0159,63438767079,755976210967.0000,0.961788,-0.255649
2023-10-10,5067.6039,5074.8489,5027.8192,5031.1049,63387086029,761065581787.4300,0.960878,-0.473015
2023-10-11,5046.9418,5073.0402,5030.2306,5043.8348,65128859669,824400038278.7900,0.987234,0.253024
2023-10-12,5074.1048,5086.0797,5056.8550,5084.8111,66165536334,817980084695.9500,1.002654,0.812404
2023-10-13,5058.3145,5059.5693,5032.8755,5046.4187,64550115983,795081052217.6000,0.978125,-0.755041
2023-10-16,5049.2942,5049.6318,4982.7210,5001.6492,66903989310,798714292021.9500,1.013766,-0.887154
2023-10-17,5007.7322,5010.1872,4979.5202,5008.6922,61530037985,719250583078.7600,0.932201,0.140814
2023-10-18,4996.1436,4996.1436,4947.0354,4949.4291,64317617905,752737206840.8000,0.974403,-1.183205
2023-10-19,4922.3628,4938.6203,4871.7647,4872.2227,68005101095,797198467425.7600,1.030183,-1.559905
2023-10-20,4851.2495,4877.8814,4823.6260,4831.5146,61829471326,718999244478.2900,0.936528,-0.835514
2023-10-23,4815.2089,4815.2089,4724.0391,4748.1358,64526480694,708409011671.5200,0.977189,-1.725728
2023-10-24,4761.5449,4807.9830,4737.4290,4799.7094,69380094948,790889809225.3400,1.050646,1.086186
2023-10-25,4839.6699,4868.4790,4835.3086,4840.3882,75491561459,860292104524.4900,1.143150,0.847526
2023-10-26,4813.8322,4861.2569,4802.1399,4858.3051,70969223698,828717185926.1600,1.074583,0.370154
2023-10-27,4842.1885,4946.6444,4834.7545,4928.6935,78212343290,948543976677.6500,1.184148,1.448826
2023-10-30,4916.9452,4988.4745,4916.9091,4977.8280,83466832624,1021116263859.5200,1.263294,0.996907
2023-10-31,4975.5725,4976.9605,4936.3190,4957.2300,75782934531,902580039928.7000,1.146967,-0.413795
2023-11-01,4979.5355,4980.3349,4944.3152,4954.4429,66939953129,796039775592.6200,1.012786,-0.056223
2023-11-02,4960.6915,4974.8446,4914.8907,4914.9582,65256484275,752251741980.4300,0.987976,-0.796955
2023-11-03,4920.8738,4981.6118,4920.8738,4966.9017,66021371272,792497284939.7000,0.999541,1.056845
2023-11-06,4998.1321,5053.9597,4998.1321,5052.8677,86636524232,1046321232666.8800,1.311469,1.730777
2023-11-07,5043.9915,5069.0507,5029.0720,5057.0662,79743696567,975435179842.8400,1.206983,0.083091
2023-11-08,5049.6123,5077.1358,5029.1703,5058.6208,83196203290,1019827656496.8300,1.259227,0.030741
2023-11-09,5050.9033,5076.2774,5032.1816,5042.3421,76252249013,945942599911.5700,1.154052,-0.321801
2023-11-10,5021.7333,5025.9786,4998.3785,5017.8850,66094418869,812909062720.4000,1.000302,-0.485035
2023-11-13,5030.4960,5041.1731,5008.5810,5037.4881,69720012732,854067053125.4100,1.054925,0.390665
2023-11-14,5037.4347,5065.0775,5034.7115,5056.3905,72077938965,878663483365.6400,1.090600,0.375235
2023-11-15,5098.1336,5102.6206,5073.1496,5086.9462,76021147424,973863207879.6800,1.150243,0.604299
2023-11-16,5074.8237,5080.3481,5040.9060,5040.9060,68009237271,836591261780.5300,1.028984,-0.905066
2023-11-17,5028.3636,5058.1668,5021.8046,5057.2118,66748812266,812785794630.0200,1.009806,0.323470
2023-11-20,5062.0391,5091.7594,5039.1358,5086.0336,73046099218,910270928871.0700,1.105068,0.569915
2023-11-21,5096.4883,5119.8520,5065.8201,5074.1354,84448946350,987089766461.0000,1.277387,-0.233939
2023-11-22,5058.2692,5072.3680,5020.1080,5020.1080,76099899713,869177673406.5000,1.151065,-1.064761
2023-11-23,5014.6852,5058.0413,5001.7714,5056.2518,71320905803,820633156624.2100,1.078742,0.719981
2023-11-24,5054.0888,5054.0888,4999.5903,5009.1570,72452839908,810116048485.1100,1.095809,-0.931417
2023-11-27,5003.0335,5004.3798,4967.0861,4993.6878,72115150554,833467906626.2600,1.090523,-0.308818
2023-11-28,4988.1548,5014.1034,4971.3240,5013.6332,64434506042,771289020967.6000,0.974373,0.399412
2023-11-29,5012.2521,5013.3671,4971.2315,4977.7442,65611854471,770303088476.7300,0.992177,-0.715828
2023-11-30,4972.5110,4984.4359,4941.9630,4972.1407,65518859821,766840922938.8800,0.990418,-0.112571
2023-12-01,4969.2515,4992.0886,4940.1541,4981.7542,69161428466,826378615509.7100,1.044278,0.193347
2023-12-04,4982.8859,4993.2763,4965.3042,4965.4870,69541766117,842641891901.9200,1.049542,-0.326536
2023-12-05,4952.3598,4952.3598,4873.6144,4873.6144,68937711644,815679230966.0700,1.040137,-1.850223
2023-12-06,4863.2257,4920.4681,4858.4454,4890.0825,68938633956,810519948130.5000,1.040075,0.337903
2023-12-07,4884.0824,4899.3909,4858.2584,4881.5474,68473575295,815783600786.8600,0.000000,-0.174539
2023-12-08,4882.3270,4900.6123,4873.4012,4879.0710,79761134915,952853502190.9200,1.202827,-0.050730
2023-12-11,4854.8710,4928.1283,4816.7317,4922.6156,76856666204,903417011837.3200,1.158962,0.892477
2023-12-12,4915.5711,4935.3748,4910.9037,4933.7305,65412550602,779933422084.1500,0.815950,0.225793
2023-12-13,4924.3146,4924.3146,4874.6394,4874.6394,64318077271,763931756398.0000,0.969875,-1.197696
2023-12-14,4895.2383,4915.5897,4852.0047,4853.3868,63255618748,735806510927.8100,0.953818,-0.435983
2023-12-15,4866.0850,4884.4216,4823.7266,4831.5885,64014143037,729659817220.8200,0.965155,-0.449136
2023-12-18,4818.0020,4831.5523,4778.4688,4787.7173,63850424170,689654120134.3300,0.962617,-0.908008
2023-12-19,4783.0516,4808.8057,4759.9297,4792.7106,57806412808,640807819670.7500,0.871492,0.104294
2023-12-20,4797.6793,4802.7775,4735.1173,4735.1173,58327239682,661257643222.9600,0.879301,-1.201685
2023-12-21,4716.4858,4783.9333,4696.4302,4772.4020,64047526464,732662513025.6200,0.965404,0.787408
2023-12-22,4770.9993,4796.2906,4731.6044,4745.6571,68059041005,771586697452.3000,1.025764,-0.560408
2023-12-25,4736.9943,4757.3479,4724.0738,4750.4896,53393324282,604802766775.6100,0.804323,0.101830
2023-12-26,4748.2321,4748.2321,4688.0643,4701.9090,53006248604,606386004377.6400,0.798387,-1.022644
2023-12-27,4705.2026,4732.7039,4687.2044,4726.5694,56338597749,632560489199.8700,0.848447,0.524476
2023-12-28,4721.9351,4837.7390,4714.6478,4823.0260,73925539825,880195509592.8500,1.113117,2.040732
2023-12-29,4817.9127,4870.3957,4816.7023,4870.3757,67543731495,818718068271.1100,1.016893,0.981743
2024-01-02,4868.8786,4868.8786,4835.1866,4835.1866,68542646626,790055778970.8300,1.031458,-0.722513
2024-01-03,4824.2556,4839.7579,4792.3555,4818.9992,64592844399,736552435402.0300,0.971891,-0.334783
2024-01-04,4813.4859,4813.4859,4759.1449,4782.8530,58536510383,672126483843.0800,0.880694,-0.750077
2024-01-05,4777.4981,4799.1850,4704.7622,4725.7106,65610041233,733860853762.7500,0.987048,-1.194735
2024-01-08,4715.8961,4720.0374,4644.1358,4644.1358,60109143325,656334989641.5100,0.903780,-1.726191
2024-01-09,4648.7082,4685.0389,4629.1054,4657.0311,60713621471,672798836082.3800,0.912857,0.277668
2024-01-10,4643.9658,4676.3152,4601.5252,4627.3471,57815915648,643036052066.1500,0.869212,-0.637402
2024-01-11,4623.4798,4697.3210,4618.7744,4681.1505,63189138481,705154064237.5200,0.949982,1.162727
2024-01-12,4670.1178,4705.6834,4655.7851,4655.8210,62453321433,673194658835.6800,0.938861,-0.541096
2024-01-15,4638.4660,4684.4820,4622.3288,4648.0708,55941368949,606580162175.0100,0.840823,-0.166463
2024-01-16,4641.6356,4660.5753,4594.0445,4654.0286,64164933080,680759322670.2400,0.964239,0.128178
2024-01-17,4643.3268,4643.3268,4542.5084,4542.5084,58622296794,634768716889.8800,0.880929,-2.396208
2024-01-18,4518.8174,4568.1369,4431.9794,4565.1788,82063912543,859030189908.8200,1.232905,0.499072
2024-01-19,4553.2202,4576.6236,4522.9730,4532.6402,59186179415,663571872808.4400,0.889124,-0.712756
2024-01-22,4522.9923,4522.9923,4335.5420,4366.2969,75882565934,789669996161.4900,1.139695,-3.669899
2024-01-23,4353.6233,4421.4383,4315.8035,4400.3522,67396924066,699314085791.0800,1.012221,0.779958
2024-01-24,4418.8483,4466.2489,4321.7289,4460.8082,76101017711,760829222301.6900,1.142847,1.373890
2024-01-25,4459.2530,4581.0248,4445.3125,4580.0478,86297383705,887025158932.0400,1.295955,2.673049
2024-01-26,4564.6785,4597.0871,4543.8227,4558.1268,82009641929,824463340055.1600,1.231419,-0.478619
2024-01-29,4562.6461,4575.4795,4472.5270,4472.5270,79313651408,799573978657.6500,1.190618,-1.877960
2024-01-30,4444.1139,4457.9200,4365.7337,4368.1397,66022531134,656821146184.2500,0.991043,-2.333967
2024-01-31,4344.4772,4371.7782,4255.0400,4261.0354,79644638031,753968307042.3600,1.195347,-2.451943
2024-02-01,4238.1336,4308.6212,4197.1176,4241.8023,74028676584,699334955469.6700,1.110507,-0.451372
2024-02-02,4245.5949,4275.0820,4029.8212,4140.2702,88291240638,801462514024.8200,1.324947,-2.393608
2024-02-05,4111.0161,4124.5096,3919.3559,4029.8489,100787324110,873710991591.6200,1.511989,-2.667007
2024-02-06,3983.6728,4235.9951,3964.5616,4207.6679,108079730508,922631136995.9900,1.621322,4.412548
2024-02-07,4213.3322,4305.5597,4185.0340,4280.1879,115188014593,1016937435295.6100,1.727900,1.723520
2024-02-08,4293.7321,4389.5802,4289.1610,4380.5313,114199336919,1008195660470.6100,1.712926,2.344369
2024-02-19,4430.6477,4443.6614,4387.7013,4442.9566,100379370256,950371578687.2300,1.504994,1.425062
2024-02-20,4427.4416,4468.5786,4398.5953,4461.5652,77947611993,785538003687.1700,1.168556,0.418834
2024-02-21,4428.7749,4586.0258,4414.3253,4507.9367,97345714744,974821607802.0200,1.459375,1.039355
2024-02-22,4502.6313,4563.8003,4498.5266,4563.8003,79884897129,817607940339.6600,1.197601,1.239228
2024-02-23,4575.1844,4608.3977,4545.8462,4605.1077,88494651686,916212458168.1700,1.326590,0.905110
2024-02-26,4606.9820,4647.7562,4580.3536,4599.9942,94999253696,980249832954.3700,1.423669,-0.111040
2024-02-27,4582.4475,4689.1426,4572.1739,4689.1426,89226107965,985169971007.9700,1.336899,1.938011
2024-02-28,4696.6400,4738.1051,4549.3629,4549.3629,129159721839,1348561204183.9200,1.935200,-2.980922
2024-02-29,4523.1724,4677.1771,4523.1724,4677.1771,96207673888,1047066034808.2800,1.441443,2.809497
2024-03-01,4681.7110,4724.3607,4659.9487,4716.4986,90582789208,1049099606107.1600,1.356461,0.840710
2024-03-04,4721.5914,4732.8333,4671.3643,4727.7532,90432170921,1070733995335.9700,1.354574,0.238622
2024-03-05,4701.2413,4728.3130,4687.3235,4715.6014,88146919507,1060633457389.2900,1.320302,-0.257031
2024-03-06,4698.9367,4755.7540,4681.4441,4717.5770,79362196633,925786821063.1500,1.188693,0.041895
2024-03-07,4719.7373,4750.2804,4673.6908,4673.9168,87039052512,973817447924.8300,1.303675,-0.925479
2024-03-08,4675.3306,4721.4244,4653.9351,4714.2719,74126671379,852794255636.8700,1.110116,0.863411
2024-03-11,4710.8962,4788.2657,4710.7116,4788.2657,84161476190,999280762152.8300,1.260243,1.569570
2024-03-12,4794.5769,4819.3086,4765.3895,4805.7745,96712646622,1137868608174.2700,1.251514,0.365661
2024-03-13,4805.2495,4825.3639,4771.4099,4794.4042,87922752904,1046676605180.1500,1.316515,-0.236597
2024-03-14,4792.5993,4821.5527,4738.0424,4773.4417,85853817769,999680261894.7000,1.285530,-0.437228
2024-03-15,4761.7792,4810.6260,4744.9879,4809.2823,82676698125,941101941599.9400,1.237945,0.750834
2024-03-18,4822.4786,4874.5195,4820.4042,4874.5195,95727536614,1132178976638.9000,1.433254,1.356485
2024-03-19,4861.9741,4887.0956,4842.3211,4842.3211,90447650561,1071043234388.1900,1.354198,-0.660545
2024-03-20,4832.7956,4870.4132,4832.7956,4867.8151,84694372229,991085302853.0500,1.268018,0.526483
2024-03-21,4878.2195,4888.1144,4845.2775,4863.3699,91098100710,1058262600142.0100,1.363647,-0.091318
2024-03-22,4851.2418,4857.2666,4774.6017,4808.4087,94456994031,1088017505337.0400,1.413802,-1.130105
2024-03-25,4795.3268,4825.9784,4739.5045,4739.5045,90022719798,1035126342068.4000,1.347195,-1.432994
2024-03-26,4735.1982,4761.1309,4698.1903,4744.6045,81539813503,948840537423.4000,1.220006,0.107606
2024-03-27,4736.7500,4736.9601,4642.1685,4642.1685,79786135422,882936727768.2600,1.193729,-2.159000
2024-03-28,4636.6545,4743.5507,4636.6545,4701.8995,82066578978,923524732800.3100,1.227806,1.286705
2024-03-29,4698.6346,4740.1644,4692.1245,4740.1102,76955082128,850305120043.9700,1.151004,0.812665
2024-04-01,4758.3801,4830.3152,4758.3801,4830.2244,87810168940,991315018502.8100,1.312869,1.901099
2024-04-02,4827.4451,4827.4451,4790.1415,4810.2068,88417922899,958987654118.0700,1.319977,-0.414424
2024-04-03,4803.4165,4807.4367,4766.5452,4786.8439,84263245713,910120748064.5100,1.257930,-0.485694
2024-04-08,4769.9300,4779.0357,4719.5743,4719.7550,86771025697,922917809041.1900,1.295264,-1.401527
2024-04-09,4714.6447,4745.3904,4702.4284,4744.4804,73133510975,788439549282.2200,1.091435,0.523870
2024-04-10,4737.0736,4737.3996,4654.3045,4681.7468,78170454100,824523816241.6800,1.166418,-1.322244
2024-04-11,4652.9631,4725.1056,4649.2077,4689.0479,74867331281,806257337699.6600,1.117019,0.155948
2024-04-12,4690.5220,4708.9459,4649.0850,4656.0859,73844153628,803533967958.3400,1.101645,-0.702957
2024-04-15,4645.6766,4701.4656,4588.9720,4670.6593,99285159741,989199260392.2000,1.480579,0.312997
2024-04-16,4642.1552,4652.3114,4532.1213,4534.3687,97233315156,940867314730.2600,1.449908,-2.918016
2024-04-17,4548.5360,4672.9285,4548.5360,4672.9285,90810351080,911715684864.0600,1.354083,3.055768
2024-04-18,4658.0714,4720.4398,4642.3916,4674.6938,88950299015,945076676881.7900,1.326293,0.037777
2024-04-19,4650.1064,4680.1447,4621.5590,4644.4722,80493195320,856161219733.4900,1.200109,-0.646494
2024-04-22,4627.8786,4665.9639,4610.1964,4621.6532,76412247017,817853829722.2600,1.138784,-0.491315
2024-04-23,4615.4466,4631.0700,4589.5106,4599.3524,71232762096,771623726401.3800,1.061519,-0.482529
2024-04-24,4605.0387,4647.0800,4593.8432,4647.0800,71455763149,791114655243.0600,1.064678,1.037703
2024-04-25,4630.4850,4680.8791,4626.9446,4655.6969,69888744056,768095488730.8700,1.041321,0.185426
2024-04-26,4654.1620,4739.1803,4654.1620,4735.0497,96393090873,1079431852493.6000,1.435866,1.704424
2024-04-29,4737.2722,4829.7513,4737.2722,4818.9107,107074403821,1205127262956.9400,1.594158,1.771069
2024-04-30,4815.2135,4822.7659,4788.6805,4791.1751,94819952046,1024953117575.5000,1.411470,-0.575557
2024-05-06,4850.6276,4877.7759,4848.8789,4874.3062,96011109789,1096202395385.1100,1.436459,1.735088
2024-05-07,4874.4160,4889.3636,4862.4459,4883.3256,84829532332,961943539701.0300,1.268955,0.185040
2024-05-08,4871.3534,4871.3534,4827.5921,4830.9787,76918210327,857614787626.3500,1.150502,-1.071952
2024-05-09,4831.3558,4898.8150,4831.3558,4891.8474,78667175932,893144819329.0700,1.176622,1.259966
2024-05-10,4898.1398,4905.1662,4847.8434,4873.8573,82451354251,903654214402.9200,1.233221,-0.367757
2024-05-13,4844.5662,4865.0098,4815.9787,4845.7416,82329415141,901830053363.2900,1.230829,-0.576868
2024-05-14,4850.2511,4873.3994,4835.4565,4852.5124,73751120505,816325027545.9500,1.102527,0.139727
2024-05-15,4846.3962,4847.6085,4808.2795,4811.7619,70266238745,751003561828.5200,1.050420,-0.839781
2024-05-16,4824.6028,4851.0773,4810.6541,4822.1365,78618940806,836259145500.9400,1.175219,0.215609
2024-05-17,4820.5029,4877.5179,4811.7979,4877.5179,82857859612,875483518200.4100,1.238386,1.148483
2024-05-20,4880.9770,4909.3600,4879.7952,4899.6802,91331778571,983473064854.7100,1.364518,0.454377
2024-05-21,4890.0010,4890.7146,4852.9047,4868.2508,74727157223,789718817941.0500,1.116272,-0.641458
2024-05-22,4866.9336,4884.8450,4861.1956,4877.2844,76147586306,820847915535.4100,1.137440,0.185562
2024-05-23,4861.6029,4861.6029,4788.5709,4798.5292,78991515433,839402997010.2100,1.179844,-1.614735
2024-05-24,4787.1749,4818.7619,4746.9850,4748.0935,68218790375,753119290140.9100,1.018829,-1.051066
2024-05-27,4755.8309,4795.6312,4729.9842,4794.1189,69366501900,763460697316.6200,1.035365,0.969345
2024-05-28,4787.6450,4796.0709,4748.8788,4753.5147,68519108884,732271463190.3900,1.022625,-0.846959
2024-05-29,4750.0105,4785.8770,4743.7503,4761.7860,66134363496,700065472937.8900,0.986810,0.174004
2024-05-30,4752.1125,4776.6887,4729.6887,4738.9453,66963649351,715316282367.4600,0.999111,-0.479667
2024-05-31,4743.8088,4772.1046,4740.0435,4740.0435,64476332488,707155331809.1200,0.961842,0.023174
2024-06-03,4736.9989,4748.8098,4686.0757,4716.0158,77646399079,822364691889.0500,1.161481,-0.506909
2024-06-04,4704.9805,4747.2443,4684.2508,4740.0408,70183279706,739323674632.7300,1.049736,0.509434
2024-06-05,4730.3016,4745.6552,4691.2128,4691.2139,64886120542,678996758620.0000,0.970379,-1.030095
2024-06-06,4700.5458,4713.7160,4624.4385,4637.4035,83888622918,836037395211.4500,1.254284,-1.147046
2024-06-07,4654.6653,4677.1880,4604.6659,4643.0866,67842620259,706376899284.2400,1.013834,0.122549
2024-06-11,4621.7570,4645.8852,4595.3730,4636.3480,63754834727,693951920218.9200,0.950492,-0.145132
2024-06-12,4631.1594,4664.5322,4630.2200,4655.6375,61060697017,680652657612.9200,0.910256,0.416049
2024-06-13,4660.1900,4661.7621,4623.8537,4632.2679,64640654698,739323007105.0700,0.963359,-0.501963
2024-06-14,4622.9933,4655.0081,4610.3654,4649.0199,71361543860,836414608047.2600,1.063194,0.361637
2024-06-17,4626.3641,4651.8386,4622.9533,4641.9969,62994523070,742169677028.8600,0.938316,-0.151064
2024-06-18,4640.9582,4673.6931,4640.9582,4670.7867,63361514325,727678393506.8400,0.943348,0.620203
2024-06-19,4675.3543,4676.3426,4639.6960,4641.8568,59936547758,695978301172.2000,0.892291,-0.619380
2024-06-20,4636.5449,4650.8962,4580.6914,4583.5807,65372727306,711692174749.6300,0.973001,-1.255448
2024-06-21,4572.3820,4599.3683,4556.7013,4579.5102,55899962119,611762541787.3700,0.831944,-0.088806
2024-06-24,4551.6207,4554.8112,4495.3809,4497.7513,65455223543,688444104759.0600,0.973861,-1.785320
2024-06-25,4496.1512,4512.9300,4446.4213,4472.4404,60237174204,642659464876.7100,0.896049,-0.562746
2024-06-26,4466.5808,4546.3011,4451.6665,4541.2314,63059819634,634822454160.7100,0.937974,1.538109
2024-06-27,4525.2207,4525.2207,4479.9270,4479.9270,59937559463,619286743904.0300,0.891386,-1.349951
2024-06-28,4470.1202,4542.8782,4470.1202,4499.1270,66402782716,696790650511.9800,0.987405,0.428578
2024-07-01,4496.2232,4538.4795,4471.8338,4532.8354,62583607180,652706661857.1800,0.925590,0.749221
2024-07-02,4528.5758,4543.5616,4503.8633,4516.0049,63295726009,639599216664.0800,0.936514,-0.371302
2024-07-03,4513.8882,4516.2902,4483.9710,4490.8721,57063016691,573946570960.4100,0.844073,-0.556527
2024-07-04,4495.9708,4510.4199,4430.1128,4432.5620,60564314438,576776536059.7300,0.787538,-1.298414
2024-07-05,4428.8278,4454.2721,4389.8948,4444.8033,57068628326,568167656915.2200,0.843986,0.276168
2024-07-08,4434.6636,4434.6636,4367.9676,4377.7086,59241124452,576404692509.7400,0.875548,-1.509509
2024-07-09,4374.2182,4457.8190,4344.5504,4448.3249,69648229090,718804855697.6600,1.029242,1.613088
2024-07-10,4433.0347,4464.5512,4423.1917,4430.2393,64312153157,672555616744.1900,0.950280,-0.406571
2024-07-11,4479.4566,4517.2288,4462.7641,4515.8062,73822033672,781738078725.4600,1.090746,1.931428
2024-07-12,4509.6665,4527.4895,4502.7186,4514.6473,65498645914,682088376392.6500,0.967481,-0.025663
2024-07-15,4503.0205,4508.1078,4483.9117,4492.2399,58702596211,598083510570.1100,0.867043,-0.496327
2024-07-16,4484.8578,4515.8861,4476.1949,4514.0297,57185680548,638311409986.3400,0.844609,0.485054
2024-07-17,4510.1151,4515.4397,4485.9970,4493.3804,61383813878,679246431811.9300,0.906504,-0.457447
2024-07-18,4466.7741,4511.9617,4441.5340,4511.3772,60712470715,672543658207.0400,0.896562,0.400518
2024-07-19,4489.8242,4538.4592,4485.5736,4529.0469,58436705748,667650686907.4000,0.862834,0.391670
2024-07-22,4528.5833,4533.1056,4492.1074,4518.5012,58205180160,652434053199.8700,0.859094,-0.232846
2024-07-23,4514.8968,4514.9893,4414.1390,4414.1391,62613258557,656709691899.0900,0.924159,-2.309662
2024-07-24,4403.0772,4427.0296,4361.1220,4369.9204,63168990791,623408786187.6200,0.932253,-1.001751
2024-07-25,4349.2148,4383.6538,4336.9570,4360.3212,56720871810,585757880566.8900,0.837059,-0.219665
2024-07-26,4368.9501,4411.7352,4368.9501,4404.4569,59157124420,602601178601.0200,0.872894,1.012212
2024-07-29,4404.7748,4407.3275,4385.1074,4390.0574,56780254953,583275081539.3900,0.837692,-0.326930
2024-07-30,4378.7465,4389.4236,4351.8607,4382.0270,59097293380,596510356813.2600,0.871839,-0.182922
2024-07-31,4376.6181,4511.5655,4375.1966,4510.6220,88401563056,898429299422.9500,1.304140,2.934601
2024-08-01,4514.0301,4531.1657,4482.0697,4491.5709,75889712125,776818996772.2800,1.116086,-0.422361
2024-08-02,4458.4663,4498.9416,4433.9258,4438.4448,71280315397,717011464578.3000,1.049870,-1.182796
2024-08-05,4408.4537,4475.1532,4356.9635,4356.9635,78977156172,784289381887.9500,1.162986,-1.835807
2024-08-06,4394.4422,4413.1414,4351.5669,4390.0866,67784570569,647814950744.6000,0.998134,0.760234
2024-08-07,4384.3243,4415.2162,4373.9598,4389.2966,60020142475,585913796779.6500,0.883800,-0.017995
2024-08-08,4375.4908,4417.0704,4346.3112,4386.4220,65682851261,613626109572.8000,0.967121,-0.065491
2024-08-09,4405.3987,4422.3814,4363.9417,4363.9417,62867702991,556426733031.0800,0.925594,-0.512497
2024-08-12,4359.1943,4370.4160,4337.4783,4348.5266,56486797802,491568720404.5900,0.831436,-0.353238
2024-08-13,4348.3771,4366.2378,4325.0449,4366.2378,52361105598,473093529083.9300,0.770717,0.407292
2024-08-14,4365.2870,4365.3995,4330.4896,4330.4896,51148264063,473153288583.1800,0.752857,-0.818741
2024-08-15,4320.2286,4396.6743,4315.5118,4370.7040,65581239866,587368397847.0400,0.965143,0.928634
2024-08-16,4373.7248,4387.5493,4357.3461,4362.9541,64398608284,586146553713.4400,0.947649,-0.177315
2024-08-19,4358.3261,4402.1321,4358.3261,4368.9054,62096761478,566288066724.4800,0.912952,0.136405
2024-08-20,4371.0698,4372.4229,4303.4107,4316.3013,63292523539,554359844347.5500,0.930442,-1.204057
2024-08-21,4302.9534,4323.0981,4296.1946,4300.7578,55817796470,504914770010.5100,0.820536,-0.360112
2024-08-22,4301.6564,4306.8076,4261.3951,4266.1404,59209185730,544800526233.1700,0.870359,-0.804914
2024-08-23,4256.8307,4286.9826,4248.2869,4273.8048,55459677496,505612869521.0100,0.815176,0.179657
2024-08-26,4277.6425,4291.0428,4267.9730,4284.4392,55722642020,521769887087.4000,0.818812,0.248827
2024-08-27,4272.3037,4272.3037,4236.6408,4243.9487,55433634942,506748303584.3400,0.814390,-0.945060
2024-08-28,4235.3270,4255.5281,4227.0654,4237.8799,53716262098,489511063531.6000,0.789158,-0.142999
2024-08-29,4221.1393,4274.6080,4217.1973,4261.4207,63695489535,600223648789.5200,0.935666,0.555485
2024-08-30,4258.0546,4377.4098,4258.0546,4330.7534,89995493293,870430559617.8800,1.321930,1.626986
2024-09-02,4319.8543,4324.2607,4253.5066,4253.5237,75638797215,700037100486.1500,1.114004,-1.783286
2024-09-03,4249.7968,4293.1528,4249.7968,4280.0783,62502617661,573272209886.2000,0.920519,0.624297
2024-09-04,4253.4824,4287.5016,4247.4562,4254.9527,59252009357,550510871940.5300,0.872630,-0.587036
2024-09-05,4256.7989,4289.8966,4256.5995,4273.8028,57249216433,529309702314.1200,0.843084,0.443016
2024-09-06,4277.5084,4284.3727,4221.3698,4221.8668,59394056949,535332015814.4500,0.874645,-1.215218
2024-09-09,4202.1080,4212.3218,4168.7464,4185.5392,57357011483,513026751943.1900,0.844087,-0.860463
2024-09-10,4187.6955,4208.2644,4141.7646,4194.0187,59374301448,522738025656.9500,0.873744,0.202590
2024-09-11,4180.1107,4199.8375,4167.6143,4184.5817,53994330833,495042271464.8700,0.794437,-0.225011
2024-09-12,4188.7338,4216.2943,4169.2400,4169.3790,56107225403,510578278097.5500,0.825485,-0.363303
2024-09-13,4171.9995,4182.5808,4137.4136,4137.4136,58473571116,520083946873.3200,0.860256,-0.766671
2024-09-18,4136.8232,4153.1211,4097.0132,4140.4887,56784996148,475773810842.9800,0.835183,0.074324
2024-09-19,4153.9887,4220.7571,4123.5581,4194.2872,71371223118,622938106172.1300,1.049719,1.299327
2024-09-20,4191.4300,4197.3011,4161.7424,4190.7063,65374735779,570356272283.5900,0.961443,-0.085376
2024-09-23,4188.9243,4223.6375,4180.0627,4200.2734,60912580969,546999984226.1600,0.895695,0.228293
2024-09-24,4230.6943,4370.3891,4208.3520,4370.3891,104722121551,966859371657.0800,1.539872,4.050110
2024-09-25,4425.6287,4517.9134,4417.4620,4426.4604,126125165185,1151990669855.6600,1.854515,1.282982
2024-09-26,4421.0222,4604.9238,4415.4332,4604.9237,125870804120,1155115471379.5500,1.850662,4.031738
2024-09-27,4689.2959,4843.7318,4673.1424,4827.2298,141523026055,1441950750332.7400,2.080400,4.827574
2024-09-30,5029.8555,5319.3923,4960.5441,5295.6992,238364037377,2582802721747.9200,3.493722,9.704725
2024-10-08,5913.9308,5913.9308,5408.1931,5673.4782,285826112957,3438502721073.8900,4.191488,7.133694
2024-10-09,5540.1992,5579.4624,5234.9469,5250.2393,224417490205,2939199072704.4100,3.290624,-7.459955
2024-10-10,5285.7120,5413.7532,5162.5362,5259.2913,177785689362,2141328970115.3500,2.606534,0.172411
2024-10-11,5220.6338,5220.6338,5026.9024,5082.3296,135347525123,1564661599794.1500,1.984202,-3.364744
2024-10-14,5115.5192,5226.1764,5044.2823,5213.5199,138485747973,1632674706189.7900,2.030136,2.581302
2024-10-15,5186.3886,5253.8932,5096.0090,5096.0090,135282184278,1634736666657.4700,1.982991,-2.253965
2024-10-16,5026.3499,5148.0588,5025.3686,5086.1033,120114854834,1368973193526.0500,1.760661,-0.194382
2024-10-17,5118.5228,5160.3484,5047.4937,5047.9442,128274545840,1499532730688.9200,1.880080,-0.750262
2024-10-18,5038.8632,5342.7868,5032.3184,5239.6496,163934671292,2108132748757.4700,2.402462,3.797693
2024-10-21,5273.6525,5364.8152,5229.1549,5298.6057,163175186697,2205561580051.9100,2.390850,1.125192
2024-10-22,5292.9485,5358.6047,5272.3999,5333.7391,150124694909,1941180554375.6200,2.199582,0.663069
2024-10-23,5326.7246,5416.0733,5309.5147,5352.2399,156336420860,1947396914203.3500,2.290557,0.346864
2024-10-24,5323.7463,5337.0527,5287.8733,5310.4199,125962356423,1539652894448.6800,1.845425,-0.781355
2024-10-25,5319.4584,5423.4120,5319.4584,5380.1791,145907662417,1805346348130.8000,2.137516,1.313629
2024-10-28,5384.7864,5442.3532,5358.0289,5442.3532,162258942482,1883192328897.2500,2.376617,1.155614
2024-10-29,5458.9013,5473.2332,5375.2213,5376.8246,174708677244,2087347351505.9500,2.558757,-1.204049
2024-10-30,5350.2330,5401.1287,5320.0130,5368.4864,158539314301,1869248089871.6500,2.321934,-0.155077
2024-10-31,5373.1116,5442.8307,5348.4087,5411.8679,187240206678,2236232386059.3900,2.742193,0.808077
2024-11-01,5400.7345,5426.7609,5316.5931,5329.9877,201792920347,2245701518048.1700,2.954393,-1.512975
2024-11-04,5327.6198,5420.4293,5327.6198,5420.4293,148022127437,1706401075495.8200,2.167176,1.696844
2024-11-05,5417.1985,5585.0136,5407.5269,5580.8460,189509525423,2329467151326.0300,2.774464,2.959483
2024-11-06,5598.6187,5660.3695,5552.3974,5586.1754,210462110187,2598704041697.9300,3.081079,0.095494
2024-11-07,5538.6768,5727.8612,5531.7281,5727.8612,216794671103,2535998886271.7400,3.173695,2.536365
2024-11-08,5790.5683,5808.5565,5690.8686,5705.0045,220299936480,2705394257524.3000,3.224863,-0.399044
2024-11-11,5673.6436,5787.1598,5669.3825,5786.3695,192575016779,2521970169028.2600,2.817641,1.426204
2024-11-12,5794.0878,5832.0112,5672.4859,5718.7859,192837737995,2558723821188.0300,2.821414,-1.167979
2024-11-13,5685.1539,5738.4104,5644.3469,5734.6057,155295574446,2013436238228.5600,2.272313,0.276629
2024-11-14,5719.4325,5730.2102,5588.5905,5595.2638,143606629358,1842754816325.0700,2.101206,-2.429843
2024-11-15,5573.9619,5620.2458,5479.1796,5479.1796,144777329154,1838410591072.2400,2.118069,-2.074687
2024-11-18,5499.0302,5527.2781,5371.6489,5401.5256,160218145325,1777503066990.5100,2.343056,-1.417256
2024-11-19,5404.9941,5485.9564,5344.5636,5485.8973,138605031012,1579619095855.7900,2.026940,1.561998
2024-11-20,5471.3802,5562.7163,5464.7685,5545.9437,137106745598,1632871502649.1100,2.005009,1.094559
2024-11-21,5535.2078,5573.2470,5510.2598,5553.7366,133969394218,1636889912964.0600,1.958915,0.140515
2024-11-22,5542.4028,5557.7210,5365.5177,5365.5177,154382058345,1811100316558.7800,2.257111,-3.389050
2024-11-25,5377.0148,5394.6411,5297.5037,5368.9064,129708951836,1506183900196.1000,1.895823,0.063157
2024-11-26,5355.3794,5401.0287,5331.3541,5333.5239,117329886330,1316796070813.7800,1.714754,-0.659026
2024-11-27,5309.5754,5433.4297,5258.9226,5433.3831,129312297281,1469403217346.6900,1.889412,1.872293
2024-11-28,5433.4962,5456.0627,5395.7405,5404.2646,135292743417,1508602989068.0600,1.976638,-0.535918
2024-11-29,5394.9394,5532.9275,5388.1987,5481.0477,146082618965,1725495823709.9000,2.134176,1.420787
2024-12-02,5479.9000,5572.2433,5476.6369,5563.1884,159695895592,1807060483324.7100,2.335339,1.498631
2024-12-03,5566.9278,5589.1364,5521.1949,5567.0303,159094526872,1737343718047.2100,2.326312,0.069059
2024-12-04,5561.7250,5574.7938,5491.7013,5514.3186,153814119502,1676462129704.0500,2.249006,-0.946855
2024-12-05,5494.1736,5554.8087,5494.1736,5542.0093,137719887573,1507957648964.9600,2.013592,0.502160
2024-12-06,5547.3804,5635.0245,5525.3056,5606.9153,170817881084,1796962909270.8700,2.497488,1.171164
2024-12-09,5604.3470,5629.6972,5551.9555,5586.6992,163015654145,1642294576406.5000,2.382677,-0.360557
2024-12-10,5760.4055,5766.7088,5620.3090,5629.2083,194662440761,2207601887699.4500,2.845182,0.760898
2024-12-11,5613.5118,5665.4653,5613.4249,5661.2920,167951112405,1781550630441.1900,2.454752,0.569950
2024-12-12,5660.7192,5716.2283,5638.7225,5713.0385,172225213298,1868707339949.1500,2.517122,0.914040
2024-12-13,5676.0481,5676.0481,5592.6165,5594.2985,183445783490,2071907486904.7600,2.681038,-2.078404
2024-12-16,5592.4004,5601.7745,5529.9548,5550.1621,153195900323,1702037487287.5900,2.238611,-0.788953
2024-12-17,5539.2942,5557.5496,5471.9599,5478.5795,140831988653,1511001601042.2900,2.057933,-1.289739
2024-12-18,5489.9730,5543.5116,5475.4342,5513.2530,123827971862,1362787100032.4900,0.000000,0.632892
2024-12-19,5460.9641,5532.1008,5449.7907,5518.9256,126148015722,1451753622342.6700,1.843248,0.102890
2024-12-20,5509.7086,5574.9120,5509.7086,5534.7835,120900596080,1516667529532.9100,1.766563,0.287337
2024-12-23,5531.6903,5542.9292,5439.2294,5445.0391,133286582688,1529795423848.5000,1.946774,-1.621462
2024-12-24,5451.7188,5508.3447,5442.1762,5507.8806,111935707783,1304715981567.7800,1.634525,1.154106
2024-12-25,5507.1944,5508.5725,5428.4797,5464.3644,112388861627,1280795400706.2700,1.640939,-0.790072
2024-12-26,5456.2595,5510.1780,5451.3306,5496.4469,100142673026,1272550849350.0300,1.461945,0.587122
2024-12-27,5498.2001,5555.8450,5488.4581,5503.2297,116472147174,1433005645416.4900,1.700237,0.123403
2024-12-30,5494.6759,5517.1254,5473.6683,5498.0625,104451154957,1270115409577.2400,1.524414,-0.093894
2024-12-31,5498.6358,5505.3404,5374.6047,5374.6047,112954429363,1342443233062.1200,1.648429,-2.245478
2025-01-02,5367.7453,5372.4518,5192.7293,5232.7939,122260201594,1392840878596.8600,1.784031,-2.638535
2025-01-03,5240.9553,5252.6866,5111.7747,5117.3100,118177906718,1262482566085.1300,1.724129,-2.206926
2025-01-06,5110.2638,5145.2239,5067.3452,5102.5265,100024752859,1056252943634.1600,1.459138,-0.288892
2025-01-07,5099.4454,5170.6452,5088.2270,5169.4783,98314929360,1075205495653.1200,1.434225,1.312130
2025-01-08,5148.7677,5193.5055,5047.6087,5161.2379,113979975572,1243372915130.3400,1.662741,-0.159405
2025-01-09,5142.0838,5188.9288,5137.4521,5161.4058,97274783503,1113429530455.1100,1.418931,0.003253
2025-01-10,5156.8240,5184.3189,5068.5759,5068.5764,100182674291,1144210272004.2600,1.461305,-1.798529
2025-01-13,5020.6729,5093.7078,5016.8068,5064.9927,86261780527,962162955402.1500,1.258221,-0.070704
2025-01-14,5079.0086,5250.8624,5070.5719,5246.7603,114879299136,1356635183502.0600,1.675478,3.588704
2025-01-15,5238.3366,5250.0991,5204.0838,5215.1389,102178356490,1195610343453.1000,1.490221,-0.602684
2025-01-16,5239.4409,5302.9636,5193.7536,5233.3082,109921731083,1279195664549.3900,1.603108,0.348395
2025-01-17,5214.5193,5281.9746,5206.4510,5250.9603,94758642688,1139180378856.7900,1.381965,0.337303
2025-01-20,5284.0548,5319.8563,5267.1354,5282.1701,97990228613,1185783382922.2500,1.428591,0.594364
2025-01-21,5308.7525,5311.5299,5253.8583,5291.0082,96999470466,1205858658487.2300,1.413887,0.167319
2025-01-22,5271.7928,5271.7928,5224.1937,5242.0869,88511981335,1134357465215.3700,1.290170,-0.924612
2025-01-23,5290.9376,5345.8580,5238.4474,5238.4474,109169124084,1353063088995.6600,1.591090,-0.069428
2025-01-24,5225.5548,5303.2772,5225.5548,5297.2964,97300516479,1221152359187.2300,1.417717,1.123405
2025-01-27,5306.2520,5324.1327,5250.1163,5250.1163,90528490239,1114037180859.1300,1.318113,-0.890645
2025-02-05,5293.3660,5295.6118,5238.2770,5257.9912,97711352374,1287847951397.5600,1.420879,0.149995
2025-02-06,5249.8102,5360.0162,5244.3215,5359.8344,116173014813,1540980542488.4100,1.688893,1.936922
2025-02-07,5361.9725,5480.7719,5354.3222,5436.9338,147577630741,1975318110088.5200,2.145444,1.438466
2025-02-10,5450.3764,5489.3842,5429.9404,5487.0891,135487082098,1745410482758.8300,1.969652,0.922492
2025-02-11,5489.6163,5489.6163,5442.4886,5464.6252,127693417151,1663375182761.2900,1.855973,-0.409396
2025-02-12,5451.5715,5529.5338,5449.0132,5529.5337,126841387806,1698620098461.9800,1.843433,1.187794
2025-02-13,5525.8661,5548.1216,5488.4709,5492.8472,139983826617,1841259368390.7900,2.034429,-0.663465
2025-02-14,5483.6209,5532.6547,5477.8663,5527.2386,130962332062,1732630070891.7900,1.903229,0.626112
2025-02-17,5551.7267,5565.0210,5513.1306,5555.8326,144762242545,1959363467664.4000,2.103760,0.517329
2025-02-18,5545.8882,5559.1976,5447.3192,5465.4707,139096238550,1811984874885.2800,2.021276,-1.626433
2025-02-19,5458.5899,5549.8625,5458.5899,5549.4063,124419558459,1737370321636.7900,1.807942,1.535743
2025-02-20,5545.6821,5575.9048,5530.3559,5563.4854,128021474322,1778680496382.8900,1.860258,0.253705
2025-02-21,5574.5615,5642.5619,5549.4973,5639.9217,150707465426,2215882053511.5300,2.171783,1.373892
2025-02-24,5634.9390,5662.3892,5599.7494,5637.6708,147088417229,2100032950267.4300,2.119358,-0.039910
2025-02-25,5571.7796,5640.5440,5564.7843,5591.4081,133016446261,1910400700125.3200,1.916277,-0.820600
2025-02-26,5602.6384,5655.6460,5599.8330,5655.6460,138758565174,1955207587586.4400,1.998964,1.148868
2025-02-27,5656.2588,5675.3113,5580.8265,5652.0174,146048552707,2025814524953.6500,2.103827,-0.064159
2025-02-28,5623.9357,5627.9258,5488.8333,5497.6062,138375012332,1887535812418.7700,1.993274,-2.731966
2025-03-03,5512.6131,5576.1429,5476.8809,5505.0134,121855123603,1646212227891.9600,1.755479,0.134735
2025-03-04,5466.4301,5541.0590,5464.2640,5538.7299,106240681564,1461778958525.7500,1.530462,0.612469
2025-03-05,5540.2804,5565.7221,5509.4238,5564.9240,112748207825,1528501308114.9400,1.624047,0.472926
2025-03-06,5593.3230,5668.6338,5590.4521,5656.3890,135546027207,1934565942310.0700,1.952416,1.643598
2025-03-07,5638.5539,5673.1375,5609.2610,5632.1347,133189257892,1845110050437.7100,1.918421,-0.428795
2025-03-10,5637.8509,5651.1665,5590.1211,5629.1791,112011595985,1529887482159.7100,0.000000,-0.052477
2025-03-11,5564.6176,5650.2434,5562.8757,5650.2432,110778344121,1498746521699.3800,1.595446,0.374195
2025-03-12,5667.6292,5693.9655,5644.5734,5650.1534,125004018463,1704957845004.6300,1.800292,-0.001589
2025-03-13,5644.2208,5657.5773,5563.0310,5600.0395,124086503175,1628365252063.8300,1.787095,-0.886948
2025-03-14,5603.3573,5714.2155,5597.9975,5714.2155,133689646247,1821219364132.2500,1.923723,2.038843
2025-03-17,5732.7193,5741.7273,5712.5217,5721.1227,121254051583,1602391171628.3900,1.744726,0.120877
2025-03-18,5738.6804,5755.5788,5718.8677,5741.7784,111805228998,1542825619579.8500,1.608515,0.361043
2025-03-19,5730.4865,5749.6748,5700.4841,5723.6439,109028329894,1486805990202.3400,1.568555,-0.315834
2025-03-20,5719.5038,5730.6228,5683.3042,5688.9373,110037287319,1456423435579.2400,1.583051,-0.606372
2025-03-21,5670.9133,5689.0436,5578.5082,5593.5275,123820376914,1557859400165.5600,1.781292,-1.677111
2025-03-24,5592.9668,5602.6814,5505.8524,5578.9222,122620114627,1453981824258.5600,1.764025,-0.261111
2025-03-25,5577.4692,5592.4000,5541.0856,5557.9341,104919882683,1270673070087.4300,1.508976,-0.376203
2025-03-26,5548.6003,5591.5735,5548.6003,5564.4636,97773122688,1163741751342.7300,1.406162,0.117481
2025-03-27,5550.2945,5606.6718,5517.0231,5565.6982,97069381301,1197059327423.0400,1.396031,0.022187
2025-03-28,5561.2729,5573.4422,5516.1427,5521.7075,94967058948,1126683318732.6100,1.365130,-0.790390
2025-03-31,5496.6220,5516.1346,5428.2134,5474.2325,102394348829,1224457609705.5900,1.471899,-0.859788
2025-04-01,5484.8337,5523.8864,5482.5779,5494.3480,91464269326,1136590358575.0900,1.318089,0.367458
2025-04-02,5488.1735,5527.6458,5486.3983,5498.1801,79606916765,977676082595.3500,1.147133,0.069746
2025-04-03,5439.7312,5502.0408,5430.2229,5454.8053,91373938958,1141940449555.1000,1.316666,-0.788894
2025-04-07,5154.7011,5198.6814,4871.9435,4948.2371,138694978197,1601270323089.6000,1.998545,-9.286641
2025-04-08,4940.7623,5021.8957,4917.6602,4999.0727,147222866193,1637172176900.9000,2.121007,1.027348
2025-04-09,4926.6456,5101.6884,4820.7997,5086.5850,154751673179,1719308718561.7000,2.229490,1.750571
2025-04-10,5176.3698,5235.6625,5150.4282,5183.7776,138479509798,1639507050119.9200,1.994942,1.910763
2025-04-11,5161.7892,5255.0931,5158.0048,5220.1702,110896736469,1374157736527.0800,1.597573,0.702048
2025-04-14,5266.5091,5296.4725,5251.6617,5266.1706,108629804887,1297849133631.6600,1.564915,0.881205
2025-04-15,5265.1442,5269.5540,5227.6747,5259.5430,93087322030,1093012301918.8500,1.340929,-0.125852
2025-04-16,5249.6361,5250.0484,5163.3333,5232.1729,97226207005,1122967233066.6300,1.400504,-0.520389
2025-04-17,5205.3243,5263.4392,5202.1077,5238.2876,86676931239,1013556389214.3400,1.248544,0.116867
2025-04-18,5227.0822,5248.9664,5207.8292,5238.3111,83800238451,934035289198.6900,1.207055,0.000449
2025-04-21,5231.7378,5300.2539,5218.4502,5297.7532,90752272433,1058778675958.8700,1.307145,1.134757
2025-04-22,5293.2242,5317.0158,5287.9536,5294.7404,96404552000,1105438782802.4800,1.388211,-0.056869
2025-04-23,5318.8712,5333.7846,5299.8424,5313.1234,101889234786,1246044386483.0300,1.466819,0.347194
2025-04-24,5311.0784,5331.1130,5269.3907,5287.2130,95853655149,1118107925118.3200,1.379923,-0.487668
2025-04-25,5295.5046,5325.8214,5281.6156,5297.8154,97606794125,1118180952226.6800,1.405073,0.200529
2025-04-28,5294.6430,5294.8812,5259.2933,5266.5546,94747138229,1059939065001.5700,1.363916,-0.590070
2025-04-29,5253.4412,5291.0044,5245.1753,5277.3683,87762282186,1025750166500.7700,1.262842,0.205328
2025-04-30,5281.0379,5311.8856,5278.3924,5299.0068,96707808581,1171955542087.6200,1.391496,0.410024
2025-05-06,5335.7888,5396.8251,5331.5668,5396.7426,108412826975,1343886313636.0200,1.568766,1.844417
2025-05-07,5464.4254,5473.4542,5389.2577,5424.0592,119303434127,1480583981416.0900,1.724297,0.506168
2025-05-08,5407.3795,5469.2289,5401.5905,5460.1472,103349232161,1297552250341.5100,1.493652,0.665332
2025-05-09,5455.4985,5455.4985,5404.9841,5421.7530,96433505612,1197100074779.3400,1.393659,-0.703172
2025-05-12,5453.2972,5491.9929,5445.1936,5491.9929,98919877841,1318715639361.8400,1.429548,1.295520
2025-05-13,5533.1101,5533.1101,5481.7519,5488.7888,100776555732,1301218697323.4000,1.455889,-0.058341
2025-05-14,5485.5159,5554.3785,5471.2642,5526.9790,106377946590,1330112449790.6900,1.536744,0.695786
2025-05-15,5515.5085,5515.5085,5460.8512,5462.8872,97634921472,1170776515783.5900,1.410411,-1.159617
2025-05-16,5450.1105,5475.0306,5445.9301,5461.0797,91374563894,1103609514399.5400,1.319874,-0.033087
2025-05-19,5460.5567,5476.2244,5426.3751,5469.1475,93521258124,1097654324214.5700,1.350882,0.147733
2025-05-20,5475.4232,5515.7938,5464.8784,5505.7505,98385029566,1187896298487.0800,1.421192,0.669263
2025-05-21,5502.6430,5522.5159,5498.2702,5509.9853,97101246040,1192512477421.0700,1.405438,0.076916
2025-05-22,5498.1470,5514.0155,5471.2671,5475.7988,92583686389,1116840652724.5700,1.340745,-0.620446
2025-05-23,5470.7605,5509.2347,5425.3572,5425.3572,94100819252,1163074846425.7500,1.360362,-0.921173
2025-05-26,5421.1803,5450.7425,5403.0592,5431.9135,81643858384,1018223080427.6300,1.179884,0.120845
2025-05-27,5427.8532,5429.9019,5396.1542,5415.2358,82484098840,1007596740848.9700,1.192866,-0.307032
2025-05-28,5418.3662,5427.6878,5396.9954,5404.1332,85354493765,1013931697969.2800,1.234867,-0.205025
2025-05-29,5403.5502,5471.8941,5402.5316,5467.7254,98728161293,1193270383922.4500,1.424844,1.176733
2025-05-30,5456.2589,5457.1500,5420.0804,5422.2844,95951176740,1145518604194.7200,1.382233,-0.831077
2025-06-03,5407.4567,5457.5756,5407.4567,5450.2453,93932290331,1147322583412.9200,1.353184,0.515666
2025-06-04,5454.1824,5492.6490,5454.1824,5488.5883,95230361153,1160118556457.8300,1.371314,0.703510
2025-06-05,5492.8420,5518.5546,5476.3792,5511.2927,101345447280,1295382956468.7300,1.459240,0.413666
2025-06-06,5512.4976,5519.9897,5497.9517,5508.6701,92271841595,1157758588235.1900,1.328164,-0.047586
2025-06-09,5516.6655,5555.7177,5512.9883,5550.2467,102281307632,1293574315927.3100,1.471874,0.754748
2025-06-10,5553.2512,5554.0975,5471.7175,5511.9385,116550260600,1428582152697.2300,1.676940,-0.690207
2025-06-11,5517.0110,5569.3926,5517.0110,5547.5518,102131842389,1263831070946.6500,1.469256,0.646112
2025-06-12,5537.8381,5563.1447,5526.0497,5554.6736,99403573338,1281126741257.5000,1.429893,0.128377
2025-06-13,5540.1179,5546.4776,5482.6545,5493.5895,118892859927,1480694348214.8900,1.709812,-1.099688
2025-06-16,5478.3440,5523.6551,5478.3440,5522.8543,95699982851,1225150878108.9500,1.375770,0.532708
2025-06-17,5527.7245,5538.0034,5503.1083,5516.8152,97074881097,1218050212486.9200,1.395263,-0.109347
2025-06-18,5511.1736,5521.0404,5487.1462,5516.7260,95108194587,1201293099378.3200,1.366917,-0.001617
2025-06-19,5508.2077,5517.1341,5437.6782,5450.2400,100801880208,1261223601630.3800,1.448557,-1.205171
2025-06-20,5446.6303,5470.1551,5430.9192,5433.5314,85020633732,1073489790619.6200,1.221646,-0.306566
2025-06-23,5407.7671,5488.1901,5407.7671,5479.8925,90787173705,1130095789531.0900,1.303615,0.853241
2025-06-24,5486.0089,5565.4711,5486.0089,5565.3460,111381093976,1429833598059.4400,1.599189,1.559401
2025-06-25,5573.7678,5646.5898,5567.2190,5643.3957,121588433637,1618894320516.3400,1.745681,1.402423
2025-06-26,5641.1345,5665.6399,5625.4286,5627.1540,120279862586,1599999685289.5700,1.726781,-0.287800
2025-06-27,5639.0646,5674.8138,5623.2126,5627.0056,120584582950,1555014319007.4800,1.730974,-0.002637
2025-06-30,5636.4477,5679.5858,5634.4763,5676.3429,111262213837,1496480312633.0900,1.596727,0.876795
2025-07-01,5678.2740,5693.5551,5655.7194,5691.0605,112004136956,1473420372689.8400,1.603103,0.259280
2025-07-02,5685.3849,5685.3849,5654.6732,5668.2240,115552959036,1383322270623.7800,1.653933,-0.401270
2025-07-03,5671.6937,5707.3605,5668.5697,5702.7566,105443422507,1312299912919.5200,1.509143,0.609231
2025-07-04,5701.7582,5745.8695,5676.1892,5694.4294,114618505051,1435439688018.4800,1.640381,-0.146021
2025-07-07,5687.6432,5698.1494,5680.4903,5692.5035,99705058211,1210571141757.3000,1.426808,-0.033821
2025-07-08,5692.8593,5756.1396,5692.8593,5753.6724,114003473944,1453750331463.2600,1.631345,1.074552
2025-07-09,5755.8727,5778.2973,5732.1157,5742.4240,120805219812,1506874224814.7700,1.728636,-0.195499
2025-07-10,5742.3038,5788.6905,5735.7346,5764.9575,124719286955,1493899840785.5100,1.784579,0.392404
2025-07-11,5771.5706,5833.8994,5758.4701,5791.9466,138887785320,1715147128628.5400,1.987170,0.468158
2025-07-14,5798.5684,5813.2483,5794.7672,5801.0798,120011381636,1461050013990.2500,1.716827,0.157688
2025-07-15,5800.7229,5819.9847,5744.8694,5789.3183,128033506695,1615257241013.0200,1.831409,-0.202747
2025-07-16,5790.2490,5816.5358,5771.2919,5792.5770,105244518127,1430389503401.9300,1.505427,0.056288
2025-07-17,5792.0548,5847.9718,5791.0477,5847.9718,107681186438,1533384238013.9000,1.540240,0.956307
2025-07-18,5859.7197,5876.7305,5849.9003,5874.0658,110553949278,1565794366151.5000,1.581320,0.446206
2025-07-21,5887.1304,5928.3393,5884.2915,5927.5388,133935607373,1699457915086.8400,1.915535,0.910323
2025-07-22,5930.6867,5964.6644,5907.9936,5963.7220,147663401681,1896071092465.4700,2.111723,0.610425
2025-07-23,5970.2466,5999.2548,5938.5166,5946.7020,151519065721,1866235025671.0400,2.166862,-0.285392
2025-07-24,5943.9619,6011.0930,5943.9619,6011.0930,149171445657,1846404953845.7900,2.133219,1.082802
2025-07-25,6013.0952,6019.1748,5986.2186,6003.7699,139984345196,1790533727607.1300,2.001264,-0.121826
2025-07-28,6008.2303,6029.6364,5985.7174,6025.5992,125713051241,1744311303889.7600,1.796785,0.363593
2025-07-29,6019.7493,6053.8575,5991.0262,6053.1370,128021228306,1808390761809.1300,1.829015,0.457013
2025-07-30,6044.3446,6072.7096,5986.7344,6028.3313,133475204065,1848131150745.5900,1.906909,-0.409799
2025-07-31,6014.7174,6025.9661,5927.8561,5946.0440,137886027232,1939005078631.2000,1.969818,-1.365010
2025-08-01,5941.7800,5968.7762,5909.5326,5938.0939,112017689751,1600594389094.4600,1.600612,-0.133704
2025-08-04,5911.3522,5982.1385,5909.5230,5982.1385,102977652148,1496884408270.7100,1.471227,0.741730
2025-08-05,5995.2630,6028.2657,5991.8650,6028.2657,111900534630,1594925749443.9300,1.598554,0.771082
2025-08-06,6023.9960,6065.7340,6021.4011,6065.5834,118964913428,1735450166683.5000,1.699455,0.619045
2025-08-07,6070.5625,6079.9813,6032.8682,6064.9477,122855940263,1829829650451.8300,1.754982,-0.010480
2025-08-08,6054.8712,6072.4756,6037.3810,6051.8046,118972977660,1711338702844.2200,1.699114,-0.216706
2025-08-11,6060.9127,6122.6247,6060.9127,6111.8776,124506532925,1825164046181.2500,1.778028,0.992646
2025-08-12,6112.6088,6133.0638,6094.2982,6132.8291,122276084076,1879895332073.0400,1.745827,0.342800
2025-08-13,6139.8821,6199.5189,6139.8821,6195.2900,138727766462,2150854582716.1200,1.980669,1.018468
2025-08-14,6199.9841,6221.4590,6132.7242,6143.1161,149652789811,2279440705738.6700,2.136359,-0.842154
2025-08-15,6130.0242,6238.0100,6130.0242,6231.3793,146153679824,2248424749348.9000,2.085964,1.436782
2025-08-18,6262.1621,6352.6417,6247.8644,6317.8074,176345052103,2778601582879.1600,2.515994,1.386982
2025-08-19,6318.8091,6354.6706,6297.1790,6314.6418,162928478100,2609450756320.8000,2.324437,-0.050106
2025-08-20,6289.6457,6375.5713,6265.7967,6375.5225,155814306910,2420014685536.2700,2.222916,0.964120
2025-08-21,6389.7426,6410.7271,6339.6441,6367.0307,158729335501,2430571779832.0800,2.264445,-0.133194
2025-08-22,6365.7601,6472.9243,6365.7601,6472.9243,157025549326,2551607569864.2100,2.239997,1.663155
2025-08-25,6523.9094,6599.1408,6509.7670,6590.5587,193613102077,3146886145678.6700,2.761534,1.817330
2025-08-26,6569.3539,6621.7406,6549.4143,6583.4767,168002136945,2681841844242.6100,2.396285,-0.107457
2025-08-27,6589.9783,6646.8443,6468.1391,6468.1391,197380549160,3165139342926.0000,2.815242,-1.751925
2025-08-28,6458.7826,6570.4160,6391.1721,6570.4160,182380568704,2968802925754.5000,2.601006,1.581242
2025-08-29,6570.3636,6629.5000,6550.2837,6594.3143,162132698500,2802525348990.0900,2.311672,0.363726
2025-09-01,6623.9786,6647.7168,6587.8176,6647.3710,163744336951,2753277269378.4200,2.337879,0.804583
2025-09-02,6645.9638,6647.6709,6497.8846,6548.8643,173887505145,2886282650544.8000,2.482663,-1.481890
2025-09-03,6566.3526,6576.2155,6441.1592,6470.3708,148725172850,2371480944387.4100,2.122981,-1.198582
2025-09-04,6477.2397,6492.4703,6265.0956,6339.7468,159738544199,2557085398629.8700,2.280171,-2.018802
2025-09-05,6344.8464,6506.8202,6317.9389,6502.8149,143773830091,2324487084887.5400,2.052225,2.572155
2025-09-08,6514.5169,6554.7722,6484.4645,6547.4377,147297824611,2437885847402.1200,2.101649,0.686207
2025-09-09,6522.2919,6548.9165,6457.6015,6487.7851,134590774610,2128833466107.1300,1.920104,-0.911083
2025-09-10,6482.9805,6529.9757,6452.1554,6501.2881,123416901519,1981076128203.9600,1.760587,0.208130
2025-09-11,6492.3271,6649.7400,6461.6042,6649.7400,143192979643,2438459807788.8000,2.042665,2.283423
2025-09-12,6647.0784,6686.8132,6625.9460,6638.3901,155024602252,2523095698454.1800,2.211427,-0.170682
2025-09-15,6655.2514,6677.0931,6637.6328,6643.9946,142849228789,2280866536267.8200,2.037631,0.084426
2025-09-16,6653.9885,6680.7909,6598.9384,6675.8755,154737922355,2344553603818.5100,2.206129,0.479845
2025-09-17,6670.3960,6729.2266,6656.4332,6721.2481,150167991643,2379557220241.2600,2.140819,0.679650
2025-09-18,6714.3642,6777.8726,6579.5333,6648.3724,193109645392,3139779377136.6100,2.752826,-1.084258
2025-09-19,6647.7820,6673.8524,6605.0868,6627.7363,148440828852,2326976068715.0600,2.115898,-0.310393
2025-09-22,6640.4416,6661.5954,6601.6147,6661.3933,127548931979,2122781480735.4000,1.817735,0.507820
2025-09-23,6675.1744,6677.6596,6512.2034,6619.8910,154311384370,2492316269234.7200,2.199060,-0.623027
2025-09-24,6585.7566,6713.2161,6577.6866,6713.0761,131369024445,2323918727664.0700,1.871951,1.407653
2025-09-25,6708.4393,6756.5678,6703.1672,6724.1400,131190109706,2360917232947.4700,1.869382,0.164811
2025-09-26,6698.5140,6724.3452,6643.4612,6643.4612,122725908589,2137935831995.0300,1.748471,-1.199838
2025-09-29,6651.9337,6761.4888,6628.5421,6735.6570,126663150064,2153065066187.0500,1.803360,1.387768
2025-09-30,6754.5807,6789.3223,6747.1581,6777.2777,121162632852,2169313844929.3800,1.724949,0.617916
2025-10-09,6814.3348,6884.4664,6797.6299,6867.2326,150060402609,2641633339230.9000,2.144077,1.327301
2025-10-10,6830.6213,6843.6369,6734.0372,6754.5161,148113437177,2508411685597.3500,2.115798,-1.641367
2025-10-13,6532.4580,6742.1024,6532.4580,6730.6927,143519075454,2349734098772.0400,2.049828,-0.352703
2025-10-14,6784.3273,6802.8294,6597.9854,6623.7655,156529832290,2572270364158.9900,2.235518,-1.588651
2025-10-15,6632.6253,6723.8040,6594.5004,6722.8415,129473487008,2069740076794.5500,1.849010,1.495766
2025-10-16,6702.0274,6743.2561,6671.7853,6693.2111,120797005330,1926855397010.0500,1.724867,-0.440742
2025-10-17,6686.1197,6703.1567,6516.5840,6522.4673,126272559953,1928350582065.2700,1.802881,-2.551000
2025-10-20,6589.2520,6614.9457,6541.9196,6574.1816,111306814046,1729903827004.9800,1.588673,0.792864
2025-10-21,6595.4800,6683.7440,6582.8604,6680.4228,121788577737,1871247597674.4600,1.738245,1.616037
2025-10-22,6640.2692,6679.7228,6625.5697,6653.8993,111752584766,1666132065716.1400,1.594956,-0.397033
2025-10-23,6635.0622,6671.2212,6568.5121,6663.3465,115786167942,1638167542115.8300,1.652418,0.141980
2025-10-24,6690.2644,6747.0363,6690.2644,6747.0363,119998612875,1965233508993.2200,1.712443,1.255973
2025-10-27,6803.4175,6835.0996,6777.6141,6828.5749,134014782768,2326407427053.0100,1.911624,1.208510
2025-10-28,6802.8481,6857.8964,6781.4372,6805.7133,123688115372,2132898076517.7900,1.764288,-0.334793
2025-10-29,6812.6680,6885.1257,6805.0978,6885.1257,132475289347,2255337130171.3400,1.889527,1.166849
2025-10-30,6869.7440,6885.3044,6807.0904,6813.1783,142869822037,2430160610599.4800,2.037805,-1.044969
2025-10-31,6807.7536,6847.4647,6776.3028,6776.4234,140434842136,2320753117518.8100,2.002995,-0.539468
2025-11-03,6776.4473,6801.9996,6709.9669,6801.8701,133851367289,2106322576545.3700,1.908512,0.375518
2025-11-04,6792.2004,6801.6008,6692.4925,6731.9731,127482295103,1910547775163.1000,1.818470,-1.027614
2025-11-05,6644.7762,6777.5445,6644.4691,6755.4804,129780636122,1867045179933.8700,1.851210,0.349189
2025-11-06,6771.5741,6841.0065,6771.5741,6837.3232,131485437455,2047655375080.8200,1.875513,1.211502
2025-11-07,6809.4093,6852.3374,6794.1192,6819.5357,127516552855,1992023283596.0200,1.818739,-0.260153
2025-11-10,6838.6627,6851.6429,6799.7548,6845.9364,136909482497,2169478136234.0800,1.952474,0.387133
2025-11-11,6862.5812,6866.7442,6802.1259,6810.2564,129248860194,1988643126799.1900,1.843212,-0.521185
2025-11-12,6794.1200,6820.1771,6738.2854,6783.7000,129361854718,1940418672838.9000,1.844809,-0.389947
2025-11-13,6781.0903,6874.0461,6780.8144,6873.3582,133707332190,2040134650396.7600,1.906719,1.321671
2025-11-14,6817.1805,6863.2240,6785.4272,6785.4272,136539296966,1954661168998.1800,1.946849,-1.279302
2025-11-17,6783.2065,6795.1700,6746.8802,6775.3969,131255155853,1905780621401.3800,1.870625,-0.147821
2025-11-18,6759.2446,6771.9722,6685.8619,6712.6826,135195472259,1915018872167.6100,1.926643,-0.925618
2025-11-19,6707.3188,6732.9803,6662.4379,6693.5968,119374566311,1712959799247.2200,1.701188,-0.284324
2025-11-20,6735.0506,6740.9029,6646.7466,6650.9785,117980488506,1696506212982.2900,1.681239,-0.636703
2025-11-21,6565.3683,6594.3716,6441.0051,6441.0051,141596825917,1957424106055.5900,2.017498,-3.157030
2025-11-24,6473.8461,6509.1382,6420.0714,6479.9333,117348139817,1721232791783.5000,1.670092,0.604381
2025-11-25,6517.9136,6599.6806,6513.5176,6560.2406,115726795450,1801496609307.5600,1.647489,1.239323
2025-11-26,6556.1137,6615.8637,6549.3535,6576.5955,112434829300,1773794467649.4000,1.600603,0.249303
2025-11-27,6577.9256,6638.1932,6569.9190,6576.2231,106204644337,1698557319381.0800,1.511800,-0.005663
2025-11-28,6571.8610,6626.0170,6553.3940,6626.0170,104388695740,1578223699992.5800,1.485911,0.757181
2025-12-01,6644.7535,6689.7047,6638.3479,6689.1681,121476343600,1868989655297.7600,1.728525,0.953078
2025-12-02,6677.9476,6677.9476,6630.2553,6646.4952,108156834395,1587661689399.9200,1.539161,-0.637940
2025-12-03,6647.4137,6663.7330,6583.2525,6599.1401,115801817051,1657144472413.0000,1.647936,-0.712482
2025-12-04,6600.4971,6625.8093,6556.2855,6600.5914,106006726868,1538011614454.7500,1.508519,0.021992
2025-12-05,6599.0641,6681.2863,6572.0269,6676.2410,115439616089,1703489368713.9500,1.642658,1.146103
2025-12-08,6693.1775,6767.6977,6693.1775,6744.9166,125885438140,2024327028326.2700,1.791072,1.028657
2025-12-09,6727.2307,6753.1245,6694.1905,6707.5283,119309875279,1891716367331.9700,1.697214,-0.554318
2025-12-10,6693.8975,6726.5245,6654.2269,6715.8687,115874071826,1760200595064.2100,1.648287,0.124344
2025-12-11,6726.4906,6729.5985,6639.6020,6642.0367,122173812246,1847347739050.5000,1.737745,-1.099366
2025-12-12,6646.7313,6703.6660,6625.9513,6692.6463,126575524303,2085562118940.2100,1.800285,0.761959
2025-12-15,6652.5425,6709.9118,6649.3960,6650.7626,111764906047,1766665785655.3500,1.589618,-0.625817
2025-12-16,6639.0149,6642.1494,6529.0907,6554.6956,116378281421,1719658042857.8700,1.655396,-1.444451
2025-12-17,6554.1362,6670.9964,6537.6352,6656.2563,115295245908,1799687190328.0800,1.639908,1.549434
2025-12-18,6618.9836,6675.7328,6617.0623,6631.2491,103856435234,1647787543254.6800,1.477190,-0.375695
2025-12-19,6649.2397,6702.8798,6641.1662,6684.3180,115980456011,1719446446395.9500,1.649629,0.800285
2025-12-22,6711.5541,6761.1191,6711.5541,6750.0964,116263523983,1855860379798.3300,1.651883,0.984070
2025-12-23,6752.8546,6783.0065,6724.8562,6745.9678,118285229807,1891046206605.9100,1.680651,-0.061164
2025-12-24,6746.1563,6812.3752,6736.6546,6806.1629,110067669163,1866382879860.6900,1.563727,0.892312
2025-12-25,6801.8670,6857.6371,6795.4846,6846.9659,111613330844,1916453877005.6500,1.585607,0.599501
2025-12-26,6848.2500,6898.8895,6828.2477,6870.5539,128023617185,2152987861582.5300,1.816023,0.344503
2025-12-29,6872.0989,6891.9762,6834.3861,6851.3892,126306468833,2133188470410.7900,1.791426,-0.278940
2025-12-30,6817.8127,6888.2973,6817.1343,6860.5230,122506375313,2128297999438.0200,1.737322,0.133313
2025-12-31,6870.9603,6873.5245,6832.4599,6849.1921,118875839235,2032216871828.6400,1.685814,-0.165161
2026-01-05,6892.0389,6985.5577,6892.0389,6985.5577,141213735413,2534067422201.5800,2.001788,1.990974
2026-01-06,6991.0742,7097.2175,6990.5862,7097.2175,161810539989,2799921009482.5800,2.293448,1.598438
2026-01-07,7107.5132,7138.5484,7073.6470,7110.0530,158172830464,2846078405409.7800,2.241859,0.180853
2026-01-08,7089.4500,7136.2134,7078.9804,7114.3763,156978516520,2789956110417.3900,2.224556,0.060805
2026-01-09,7108.7530,7202.0856,7108.7530,7199.0947,172278728279,3116406897865.3300,2.441326,1.190806
2026-01-12,7240.2409,7332.6795,7211.4130,7324.1834,197447049410,3606626150494.5200,2.797923,1.737562
2026-01-13,7340.0989,7340.5145,7213.8627,7237.5573,205230172844,3662922301919.8400,2.907948,-1.182741
2026-01-14,7242.9161,7377.8481,7193.7268,7260.1727,225340131332,3951842694367.2900,3.192877,0.312473
2026-01-15,7215.3865,7276.7569,7195.6304,7247.5506,163914653368,2907233179459.3400,2.322439,-0.173854
2026-01-16,7278.0103,7302.6002,7221.1036,7234.1021,165578871959,3024008813335.0500,2.345770,-0.185559
2026-01-19,7211.3903,7287.7150,7210.4332,7264.2754,150566145268,2703079327548.5500,2.132821,0.417098
2026-01-20,7270.3081,7287.7303,7163.5433,7221.9968,160198954231,2775761382038.7200,2.268943,-0.582007
2026-01-21,7196.0885,7290.2381,7196.0885,7263.0228,144593568581,2595990106089.6300,2.047911,0.568070
2026-01-22,7285.7396,7307.3101,7258.3458,7294.3443,151761124743,2689893879799.8700,2.149445,0.431246
2026-01-23,7312.0843,7370.4844,7307.8140,7364.6184,174815985023,3091122312825.7500,2.475874,0.963405
2026-01-26,7388.7977,7404.4733,7291.4546,7315.0554,189240820377,3251970014630.7100,2.680094,-0.672988
2026-01-27,7294.1084,7352.7158,7213.5540,7324.8242,164649092226,2895225792681.7100,2.331797,0.133544
2026-01-28,7340.8510,7362.1127,7299.1265,7333.6152,168810279514,2963379977352.4700,2.390675,0.120017
2026-01-29,7332.1966,7357.6620,7297.1346,7318.5821,188272092216,3228379142727.4800,2.666257,-0.204989
2026-01-30,7265.2697,7299.3472,7127.2881,7249.4127,168929074591,2833205952202.4000,2.392224,-0.945120
2026-02-02,7187.1294,7231.9640,7050.0385,7052.0121,152618683227,2581394083282.5700,2.159945,-2.722987
2026-02-03,7122.6124,7203.1665,7057.9080,7202.0714,140621789537,2539795467541.2600,1.989866,2.127893
2026-02-04,7185.5560,7239.7722,7151.8771,7234.6255,147396035289,2480561146943.1500,2.085711,0.452010
2026-02-05,7170.7469,7198.9891,7115.5863,7153.8900,130461900608,2169165953714.0100,1.845970,-1.115960
2026-02-06,7084.3498,7205.1800,7059.0241,7139.9968,127066672837,2141110392109.2100,1.797896,-0.194205
2026-02-09,7232.4614,7276.0650,7213.9910,7275.3304,128600955610,2248002847207.2200,1.819483,1.895429
2026-02-10,7279.0636,7295.3436,7252.9013,7279.9725,123814629070,2094493985453.9500,1.751731,0.063806
2026-02-11,7269.0694,7298.6347,7268.2111,7268.7835,116132423217,1974899408284.0100,1.642855,-0.153696
2026-02-12,7279.2841,7312.8366,7263.0927,7301.7163,120979147150,2136497356802.0700,1.711363,0.453072
2026-02-13,7264.2974,7299.3499,7213.6486,7217.8963,112391051113,1976296450108.6900,1.590103,-1.147949
2026-02-24,7312.2075,7326.7024,7258.2796,7294.8555,126390715735,2194496648289.8000,1.787511,1.066228
2026-02-25,7307.5133,7389.9812,7304.0935,7370.4916,150084952593,2453634865079.9800,2.122549,1.036842
2026-02-26,7381.6607,7395.6903,7346.5865,7386.3204,142527249661,2527594765198.1200,2.015639,0.214759
2026-02-27,7341.5217,7418.1773,7340.5266,7415.8973,144420623447,2478284808871.1200,2.042395,0.400428
2026-03-02,7348.9155,7412.2790,7306.2851,7387.6652,177849450485,3016273323885.9700,2.514765,-0.380697
2026-03-03,7399.3654,7407.2953,7160.5260,7168.8795,187439413263,3125886966510.1400,2.650287,-2.961500
2026-03-04,7083.7631,7197.7802,7081.0301,7118.4339,149307828164,2366015701094.2900,2.111387,-0.703675
2026-03-05,7218.7141,7236.3219,7158.8160,7194.6369,143716295126,2387265172611.8200,2.032304,1.070502
2026-03-06,7156.9032,7255.8873,7155.7091,7245.6654,135978271040,2193989472590.4300,1.922363,0.709257
2026-03-09,7144.5139,7203.8306,7040.0824,7185.1370,161889079035,2644818628693.8700,2.288579,-0.835374
2026-03-10,7238.0543,7298.8065,7238.0543,7297.3834,139685295332,2391113523333.7300,1.974672,1.562203
2026-03-11,7306.2144,7336.3016,7293.7224,7317.0660,146179355228,2502024818818.2000,2.066247,0.269721
2026-03-12,7310.8882,7323.3828,7226.8954,7278.9841,153830542663,2436836813432.3400,2.174258,-0.520453
2026-03-13,7248.3802,7298.4776,7194.2989,7210.4041,154857394880,2393432257221.9000,2.188536,-0.942164
2026-03-16,7206.9088,7213.9688,7116.0737,7205.8428,147095031309,2318805557409.7000,2.078759,-0.063260
2026-03-17,7221.5125,7240.6761,7093.1657,7093.1972,141359562849,2198805730914.3600,1.997611,-1.563254
2026-03-18,7113.6278,7154.6642,7047.5688,7149.3015,127329274017,2035011059873.6500,1.799304,0.790959
2026-03-19,7064.8055,7084.1782,6973.5447,6997.5882,133033092445,2102745073940.8400,1.879868,-2.122072
2026-03-20,7026.4016,7054.0190,6908.4970,6911.3943,137937707711,2276742428487.8800,1.949152,-1.231766
2026-03-23,6793.1779,6841.5812,6594.0730,6629.6987,163348663920,2421106875242.7600,2.308020,-4.075814
2026-03-24,6721.9014,6769.3568,6597.9842,6769.3562,138963479022,2070124508648.3000,1.963465,2.106544
2026-03-25,6815.4090,6899.7736,6815.4090,6890.6688,139217621631,2166203604217.8600,1.965693,1.792085
2026-03-26,6876.3384,6902.6970,6772.9745,6790.5321,126655952262,1933450975507.7000,1.788273,-1.453222
2026-03-27,6707.8401,6889.9106,6706.5695,6861.5032,116966583028,1841499194810.4600,1.651273,1.045148
2026-03-30,6793.2185,6867.6832,6762.6316,6864.5901,123051013895,1905545576427.3200,1.736985,0.044989
2026-03-31,6856.7390,6902.4343,6767.7774,6767.7774,124688074663,1976658956331.1600,1.759978,-1.410320
2026-04-01,6883.0198,6901.1533,6838.3077,6888.4594,119801372642,1996301150100.5600,1.691236,1.783185
2026-04-02,6867.7856,6881.7261,6754.0813,6788.5382,116231458779,1832917910025.7400,1.640682,-1.450559
2026-04-03,6811.3775,6814.1555,6699.3565,6707.8143,106070051673,1644371936752.5600,1.497220,-1.189121
2026-04-07,6721.1707,6770.1958,6706.7744,6744.2867,99956080631,1603939681309.9700,1.410808,0.543730
2026-04-08,6872.6046,7018.0532,6872.0449,7018.0532,137348436960,2420280136809.1300,1.938524,4.059236
2026-04-09,6960.6796,6999.3403,6947.0585,6971.6740,117679689062,2121617374157.5000,1.661058,-0.660856
2026-04-10,7019.0152,7096.8987,7015.2907,7053.1340,119527140980,2306527828184.3300,1.685689,1.168442
2026-04-13,7015.8083,7079.5822,7015.8083,7069.8689,114738545192,2129730037463.8900,1.617951,0.237269
2026-04-14,7119.2525,7159.9333,7085.2248,7159.9333,122827071598,2361746383562.4800,1.731902,1.273919
2026-04-15,7197.4172,7198.6061,7108.7237,7127.7048,124471575818,2392231630118.9500,1.754816,-0.450123
2026-04-16,7141.2930,7231.3557,7132.8524,7227.0682,120903499294,2312341937706.5500,1.704460,1.394045
2026-04-17,7212.9324,7258.4447,7201.5220,7243.6454,122713683748,2407872643485.7600,1.729921,0.229377
2026-04-20,7244.5780,7303.3120,7239.6952,7296.8023,129715025549,2566293730301.6300,1.828443,0.733842
2026-04-21,7280.3492,7301.4180,7228.6867,7295.1246,125510984532,2373857983196.8500,1.768922,-0.022992
2026-04-22,7267.2360,7366.3928,7267.2360,7365.1429,125954311605,2534855153658.7500,1.775525,0.959796
2026-04-23,7379.0262,7384.1110,7255.4218,7300.7119,140983441827,2779672892215.3500,1.987212,-0.874810
2026-04-24,7269.4823,7301.1479,7217.3582,7265.4594,129184167701,2602530376420.1000,1.820623,-0.482864
2026-04-27,7263.9157,7313.4051,7240.0914,7296.4507,127219920847,2554969316567.2700,1.793074,0.426557
2026-04-28,7272.5494,7285.8985,7213.7795,7239.8002,129785639717,2503149791636.3900,1.829816,-0.776412
2026-04-29,7200.7457,7347.1614,7200.7457,7336.0501,132724610379,2560181563889.6800,1.872241,1.329455
2026-04-30,7345.1153,7369.9910,7328.4943,7353.9452,136077890503,2703305861510.8900,1.922136,0.243934
