date,open,high,low,close,volume,amount,turn,pctChg
2010-01-04,3.1673610000,3.1779188700,3.0899366200,3.1040137800,6240343,55292571.0000,1.948637,-1.562500
2010-01-05,3.1040137800,3.1638417100,3.0125122400,3.1462452600,8531410,74993307.0000,2.664056,1.360500
2010-01-06,3.1251295200,3.2764589900,3.0758594600,3.1919960300,11246151,102718708.0000,3.511773,1.454100
2010-01-07,3.1849574500,3.2236696400,3.0547437200,3.0899366200,8542986,76461532.0000,2.667671,-3.197400
2010-01-08,3.0617823000,3.0617823000,2.9386071500,3.0265894000,10057757,85677091.0000,3.140680,-2.050100
2010-01-11,3.0477051400,3.0793787500,2.9738000500,3.0195508200,6341342,54298575.0000,1.980175,-0.232600
2010-01-12,3.0230701100,3.1462452600,2.9984350800,3.1321681000,11830419,104108232.0000,3.694219,3.729600
2010-01-13,3.0617823000,3.1145716500,2.9773193400,3.0019543700,14659040,127066786.0000,4.577497,-4.157300
2010-01-14,3.0054736600,3.1462452600,2.9913965000,3.1462452600,9643901,84285709.0000,3.011447,4.806600
2010-01-15,3.1708802900,3.2095924800,3.1216102300,3.1673610000,10197498,91737506.0000,3.184316,0.671100
2010-01-18,3.1673610000,3.2271889300,3.1356873900,3.2236696400,8141790,74032662.0000,2.542391,1.777800
2010-01-19,3.2236696400,3.3574026600,3.1919960300,3.3151711800,15387623,143719688.0000,4.805007,2.838400
2010-01-20,3.3257290500,3.3574026600,3.2271889300,3.2659011200,12737468,119038757.0000,3.977458,-1.486200
2010-01-21,3.2377468000,3.2905361500,3.0969752000,3.1180909400,13379999,121205459.0000,4.178098,-4.525900
2010-01-22,3.0688208800,3.0688208800,2.8752599300,2.9245299900,10387997,87730341.0000,3.243802,-6.207700
2010-01-25,2.8858178000,2.9738000500,2.8189512900,2.8330284500,5509208,45140980.0000,1.720330,-3.128800
2010-01-26,2.8224705800,2.8576634800,2.7274497500,2.7943162600,4257740,33667702.0000,1.329541,-1.366500
2010-01-27,2.7732005200,2.9069335400,2.7732005200,2.8154320000,4207003,33988182.0000,1.313697,0.755700
2010-01-28,2.8048741300,2.8858178000,2.7907969700,2.8506249000,3745334,30248403.0000,1.169535,1.250000
2010-01-29,2.8154320000,2.8963756700,2.8154320000,2.8189512900,5018693,40638439.0000,1.567159,-1.111100
2010-02-01,2.8013548400,2.8189512900,2.6816989800,2.7450462000,4298016,33416290.0000,1.342117,-2.621700
2010-02-02,2.7732005200,2.8295091600,2.7380076200,2.7520847800,3093099,24518533.0000,0.965865,0.256400
2010-02-03,2.7591233600,2.8682213500,2.6641025300,2.8471056100,5489667,43709882.0000,1.714228,3.452700
2010-02-04,2.8506249000,2.8893370900,2.8295091600,2.8400670300,4035683,32787860.0000,1.260200,-0.247200
2010-02-05,2.7837583900,2.8330284500,2.7450462000,2.7767198100,4281837,33830393.0000,1.337065,-2.230500
2010-02-08,2.7626426500,2.7943162600,2.7380076200,2.7872776800,2476863,19476276.0000,0.773436,0.380200
2010-02-09,2.7943162600,2.8541441900,2.7626426500,2.8365477400,3513268,28127392.0000,1.097069,1.767700
2010-02-10,2.8506249000,2.8963756700,2.8506249000,2.8787792200,3070634,25090358.0000,0.958850,1.488800
2010-02-11,2.8576634800,2.9702807600,2.8435863200,2.9350878600,4507791,37673591.0000,1.407623,1.956000
2010-02-12,2.9386071500,2.9456457300,2.9034142500,2.9280492800,2548350,21142351.0000,0.795759,-0.239800
2010-02-22,2.9210107000,2.9526843100,2.8998949600,2.9174914100,2249496,18702654.0000,0.702438,-0.360600
2010-02-23,2.9104528300,2.9104528300,2.8154320000,2.8647020600,3892573,31468792.0000,1.215512,-1.809400
2010-02-24,2.8541441900,2.9315685700,2.8154320000,2.9174914100,4730118,38626321.0000,1.477048,1.842800
2010-02-25,2.8928563800,2.9738000500,2.8928563800,2.9562036000,5777412,48290918.0000,1.804080,1.326900
2010-02-26,2.9526843100,2.9843579200,2.9210107000,2.9632421800,4621054,38848922.0000,1.442991,0.238100
2010-03-01,2.9562036000,3.0054736600,2.9456457300,3.0019543700,5455379,46304198.0000,1.703521,1.306400
2010-03-02,3.0019543700,3.0054736600,2.9386071500,2.9562036000,5230862,44082139.0000,1.633412,-1.524000
2010-03-03,2.9562036000,3.0019543700,2.9210107000,2.9878772100,4179598,35188035.0000,1.305140,1.071400
2010-03-04,2.9878772100,3.0265894000,2.8682213500,2.8963756700,4714437,39525514.0000,1.472151,-3.062400
2010-03-05,2.9034142500,2.9315685700,2.8682213500,2.8858178000,3761244,30935524.0000,1.174503,-0.364500
2010-03-08,2.8893370900,2.9280492800,2.8858178000,2.9104528300,3226943,26689148.0000,1.007659,0.853700
2010-03-09,2.9034142500,2.9526843100,2.8506249000,2.9210107000,4722494,39021254.0000,1.474667,0.362800
2010-03-10,2.9139721200,2.9738000500,2.8822985100,2.9350878600,7181361,59698866.0000,2.242483,0.481900
2010-03-11,2.9350878600,3.0160315300,2.9139721200,3.0054736600,9973070,83982036.0000,3.114235,2.398100
2010-03-12,3.0089929500,3.0089929500,2.8858178000,2.8893370900,5506145,46158708.0000,1.719373,-3.864200
2010-03-15,2.8787792200,2.9034142500,2.7872776800,2.8083934200,3952952,31764871.0000,1.234366,-2.801500
2010-03-16,2.8083934200,2.8400670300,2.7520847800,2.7872776800,4642313,36707978.0000,1.449629,-0.751900
2010-03-17,2.7943162600,2.8471056100,2.7802391000,2.8471056100,4089646,32785453.0000,1.277051,2.146500
2010-03-18,2.8506249000,2.8682213500,2.8189512900,2.8295091600,4920868,39673371.0000,1.536612,-0.618000
2010-03-19,2.8330284500,2.8400670300,2.7696812300,2.8224705800,6549003,52257655.0000,2.045021,-0.248800
2010-03-22,2.8224705800,2.8611827700,2.8189512900,2.8330284500,5158463,41552154.0000,1.610804,0.374100
2010-03-23,2.8295091600,2.8682213500,2.7978355500,2.8647020600,8798996,70938376.0000,2.747613,1.118000
2010-03-24,2.8435863200,2.8647020600,2.8154320000,2.8330284500,4717578,37980671.0000,1.473132,-1.105700
2010-03-25,2.8224705800,2.8330284500,2.7626426500,2.7767198100,4971467,39476241.0000,1.552412,-1.987600
2010-03-26,2.7767198100,2.8083934200,2.7520847800,2.8013548400,2582362,20450931.0000,0.806380,0.887200
2010-03-29,2.8154320000,2.8576634800,2.8013548400,2.8541441900,6989088,56388786.0000,2.182443,1.884400
2010-03-30,2.8471056100,2.8787792200,2.8365477400,2.8717406400,5623169,45639204.0000,1.755916,0.616500
2010-03-31,2.8576634800,2.8682213500,2.8330284500,2.8541441900,6637978,53744798.0000,2.072804,-0.612700
2010-04-01,2.8506249000,2.9526843100,2.8435863200,2.9315685700,8363034,68769118.0000,2.611478,2.712700
2010-04-02,2.9350878600,2.9526843100,2.9174914100,2.9421264400,6018286,50212692.0000,1.879297,0.360100
2010-04-06,2.9491650200,2.9597228900,2.9280492800,2.9421264400,5286459,44242312.0000,1.650773,0.000000
2010-04-07,2.9421264400,2.9526843100,2.9104528300,2.9245299900,5615633,46688950.0000,1.753562,-0.598100
2010-04-08,2.9245299900,2.9245299900,2.8119127100,2.8541441900,5383852,43980308.0000,1.681185,-2.406700
2010-04-09,2.8541441900,2.8928563800,2.8471056100,2.8682213500,6457542,52420862.0000,2.016461,0.493200
2010-04-12,2.8647020600,2.8717406400,2.8154320000,2.8576634800,4173378,33716444.0000,1.303197,-0.368100
2010-04-13,2.8576634800,2.8682213500,2.7837583900,2.8189512900,5582628,44793424.0000,1.743256,-1.354700
2010-04-14,2.8259898700,2.8717406400,2.8048741300,2.8682213500,4855783,39186687.0000,1.516288,1.747800
2010-04-15,2.8858178000,3.0406665600,2.8858178000,2.9984350800,20682824,174988624.0000,6.458510,4.539900
2010-04-16,2.9949157900,2.9949157900,2.9139721200,2.9245299900,8012599,67008007.0000,2.502050,-2.464800
2010-04-19,2.8822985100,2.8963756700,2.8154320000,2.8259898700,6828598,55178295.0000,2.132328,-3.369400
2010-04-20,2.8259898700,2.8259898700,2.8259898700,2.8259898700,0,0.0000,,0.000000
2010-04-21,2.8154320000,2.8365477400,2.6781796900,2.8295091600,10066485,79006874.0000,3.143405,0.124500
2010-04-22,2.7978355500,2.9597228900,2.7450462000,2.9526843100,13365439,108643136.0000,4.173551,4.353200
2010-04-23,2.9562036000,2.9667614700,2.8822985100,2.9386071500,8090810,67445482.0000,2.526472,-0.476800
2010-04-26,2.9315685700,2.9878772100,2.8506249000,2.8752599300,6125055,51016671.0000,1.912637,-2.155700
2010-04-27,2.8506249000,2.8787792200,2.7591233600,2.8435863200,5607335,44667668.0000,1.750971,-1.101600
2010-04-28,2.8400670300,2.8611827700,2.7837583900,2.7978355500,3192159,25527829.0000,0.996798,-1.608900
2010-04-29,2.8083934200,2.8998949600,2.7978355500,2.8083934200,6142056,49903340.0000,1.917946,0.377400
2010-04-30,2.8119127100,2.8752599300,2.7063340100,2.8259898700,5612361,44885241.0000,1.752541,0.626600
2010-05-04,2.8119127100,2.8822985100,2.7626426500,2.8682213500,4886293,39612043.0000,1.525815,1.494400
2010-05-05,2.8330284500,2.9104528300,2.7872776800,2.8858178000,6436876,52282223.0000,2.010007,0.613500
2010-05-06,2.8858178000,2.8858178000,2.5972360200,2.5972360200,11500969,89636702.0000,3.591343,-10.000000
2010-05-07,2.4599837100,2.4740608700,2.3368085600,2.3649628800,13487126,90951553.0000,4.211549,-8.943100
2010-05-10,2.3438471400,2.3579243000,2.2558648900,2.3297699800,6310406,41279634.0000,1.970515,-1.488100
2010-05-11,2.3755207500,2.4212715200,2.3156928200,2.3262506900,10756840,72384437.0000,3.358978,-0.151100
2010-05-12,2.3051349500,2.3262506900,2.2523456000,2.3192121100,3187052,20752221.0000,0.995203,-0.302600
2010-05-13,2.3227314000,2.3579243000,2.2804999200,2.3544050100,4887226,32264369.0000,1.526107,1.517500
2010-05-14,2.3227314000,2.3508857200,2.2804999200,2.3016156600,5697523,37240692.0000,1.779134,-2.242200
2010-05-17,2.2804999200,2.2804999200,2.1115740000,2.1186125800,5374508,33179556.0000,1.678268,-7.951100
2010-05-18,2.0799003900,2.1819598000,1.9708024000,2.1502861900,10813424,63304036.0000,3.376647,1.495000
2010-05-19,2.0869389700,2.1362090300,2.0271110400,2.0728618100,8562158,50778859.0000,2.673657,-3.600700
2010-05-20,2.0411882000,2.1186125800,2.0059953000,2.0552653600,9164753,53479295.0000,2.861826,-0.848900
2010-05-21,1.9778409800,2.0799003900,1.9637638200,2.0658232300,10193351,58605973.0000,3.183021,0.513700
2010-05-24,2.0799003900,2.1573247700,2.0728618100,2.1432476100,10021620,60682294.0000,3.129395,3.747900
2010-05-25,2.1256511600,2.1362090300,2.0693425200,2.0799003900,7597318,45309453.0000,2.372372,-2.955700
2010-05-26,2.0728618100,2.1010161300,2.0376689100,2.0763811000,5562356,32764601.0000,1.736926,-0.169200
2010-05-27,2.0693425200,2.1186125800,2.0376689100,2.1115740000,5302154,31414081.0000,1.655674,1.694900
2010-05-28,2.1432476100,2.1432476100,2.0728618100,2.0974968400,6959547,41587520.0000,2.173219,-0.666700
2010-05-31,2.0763811000,2.0974968400,2.0130338800,2.0200724600,6520923,38126628.0000,2.036252,-3.691300
2010-06-01,2.0130338800,2.0130338800,1.9180130500,1.9602445300,6386280,35606339.0000,1.994208,-2.961700
2010-06-02,1.9496866600,1.9637638200,1.8933780200,1.9602445300,8333775,45560811.0000,2.602341,0.000000
2010-06-03,1.9743216900,1.9848795600,1.9356095000,1.9391287900,9774838,54389940.0000,3.052334,-1.077200
2010-06-04,1.9215323400,1.9461673700,1.9074551800,1.9426480800,6729510,36852331.0000,2.101386,0.181500
2010-06-07,1.9074551800,1.9109744700,1.8652237000,1.9039358900,7746256,41493079.0000,2.418880,-1.992800
2010-06-08,1.9004166000,1.9356095000,1.8863394400,1.9250516300,4418004,23935072.0000,1.379585,1.109100
2010-06-09,1.9250516300,1.9919181400,1.8968973100,1.9778409800,10179165,56228582.0000,3.178591,2.742232
2010-06-10,1.9602445300,1.9672831100,1.9391287900,1.9496866600,6189068,34300344.0000,1.932626,-1.423500
2010-06-11,1.9567252400,2.0059953000,1.9426480800,1.9813602700,8048271,45115209.0000,2.513189,1.624500
2010-06-17,1.9954374300,1.9954374300,1.9602445300,1.9602445300,4312154,24186624.0000,1.346532,-1.065700
2010-06-18,1.9673583300,1.9744735500,1.9033213500,1.9068789600,5257294,28745655.0000,1.641666,-2.722300
2010-06-21,1.9495702800,1.9744735500,1.8926485200,1.9709159400,8144747,44525958.0000,2.543315,3.358200
2010-06-22,1.9602431100,2.0029344300,1.9531278900,2.0029344300,7542332,41958995.0000,2.355202,1.624500
2010-06-23,1.9780311600,2.0562985800,1.9673583300,2.0100496500,11090584,62827155.0000,3.463195,0.355200
2010-06-24,1.9993768200,2.0136072600,1.9709159400,1.9815887700,7324057,40984239.0000,2.287042,-1.415900
2010-06-25,1.9709159400,1.9780311600,1.9139941800,1.9460126700,4773012,26023183.0000,1.490442,-1.795300
2010-06-28,1.9353398400,1.9531278900,1.9139941800,1.9424550600,3449768,18745748.0000,1.077240,-0.182800
2010-06-29,1.9388974500,1.9424550600,1.7823626100,1.8179387100,5920519,31175062.0000,1.848767,-6.410300
2010-06-30,1.8179387100,1.8499572000,1.7859202200,1.8001506600,7231333,36932707.0000,2.258085,-0.978500
2010-07-01,1.8108234900,1.9744735500,1.8001506600,1.8819756900,19973128,105459631.0000,6.236890,4.545500
2010-07-02,1.8784180800,1.8962061300,1.8072658800,1.8890909100,9823630,51300726.0000,3.067567,0.378100
2010-07-05,1.8819756900,1.9460126700,1.8179387100,1.9104365700,11840912,62456925.0000,3.697491,1.129900
2010-07-06,1.8784180800,1.9495702800,1.8784180800,1.9424550600,14182721,76862519.0000,4.428754,1.676000
2010-07-07,1.9531278900,1.9566855000,1.9139941800,1.9424550600,9382192,51045898.0000,2.929721,0.000000
2010-07-08,1.9566855000,1.9638007200,1.9104365700,1.9211094000,8233182,44747707.0000,2.570927,-1.098900
2010-07-09,1.9211094000,2.0456257500,1.9104365700,2.0100496500,24367823,136447943.0000,7.609195,4.629600
2010-07-12,2.0064920400,2.0420681400,1.9815887700,2.0349529200,16733012,94742604.0000,5.225118,1.238900
2010-07-13,2.0100496500,2.0100496500,1.9531278900,1.9744735500,12531070,69474854.0000,3.913003,-2.972000
2010-07-14,1.9744735500,2.0171648700,1.9673583300,2.0136072600,12925946,72692919.0000,4.036308,1.982000
2010-07-15,2.0064920400,2.0812018500,1.9744735500,2.0242800900,19542084,112379892.0000,6.102290,0.530000
2010-07-16,2.0136072600,2.1487964400,1.9958192100,2.1025475100,24232027,142031412.0000,7.566791,3.866429
2010-07-19,2.0812018500,2.2057182000,2.0669714100,2.2021605900,27792009,168021143.0000,8.678445,4.737700
2010-07-20,2.1879301500,2.2697551800,2.1736997100,2.2306214700,24973152,155698269.0000,7.798218,1.292400
2010-07-21,2.2235062500,2.3124465000,2.2092758100,2.2733127900,19562708,123826618.0000,6.108731,1.913900
2010-07-22,2.2661975700,2.2946584500,2.2235062500,2.2697551800,12626696,80122793.0000,3.942863,-0.156500
2010-07-23,2.2661975700,2.2661975700,2.1914877600,2.2555247400,18394743,114997985.0000,5.744017,-0.627000
2010-07-26,2.2448519100,2.2946584500,2.2092758100,2.2590823500,13097512,82833181.0000,4.089882,0.157700
2010-07-27,2.2412943000,2.2555247400,2.2163910300,2.2306214700,8347021,52421611.0000,2.606475,-1.259800
2010-07-28,2.2235062500,2.2911008400,2.2163910300,2.2733127900,18851576,119822793.0000,5.886670,1.913900
2010-07-29,2.2875432300,2.4013867500,2.2519671300,2.2982160600,20160430,131184814.0000,6.295378,1.095500
2010-07-30,2.2768704000,2.2875432300,2.2235062500,2.2555247400,12747121,80753997.0000,3.980468,-1.857600
2010-08-02,2.2519671300,2.2982160600,2.2341790800,2.2875432300,11471275,73226392.0000,3.582067,1.419600
2010-08-03,2.2946584500,2.3409073800,2.2555247400,2.2590823500,13283255,85994039.0000,4.147883,-1.244200
2010-08-04,2.2412943000,2.2733127900,2.1914877600,2.2555247400,9805208,61386554.0000,3.061814,-0.157500
2010-08-05,2.2519671300,2.2519671300,2.2021605900,2.2199486400,10867719,67852444.0000,3.393598,-1.577300
2010-08-06,2.2128334200,2.2697551800,2.1950453700,2.2697551800,8301268,52135305.0000,2.592188,2.243600
2010-08-09,2.2733127900,2.3195617200,2.2590823500,2.3017736700,9957655,64117649.0000,3.109418,1.410700
2010-08-10,2.3017736700,2.3480226000,2.2555247400,2.2590823500,14235413,92286642.0000,4.445208,-1.854700
2010-08-11,2.2412943000,2.2804280100,2.2128334200,2.2590823500,6927076,43683172.0000,2.163077,0.000000
2010-08-12,2.2377366900,2.2448519100,2.1701421000,2.1808149300,9492419,59010737.0000,2.964141,-3.464600
2010-08-13,2.1808149300,2.2163910300,2.1665844900,2.2128334200,4905521,30247484.0000,1.531818,1.468200
2010-08-16,2.2057182000,2.2768704000,2.1950453700,2.2733127900,8564427,54033614.0000,2.674363,2.733100
2010-08-17,2.2946584500,2.3088888900,2.2590823500,2.2875432300,7921216,50852015.0000,2.473511,0.626000
2010-08-18,2.2875432300,2.2911008400,2.2306214700,2.2590823500,7296085,46312558.0000,2.278305,-1.244200
2010-08-19,2.2555247400,2.3053312800,2.2341790800,2.2839856200,10126436,64827474.0000,3.162122,1.102400
2010-08-20,2.2768704000,2.3729258700,2.2590823500,2.3088888900,19796722,128742163.0000,6.181805,1.090300
2010-08-23,2.3231193300,2.3622530400,2.2946584500,2.3586954300,14685325,95875794.0000,4.585699,2.157200
2010-08-24,2.3515802100,2.5045574400,2.3195617200,2.4298476300,28337713,193158973.0000,8.848849,3.016600
2010-08-25,2.3942715300,2.4120595800,2.2804280100,2.2839856200,17471306,115000273.0000,5.455661,-6.002900
2010-08-26,2.2911008400,2.3124465000,2.2412943000,2.2697551800,8270020,53004983.0000,2.582430,-0.623100
2010-08-27,2.2661975700,2.2697551800,2.2235062500,2.2661975700,6063404,38291347.0000,1.893383,-0.156700
2010-08-30,2.2733127900,2.3088888900,2.2555247400,2.2982160600,7925806,50910059.0000,2.474944,1.412900
2010-08-31,2.2946584500,2.2946584500,2.2519671300,2.2661975700,7498064,47756611.0000,2.341376,-1.393200
2010-09-01,2.2590823500,2.3658106500,2.2519671300,2.2839856200,14448178,93488932.0000,4.511647,0.784900
2010-09-02,2.3124465000,2.3444649900,2.2946584500,2.3266769400,12156123,79162978.0000,3.795920,1.869200
2010-09-03,2.3302345500,2.4085019700,2.3088888900,2.3835987000,15176659,100446490.0000,4.739125,2.446500
2010-09-06,2.4120595800,2.4832117800,2.4049443600,2.4440780700,20698363,142042307.0000,6.463355,2.537300
2010-09-07,2.4583085100,2.5436911500,2.4191748000,2.4405204600,19233347,133816997.0000,6.005883,-0.145600
2010-09-08,2.4298476300,2.4440780700,2.3693682600,2.4191748000,10700536,71933637.0000,3.341393,-0.874635
2010-09-09,2.4156171900,2.4156171900,2.3231193300,2.3373497700,10394216,69159357.0000,3.245740,-3.382400
2010-09-10,2.3373497700,2.3658106500,2.2875432300,2.3515802100,5933519,38940556.0000,1.852825,0.608800
2010-09-13,2.3586954300,2.3871563100,2.3337921600,2.3729258700,5980340,39748727.0000,1.867445,0.907700
2010-09-14,2.3693682600,2.3942715300,2.3302345500,2.3373497700,6750494,44685882.0000,2.107937,-1.499300
2010-09-15,2.3373497700,2.3622530400,2.2839856200,2.2946584500,8332896,54109948.0000,2.602064,-1.826500
2010-09-16,2.2911008400,2.3124465000,2.2235062500,2.2519671300,7685893,49022512.0000,2.400028,-1.860500
2010-09-17,2.2484095200,2.2590823500,2.2128334200,2.2199486400,8560691,53627539.0000,2.673196,-1.421800
2010-09-20,2.2163910300,2.2235062500,2.1274507800,2.1950453700,7837165,47981770.0000,2.447265,-1.121800
2010-09-21,2.1843725400,2.2306214700,2.1808149300,2.2128334200,5829351,36210446.0000,1.820297,0.810400
2010-09-27,2.2412943000,2.2484095200,2.1986029800,2.2341790800,2744912,17168262.0000,0.857137,0.964600
2010-09-28,2.2306214700,2.3053312800,2.2128334200,2.2911008400,6974898,44025296.0000,2.178010,2.547800
2010-09-29,2.2768704000,2.3444649900,2.2235062500,2.3160041100,10523273,67603267.0000,3.286040,1.087000
2010-09-30,2.3017736700,2.3835987000,2.2911008400,2.3480226000,13033345,85254209.0000,4.069845,1.382500
2010-10-08,2.3515802100,2.3978291400,2.3195617200,2.3729258700,16500666,109841202.0000,5.152565,1.060600
2010-10-11,2.3764834800,2.4511932900,2.3586954300,2.4191748000,22122767,149473738.0000,6.908145,1.949000
2010-10-12,2.4156171900,2.4156171900,2.3551378200,2.3835987000,18027673,120402958.0000,5.629394,-1.470600
2010-10-13,2.3800410900,2.4440780700,2.3658106500,2.3835987000,16898473,113718724.0000,5.276786,0.000000
2010-10-14,2.3907139200,2.4049443600,2.3088888900,2.3124465000,15926357,105020033.0000,4.973229,-2.985100
2010-10-15,2.2982160600,2.4049443600,2.2982160600,2.3978291400,18086867,119472709.0000,5.647878,3.692300
2010-10-18,2.4085019700,2.5899400800,2.4085019700,2.4832117800,42927744,303648804.0000,13.404791,3.560800
2010-10-19,2.4974422200,2.4974422200,2.3978291400,2.4867693900,19537541,133749746.0000,6.100872,0.143300
2010-10-20,2.4120595800,2.4476356800,2.3551378200,2.3658106500,18444341,124505502.0000,5.759505,-4.864100
2010-10-21,2.3729258700,2.4298476300,2.3337921600,2.4262900200,13186929,87825780.0000,4.117804,2.556400
2010-10-22,2.4120595800,2.4156171900,2.3693682600,2.3835987000,8367832,56232818.0000,2.612973,-1.759500
2010-10-25,2.3693682600,2.4120595800,2.3480226000,2.4085019700,11065706,74154203.0000,3.455422,1.044800
2010-10-26,2.4085019700,2.4689813400,2.3907139200,2.4334052400,15267901,104315228.0000,4.767617,1.034000
2010-10-27,2.4298476300,2.5436911500,2.4049443600,2.4832117800,23340557,162832392.0000,7.288417,2.046800
2010-10-28,2.4618661200,2.5259031000,2.4262900200,2.4405204600,13941601,96753473.0000,4.353461,-1.719200
2010-10-29,2.4298476300,2.4405204600,2.3444649900,2.3835987000,15313850,102262282.0000,4.781965,-2.332400
2010-11-01,2.3658106500,2.4618661200,2.3658106500,2.4583085100,14200701,97017401.0000,4.434368,3.134300
2010-11-02,2.4547509000,2.5401335400,2.4298476300,2.4760965600,21705524,152118690.0000,1.557704,0.723600
2010-11-03,2.4796541700,2.5009998300,2.4191748000,2.4227324100,12504731,85776953.0000,0.897406,-2.155200
2010-11-04,2.4405204600,2.4583085100,2.4013867500,2.4440780700,14269808,97202021.0000,1.024077,0.881100
2010-11-05,2.4654237300,2.4974422200,2.4405204600,2.4689813400,16018431,111174088.0000,1.149568,1.018900
2010-11-08,2.4832117800,2.5721520300,2.4689813400,2.5650368100,21483430,151630868.0000,1.541765,3.890500
2010-11-09,2.5650368100,2.5650368100,2.4903270000,2.5294607100,13828500,97992324.0000,0.992407,-1.387000
2010-11-10,2.5259031000,2.5259031000,2.4796541700,2.4867693900,13996627,98210862.0000,1.004472,-1.687800
2010-11-11,2.4903270000,2.5223454900,2.4760965600,2.4903270000,13468123,94865369.0000,0.966544,0.143100
2010-11-12,2.4689813400,2.4796541700,2.2839856200,2.3160041100,15156150,101852870.0000,1.087686,-7.000000
2010-11-15,2.3231193300,2.3409073800,2.2661975700,2.3195617200,7523381,48561748.0000,0.539918,0.153600
2010-11-16,2.3195617200,2.3409073800,2.2235062500,2.2341790800,7506022,48170215.0000,0.538672,-3.681000
2010-11-17,2.2199486400,2.2519671300,2.1879301500,2.2057182000,4587353,28600655.0000,0.329213,-1.273900
2010-11-18,2.2306214700,2.2377366900,2.1772573200,2.2092758100,5602176,34680317.0000,0.402042,0.161300
2010-11-19,2.2163910300,2.2163910300,2.1559116600,2.2092758100,5356123,32990688.0000,0.384384,0.000000
2010-11-22,2.1879301500,2.2092758100,2.1772573200,2.1986029800,5250949,32431464.0000,0.376836,-0.483100
2010-11-23,2.1986029800,2.1986029800,2.0883170700,2.1203355600,6918455,41643610.0000,0.496505,-3.559900
2010-11-24,2.1167779500,2.1523540500,2.1025475100,2.1523540500,3877914,23302582.0000,0.278300,1.510100
2010-11-25,2.1523540500,2.1986029800,2.1487964400,2.1879301500,6015371,36752042.0000,0.431695,1.652900
2010-11-26,2.1879301500,2.1879301500,2.1416812200,2.1523540500,4935655,29911479.0000,0.354209,-1.626000
2010-11-29,2.1452388300,2.1594692700,2.1096627300,2.1238931700,5391994,32248215.0000,0.386958,-1.322300
2010-11-30,2.1274507800,2.1523540500,2.0136072600,2.0562985800,6983659,40867074.0000,0.501185,-3.182600
2010-12-01,2.0527409700,2.0740866300,2.0456257500,2.0598561900,4201433,24300541.0000,0.301517,0.173000
2010-12-02,2.0776442400,2.0989899000,2.0562985800,2.0669714100,5053336,29514730.0000,0.362654,0.345400
2010-12-03,2.0740866300,2.0776442400,2.0420681400,2.0705290200,3352376,19417017.0000,0.240584,0.172100
2010-12-06,2.0705290200,2.0883170700,2.0313953100,2.0562985800,2890370,16743462.0000,0.207428,-0.687300
2010-12-07,2.0527409700,2.0954322900,2.0278377000,2.0918746800,4003474,23269475.0000,0.287311,1.730100
2010-12-08,2.0918746800,2.1061051200,2.0812018500,2.0989899000,4415554,26025590.0000,0.316884,0.340100
2010-12-09,2.1025475100,2.1452388300,2.0705290200,2.0812018500,6080555,36215706.0000,0.436373,-0.847500
2010-12-10,2.0705290200,2.1061051200,2.0562985800,2.1025475100,3395632,19869801.0000,0.243689,1.025600
2010-12-13,2.1096627300,2.1416812200,2.0989899000,2.1310083900,6154670,36713556.0000,0.441692,1.353600
2010-12-14,2.1452388300,2.1808149300,2.1416812200,2.1630268800,7203003,43747632.0000,0.516926,1.502500
2010-12-15,2.1523540500,2.1630268800,2.1238931700,2.1381236100,5867507,35254380.0000,0.421084,-1.151300
2010-12-16,2.1345660000,2.1452388300,2.1132203400,2.1345660000,4035456,24109930.0000,0.289606,-0.166400
2010-12-17,2.1381236100,2.1630268800,2.1203355600,2.1487964400,3132194,18845716.0000,0.224783,0.666700
2010-12-20,2.1630268800,2.1630268800,2.0812018500,2.1025475100,4501627,26728646.0000,0.323061,-2.152300
2010-12-21,2.0989899000,2.1452388300,2.0883170700,2.1416812200,3552603,21209915.0000,0.254954,1.861300
2010-12-22,2.1381236100,2.1950453700,2.1345660000,2.1452388300,7367357,44771722.0000,0.528721,0.166100
2010-12-23,2.1487964400,2.1487964400,2.0989899000,2.1096627300,4628096,27547335.0000,0.332137,-1.658400
2010-12-24,2.1025475100,2.1167779500,2.0812018500,2.0989899000,3291187,19432349.0000,0.236193,-0.505900
2010-12-27,2.1061051200,2.1203355600,2.0491833600,2.0634138000,3193313,18769019.0000,0.229169,-1.694900
2010-12-28,2.0491833600,2.0598561900,2.0064920400,2.0100496500,2954427,16863427.0000,0.212025,-2.586200
2010-12-29,2.0136072600,2.0385105300,2.0100496500,2.0242800900,1804500,10256927.0000,0.129501,0.708000
2010-12-30,2.0278377000,2.0349529200,2.0064920400,2.0171648700,2238093,12701806.0000,0.160617,-0.351500
2010-12-31,2.0242800900,2.0456257500,2.0100496500,2.0456257500,2394002,13657188.0000,0.171806,1.410900
2011-01-04,2.0562985800,2.0918746800,2.0385105300,2.0883170700,3725357,21733610.0000,0.267351,2.087000
2011-01-05,2.0883170700,2.0883170700,2.0883170700,2.0883170700,0,0.0000,,0.000000
2011-01-06,2.0740866300,2.0918746800,2.0705290200,2.0883170700,3035311,17768884.0000,0.217830,0.000000
2011-01-07,2.0883170700,2.1416812200,2.0776442400,2.1132203400,5887672,35003932.0000,0.422531,1.192500
2011-01-10,2.1274507800,2.1274507800,2.0740866300,2.0812018500,3023403,17807265.0000,0.216975,-1.515200
2011-01-11,2.0883170700,2.0883170700,2.0491833600,2.0812018500,3371790,19589626.0000,0.241978,0.000000
2011-01-12,2.0847594600,2.1381236100,2.0812018500,2.1167779500,4697656,27894347.0000,0.337129,1.709400
2011-01-13,2.1203355600,2.1274507800,2.0989899000,2.1025475100,2484354,14752279.0000,0.178290,-0.672300
2011-01-14,2.0989899000,2.0989899000,2.0669714100,2.0883170700,2642890,15485163.0000,0.189668,-0.676800
2011-01-17,2.0740866300,2.0847594600,2.0207224800,2.0278377000,2933589,16892667.0000,0.210530,-2.896100
2011-01-18,2.0207224800,2.0598561900,2.0100496500,2.0562985800,2578805,14751299.0000,0.185069,1.403500
2011-01-19,2.0527409700,2.1274507800,2.0420681400,2.1167779500,6101200,35915504.0000,0.437855,2.941200
2011-01-20,2.1310083900,2.3088888900,2.0847594600,2.1736997100,13869597,84497588.0000,0.995356,2.689100
2011-01-21,2.1345660000,2.2341790800,2.1274507800,2.1665844900,11942638,72970697.0000,0.857067,-0.327300
2011-01-24,2.1594692700,2.1843725400,2.1381236100,2.1630268800,4694638,28497986.0000,0.336912,-0.164200
2011-01-25,2.1630268800,2.2163910300,2.1416812200,2.1416812200,5046838,30856573.0000,0.362188,-0.986800
2011-01-26,2.1452388300,2.1523540500,2.0989899000,2.1487964400,4077064,24465207.0000,0.292592,0.332200
2011-01-27,2.1381236100,2.1879301500,2.1096627300,2.1665844900,5954608,35993912.0000,0.427334,0.827800
2011-01-28,2.1772573200,2.1772573200,2.1381236100,2.1594692700,2747024,16629761.0000,0.197141,-0.328400
2011-01-31,2.1559116600,2.1986029800,2.1523540500,2.1914877600,4894929,30027021.0000,0.351286,1.482700
2011-02-01,2.1914877600,2.2021605900,2.1523540500,2.1665844900,3244558,19775595.0000,0.232847,-1.136400
2011-02-09,2.1487964400,2.1879301500,2.1310083900,2.1381236100,2913616,17636268.0000,0.209097,-1.313600
2011-02-10,2.1381236100,2.1950453700,2.1310083900,2.1914877600,5079526,30991091.0000,0.364534,2.495800
2011-02-11,2.1772573200,2.2128334200,2.1772573200,2.1914877600,4692823,28989674.0000,0.336782,0.000000
2011-02-14,2.2021605900,2.3373497700,2.2021605900,2.2875432300,18579439,118804315.0000,1.333359,4.383100
2011-02-15,2.2733127900,2.3017736700,2.2555247400,2.2590823500,6437145,41232155.0000,0.461964,-1.244200
2011-02-16,2.2448519100,2.3586954300,2.2448519100,2.3373497700,12913971,84722694.0000,0.926775,3.464600
2011-02-17,2.3444649900,2.3551378200,2.2982160600,2.3302345500,4839530,31599868.0000,0.347310,-0.304400
2011-02-18,2.3302345500,2.3302345500,2.2590823500,2.2804280100,4858011,31180235.0000,0.348637,-2.137400
2011-02-21,2.2733127900,2.2982160600,2.2519671300,2.2982160600,3517102,22567876.0000,0.252406,0.780000
2011-02-22,2.2982160600,2.3053312800,2.1914877600,2.1986029800,6346200,39856773.0000,0.455437,-4.334400
2011-02-23,2.1950453700,2.2199486400,2.1808149300,2.2021605900,3770149,23356237.0000,0.270566,0.161800
2011-02-24,2.2057182000,2.2163910300,2.1879301500,2.1986029800,5127321,31707089.0000,0.367964,-0.161600
2011-02-25,2.2021605900,2.2021605900,2.1630268800,2.1843725400,4756348,29107393.0000,0.341341,-0.647200
2011-02-28,2.1772573200,2.2199486400,2.1701421000,2.2163910300,3706466,22945008.0000,0.265996,1.465800
2011-03-01,2.2163910300,2.2306214700,2.2021605900,2.2270638600,4379936,27296252.0000,0.314328,0.481544
2011-03-02,2.2163910300,2.2235062500,2.1736997100,2.2163910300,4193943,25909613.0000,0.300980,-0.479200
2011-03-03,2.2092758100,2.2306214700,2.1986029800,2.2057182000,3518196,21881427.0000,0.252484,-0.481500
2011-03-04,2.1986029800,2.3017736700,2.1986029800,2.2982160600,11919932,75886958.0000,0.855438,4.193500
2011-03-07,2.3017736700,2.3337921600,2.2519671300,2.3195617200,12527489,80929247.0000,0.899039,0.928800
2011-03-08,2.3160041100,2.3195617200,2.2733127900,2.2946584500,8528597,54857848.0000,0.612058,-1.073600
2011-03-09,2.2911008400,2.2982160600,2.2590823500,2.2839856200,4411651,28282988.0000,0.316604,-0.465100
2011-03-10,2.2875432300,2.2875432300,2.2377366900,2.2412943000,7923801,50151993.0000,0.568654,-1.869200
2011-03-11,2.2377366900,2.2519671300,2.2092758100,2.2163910300,6436387,40290806.0000,0.461909,-1.111100
2011-03-14,2.2412943000,2.2555247400,2.2235062500,2.2306214700,7917055,49816816.0000,0.568170,0.642100
2011-03-15,2.2341790800,2.2661975700,2.1701421000,2.2626399600,12168066,76123498.0000,0.873245,1.435400
2011-03-16,2.2590823500,2.3160041100,2.2306214700,2.2982160600,11607250,74147759.0000,0.832998,1.572300
2011-03-17,2.2697551800,2.2839856200,2.2377366900,2.2377366900,6443059,40987809.0000,0.462388,-2.631600
2011-03-18,2.2555247400,2.3017736700,2.2448519100,2.2661975700,5231152,33369152.0000,0.375415,1.271900
2011-03-21,2.2661975700,2.2804280100,2.2306214700,2.2377366900,4079254,25793257.0000,0.292749,-1.255900
2011-03-22,2.2341790800,2.2519671300,2.1914877600,2.2163910300,5156954,32033558.0000,0.370090,-0.953900
2011-03-23,2.2163910300,2.2199486400,2.1772573200,2.2163910300,12544000,77578564.0000,0.900224,0.000000
2011-03-24,2.2163910300,2.2163910300,2.1843725400,2.1950453700,9078920,56016705.0000,0.651552,-0.963100
2011-03-25,2.1914877600,2.2341790800,2.1914877600,2.2235062500,8576290,53366614.0000,0.615480,1.296600
2011-03-28,2.2306214700,2.2839856200,2.2199486400,2.2590823500,15163315,96401234.0000,1.088200,1.600000
2011-03-29,2.2804280100,2.4867693900,2.2804280100,2.4867693900,20943704,143682073.0000,1.503032,10.078700
2011-03-30,2.5614792000,2.6610922800,2.5116726600,2.5508063700,60678790,438883901.0000,4.354633,2.575100
2011-03-31,2.4796541700,2.5081150500,2.3764834800,2.3835987000,25216242,172293242.0000,1.809652,-6.555100
2011-04-01,2.3622530400,2.4369628500,2.3266769400,2.4262900200,12603241,84942909.0000,0.904476,1.791000
2011-04-06,2.4013867500,2.4511932900,2.3729258700,2.4298476300,14096623,95745663.0000,1.011649,0.146600
2011-04-07,2.4298476300,2.6504194500,2.4049443600,2.5721520300,32748591,234633228.0000,2.350213,5.856500
2011-04-08,2.5436911500,2.7108988200,2.5259031000,2.6219585700,24945299,184959233.0000,1.790207,1.936400
2011-04-11,2.6219585700,2.7535901400,2.5828248600,2.6575346700,29410237,223148018.0000,2.110635,1.356900
2011-04-12,2.6504194500,2.8354151700,2.6148433500,2.7180140400,28831089,222166283.0000,2.069072,2.275800
2011-04-13,2.7037836000,2.8247423400,2.6859955500,2.7464749200,25126612,195407779.0000,1.803219,1.047100
2011-04-14,2.7358020900,2.8033966800,2.6895531600,2.7393597000,17046490,131671059.0000,1.223347,-0.259100
2011-04-15,2.7215716500,2.7215716500,2.6255161800,2.6788803300,13487599,101505398.0000,0.967942,-2.207800
2011-04-18,2.6575346700,2.7642629700,2.6504194500,2.7393597000,10814435,82330937.0000,0.776101,2.257600
2011-04-19,2.7144564300,2.8282999500,2.6610922800,2.6788803300,13710169,105316972.0000,0.983915,-2.207800
2011-04-20,2.6646498900,2.7108988200,2.5828248600,2.5899400800,11843897,87564476.0000,0.849981,-3.320100
2011-04-21,2.6148433500,2.7358020900,2.6041705200,2.6646498900,11777392,88614220.0000,0.845208,2.884600
2011-04-22,2.6682075000,2.8425303900,2.6397466200,2.7180140400,24154043,187758610.0000,1.733423,2.002700
2011-04-25,2.7037836000,2.7713781900,2.6646498900,2.6931107700,12004067,91573132.0000,0.861476,-0.916200
2011-04-26,2.6433042300,2.7037836000,2.5294607100,2.5543639800,12198678,89239350.0000,0.875442,-5.151900
2011-04-27,2.5543639800,2.6006129100,2.4867693900,2.5508063700,6709141,48139073.0000,0.481484,-0.139300
2011-04-28,2.5614792000,2.5970553000,2.3978291400,2.4156171900,11019432,76869279.0000,0.790813,-5.299900
2011-04-29,2.4227324100,2.4974422200,2.4085019700,2.4938846100,4981039,34368331.0000,0.357466,3.240100
2011-05-03,2.4903270000,2.6788803300,2.4191748000,2.6717651100,13184785,95637778.0000,0.946210,7.132700
2011-05-04,2.6433042300,2.7500325300,2.5543639800,2.5899400800,18357705,137790830.0000,1.317447,-3.062600
2011-05-05,2.5899400800,2.6966683800,2.5508063700,2.6575346700,8658989,64089631.0000,0.621415,2.609900
2011-05-06,2.6326314000,2.6397466200,2.5614792000,2.6184009600,6754699,49293102.0000,0.484753,-1.472600
2011-05-09,2.6148433500,2.6255161800,2.5899400800,2.5934976900,4933108,36178230.0000,0.354026,-0.951100
2011-05-10,2.5934976900,2.5934976900,2.5934976900,2.5934976900,0,0.0000,,0.000000
2011-05-11,2.5970553000,2.6290737900,2.5472487600,2.5899400800,6787969,49525190.0000,0.487141,-0.137200
2011-05-12,2.5614792000,2.5934976900,2.4903270000,2.5116726600,5219131,37369343.0000,0.374553,-3.022000
2011-05-13,2.5223454900,2.5614792000,2.4547509000,2.5223454900,6787685,47694464.0000,0.487120,0.424900
2011-05-16,2.5187878800,2.5187878800,2.4760965600,2.5045574400,5532108,38710553.0000,0.397014,-0.705200
2011-05-17,2.4974422200,2.5330183200,2.4654237300,2.5081150500,4053098,28491892.0000,0.290872,0.142000
2011-05-18,2.5116726600,2.5757096400,2.5045574400,2.5472487600,3845552,27565658.0000,0.275977,1.560300
2011-05-19,2.5508063700,2.5792672500,2.5152302700,2.5757096400,6177473,44247424.0000,0.443328,1.117300
2011-05-20,2.5650368100,2.6255161800,2.5223454900,2.5401335400,6756567,48933776.0000,0.484887,-1.381200
2011-05-23,2.5365759300,2.5436911500,2.4262900200,2.4334052400,6800799,47024249.0000,0.488062,-4.201700
2011-05-24,2.4191748000,2.4654237300,2.3978291400,2.4583085100,4590670,31395373.0000,0.329451,1.023400
2011-05-25,2.4476356800,2.5792672500,2.4369628500,2.4511932900,8188149,57542561.0000,0.587625,-0.289400
2011-05-26,2.4654237300,2.5009998300,2.4049443600,2.4120595800,4533665,31287675.0000,0.325360,-1.596500
2011-05-27,2.3907139200,2.4583085100,2.3622530400,2.3658106500,4708260,31722789.0000,0.337890,-1.917400
2011-05-30,2.3764834800,2.3907139200,2.3053312800,2.3444649900,3636479,24088982.0000,0.260973,-0.902300
2011-05-31,2.3409073800,2.3978291400,2.3160041100,2.3942715300,3179987,21095050.0000,0.228213,2.124400
2011-06-01,2.3835987000,2.3907139200,2.3658106500,2.3800410900,2022803,13527524.0000,0.145167,-0.594400
2011-06-02,2.3693682600,2.4156171900,2.3053312800,2.3658106500,4651324,30888693.0000,0.333804,-0.597900
2011-06-03,2.3658106500,2.3942715300,2.3444649900,2.3729258700,2969525,19768483.0000,0.213109,0.300800
2011-06-07,2.3729258700,2.4583085100,2.3480226000,2.4511932900,5835964,39554048.0000,0.418820,3.298400
2011-06-08,2.4298476300,2.4476356800,2.3978291400,2.4369628500,3359131,22889575.0000,0.241069,-0.580600
2011-06-09,2.4369628500,2.4618661200,2.4049443600,2.4156171900,3736985,25557235.0000,0.268186,-0.875900
2011-06-10,2.4120595800,2.4689813400,2.3871563100,2.4654237300,3353238,22879397.0000,0.240646,2.061900
2011-06-13,2.4476356800,2.5009998300,2.4334052400,2.4867693900,9206543,64113403.0000,0.660711,0.865800
2011-06-14,2.4796541700,2.4974422200,2.4440780700,2.4832117800,7099816,49405426.0000,0.509521,-0.143100
2011-06-15,2.4689813400,2.5436911500,2.4547509000,2.4618661200,8383177,58789100.0000,0.601621,-0.859600
2011-06-16,2.4618661200,2.4618661200,2.4618661200,2.4618661200,0,0.0000,,0.000000
2011-06-17,2.4618661200,2.4618661200,2.4618661200,2.4618661200,0,0.0000,,0.000000
2011-06-20,2.4618661200,2.4618661200,2.4618661200,2.4618661200,0,0.0000,,0.000000
2011-06-21,2.4618661200,2.4618661200,2.4618661200,2.4618661200,0,0.0000,,0.000000
2011-06-22,2.4618661200,2.4618661200,2.4618661200,2.4618661200,0,0.0000,,0.000000
2011-06-23,2.7037836000,2.7037836000,2.4796541700,2.5294607100,46503785,335994519.0000,3.337359,2.745700
2011-06-24,2.5259031000,2.5899400800,2.4191748000,2.5152302700,36311403,255905393.0000,2.605900,-0.562600
2011-06-27,2.4974422200,2.5757096400,2.4974422200,2.5650368100,21255047,151351533.0000,1.525375,1.980200
2011-06-28,2.5508063700,2.5579215900,2.4867693900,2.5259031000,15516896,110009495.0000,1.113575,-1.525700
2011-06-29,2.5081150500,2.5294607100,2.4618661200,2.4760965600,7375354,51757042.0000,0.529295,-1.971800
2011-06-30,2.4689813400,2.5152302700,2.4689813400,2.4938846100,7987335,55966882.0000,0.573214,0.718400
2011-07-01,2.4974776800,2.6410108800,2.4867126900,2.5871859300,21083307,151138385.0000,1.513050,3.741000
2011-07-04,2.5871859300,2.6158925700,2.5656559500,2.6158925700,13996112,100999404.0000,1.004436,1.109600
2011-07-05,2.6051275800,2.6230692300,2.5835976000,2.6015392500,7953156,57625543.0000,0.570761,-0.548700
2011-07-06,2.6015392500,2.6051275800,2.5513026300,2.5800092700,6917787,49550607.0000,0.496457,-0.827600
2011-07-07,2.5728326100,2.5907742600,2.5441259700,2.5584792900,7706253,55088051.0000,0.553042,-0.834500
2011-07-08,2.5513026300,2.5728326100,2.5405376400,2.5692442800,5825490,41498964.0000,0.418068,0.420754
2011-07-11,2.5584792900,2.6374225500,2.5513026300,2.6338342200,12559745,91332155.0000,0.901354,2.514000
2011-07-12,2.6087159100,2.8240157100,2.5907742600,2.7163658100,21326472,160889491.0000,1.530501,3.133500
2011-07-13,2.6840708400,2.7630141000,2.6589525300,2.7522491100,13106130,99647063.0000,0.940566,1.321000
2011-07-14,2.7486607800,2.7594257700,2.7020124900,2.7307191300,7735927,58732256.0000,0.555171,-0.782300
2011-07-15,2.7163658100,2.7881324100,2.7020124900,2.7378957900,8223553,62841001.0000,0.590166,0.262800
2011-07-18,2.7378957900,2.7594257700,2.6661291900,2.6912475000,8492150,64051184.0000,0.609442,-1.703800
2011-07-19,2.6984241600,2.6984241600,2.6123042400,2.6230692300,6768811,49698841.0000,0.485766,-2.533300
2011-07-20,2.6302458900,2.6445992100,2.5692442800,2.5943625900,6893485,49955985.0000,0.494713,-1.094400
2011-07-21,2.5943625900,2.6051275800,2.4974776800,2.5118310000,10444835,74202779.0000,0.749577,-3.181200
2011-07-22,2.5225959900,2.5656559500,2.5082426700,2.5441259700,6121585,43266657.0000,0.439318,1.285700
2011-07-25,2.5369493100,2.5620676200,2.4041811000,2.4436527300,7934929,54912525.0000,0.569453,-3.949200
2011-07-26,2.4400644000,2.4723593700,2.4221227500,2.4687710400,2413253,16474170.0000,0.173188,1.027900
2011-07-27,2.4687710400,2.4903010200,2.4400644000,2.4831243600,3380892,23262306.0000,0.242631,0.581400
2011-07-28,2.4508293900,2.4974776800,2.4400644000,2.4723593700,3880328,26638728.0000,0.278473,-0.433500
2011-07-29,2.4615943800,2.5225959900,2.4436527300,2.4974776800,5666569,39171510.0000,0.406663,1.016000
2011-08-01,2.4974776800,2.6015392500,2.4615943800,2.5477143000,7902843,56238736.0000,0.567150,2.011500
2011-08-02,2.5225959900,2.5620676200,2.4974776800,2.5441259700,6483622,45733859.0000,0.465299,-0.140800
2011-08-03,2.5584792900,2.5835976000,2.5225959900,2.5369493100,5843423,41634561.0000,0.419355,-0.282100
2011-08-04,2.5333609800,2.5513026300,2.5154193300,2.5261843200,3424943,24100977.0000,0.245792,-0.424300
2011-08-05,2.4508293900,2.5584792900,2.4328877400,2.4938893500,6865395,47444211.0000,0.492697,-1.278400
2011-08-08,2.4651827100,2.4759477000,2.3037078600,2.3682978000,7530889,50453362.0000,0.540457,-5.036000
2011-08-09,2.3252378400,2.3754744600,2.2821778800,2.3539444800,5346880,34737164.0000,0.383721,-0.606100
2011-08-10,2.3862394500,2.4113577600,2.3682978000,2.3718861300,3372160,22456557.0000,0.242004,0.762200
2011-08-11,2.3324145000,2.3970044400,2.3144728500,2.3790627900,3334491,21908931.0000,0.239301,0.302600
2011-08-12,2.3934161100,2.4328877400,2.3826511200,2.4005927700,3782679,25413264.0000,0.271465,0.905000
2011-08-15,2.4436527300,2.4472410600,2.4005927700,2.4328877400,3487511,23517777.0000,0.250282,1.345300
2011-08-16,2.4400644000,2.4436527300,2.3682978000,2.3826511200,5665671,37887572.0000,0.406599,-2.064900
2011-08-17,2.3754744600,2.3862394500,2.3252378400,2.3324145000,4991778,32678183.0000,0.358237,-2.108400
2011-08-18,2.3431794900,2.3575328100,2.3108845200,2.3395911600,4227778,27501039.0000,0.303408,0.307700
2011-08-19,2.2857662100,2.4759477000,2.2750012200,2.3575328100,8452710,56194832.0000,0.606611,0.766900
2011-08-22,2.3682978000,2.3682978000,2.2785895500,2.2965312000,4575565,29469801.0000,0.328367,-2.587500
2011-08-23,2.3072961900,2.3216495100,2.2929428700,2.3216495100,3585529,23082635.0000,0.257317,1.093800
2011-08-24,2.3324145000,2.3395911600,2.2965312000,2.3037078600,2473384,15970432.0000,0.177503,-0.772800
2011-08-25,2.3001195300,2.3647094700,2.3001195300,2.3539444800,4078663,26599587.0000,0.292707,2.180700
2011-08-26,2.3467678200,2.3539444800,2.3144728500,2.3431794900,3814722,24817226.0000,0.273765,-0.457313
2011-08-29,2.3252378400,2.3360028300,2.2857662100,2.2893545400,2988853,19190463.0000,0.214496,-2.297100
2011-08-30,2.3072961900,2.3252378400,2.2750012200,2.2785895500,2827997,18110665.0000,0.202952,-0.470200
2011-08-31,2.2929428700,2.3037078600,2.2642362300,2.2893545400,1368897,8700367.0000,0.098239,0.472400
2011-09-01,2.2893545400,2.2929428700,2.2462945800,2.2498829100,2621400,16589624.0000,0.188126,-1.724100
2011-09-02,2.2534712400,2.2714128900,2.2068229500,2.2104112800,2159475,13402574.0000,0.154975,-1.754400
2011-09-05,2.2104112800,2.2139996100,2.1565863300,2.1565863300,1854928,11252929.0000,0.133120,-2.435100
2011-09-06,2.1529980000,2.1673513200,2.1314680200,2.1601746600,1489622,8934907.0000,0.106903,0.166400
2011-09-07,2.1745279800,2.1924696300,2.1601746600,2.1852929700,2367258,14376455.0000,0.169887,1.162800
2011-09-08,2.2032346200,2.2211762700,2.1852929700,2.1960579600,4024022,24707975.0000,0.288785,0.492607
2011-09-09,2.1888813000,2.2175879400,2.1637629900,2.1888813000,3099566,18958080.0000,0.222441,-0.326800
2011-09-13,2.1529980000,2.2534712400,2.1494096700,2.2462945800,6603267,40769140.0000,0.473886,2.623000
2011-09-14,2.2498829100,2.3108845200,2.2247646000,2.3037078600,12587884,79690282.0000,0.903374,2.555900
2011-09-15,2.3108845200,2.3108845200,2.2498829100,2.2642362300,13798253,86871182.0000,0.990236,-1.713400
2011-09-16,2.2462945800,2.2606479000,2.1888813000,2.1996462900,5395052,33315202.0000,0.387178,-2.852600
2011-09-19,2.1888813000,2.1888813000,2.1171147000,2.1207030300,4118237,24621946.0000,0.295547,-3.588900
2011-09-20,2.1171147000,2.1350563500,2.0919963900,2.1242913600,4583869,27066361.0000,0.328963,0.169200
2011-09-21,2.1242913600,2.1745279800,2.0991730500,2.1637629900,4440407,26548754.0000,0.318667,1.858100
2011-09-22,2.1494096700,2.1494096700,2.0489364300,2.0525247600,4121514,24108987.0000,0.295782,-5.141000
2011-09-23,2.0309947800,2.0417597700,2.0058764700,2.0202297900,3378089,19033054.0000,0.242430,-1.573400
2011-09-26,2.0202297900,2.0345831100,1.9879348200,1.9951114800,1581348,8851317.0000,0.113486,-1.243300
2011-09-27,2.0166414600,2.0274064500,1.9986998100,2.0166414600,2829923,15914657.0000,0.203090,1.079100
2011-09-28,2.0309947800,2.0345831100,2.0022881400,2.0058764700,2340082,13148301.0000,0.167937,-0.533800
2011-09-29,2.0094648000,2.0094648000,1.9520515200,1.9915231500,3688128,20341664.0000,0.264680,-0.715600
2011-09-30,1.9986998100,2.0668780800,1.9771698300,1.9951114800,2906367,16382535.0000,0.208576,0.180200
2011-10-10,1.9951114800,2.0202297900,1.9771698300,1.9986998100,1359165,7546397.0000,0.097541,0.179900
2011-10-11,2.0202297900,2.0776430700,1.9915231500,2.0130531300,5584868,31478273.0000,0.400800,0.718100
2011-10-12,1.9986998100,2.0955847200,1.9843464900,2.0812314000,13462017,76819833.0000,0.966106,3.386800
2011-10-13,2.0776430700,2.1278796900,2.0525247600,2.0776430700,6291642,36538065.0000,0.451522,-0.172400
2011-10-14,2.0561130900,2.0776430700,2.0309947800,2.0453481000,3044887,17413720.0000,0.218517,-1.554400
2011-10-17,2.0453481000,2.1063497100,2.0274064500,2.0453481000,2094291,11995283.0000,0.150297,0.000000
2011-10-18,2.0309947800,2.0345831100,1.9807581600,1.9843464900,2491500,13925730.0000,0.178803,-2.982500
2011-10-19,1.9843464900,1.9986998100,1.9664048400,1.9699931700,2151155,11869039.0000,0.154378,-0.723300
2011-10-20,1.9807581600,1.9807581600,1.8982265700,1.9125798900,2417983,13022705.0000,0.173527,-2.914400
2011-10-21,1.9125798900,1.9197565500,1.8874615800,1.8874615800,1166850,6189832.0000,0.083739,-1.313300
2011-10-24,1.8982265700,1.9233448800,1.8659316000,1.9233448800,2604509,13787135.0000,0.186913,1.901100
2011-10-25,1.9161682200,1.9592281800,1.9089915600,1.9520515200,2737540,14771272.0000,0.196460,1.492500
2011-10-26,1.9484631900,1.9771698300,1.9341098700,1.9664048400,3560062,19446364.0000,0.255489,0.735300
2011-10-27,1.9628165100,1.9915231500,1.9412865300,1.9807581600,3483478,19099142.0000,0.249993,0.729900
2011-10-28,1.9807581600,1.9807581600,1.9807581600,1.9807581600,0,0.0000,,0.000000
2011-10-31,1.9879348200,2.0022881400,1.9341098700,1.9556398500,6359071,34728646.0000,0.456361,-1.268100
2011-11-01,1.9376982000,1.9628165100,1.9341098700,1.9556398500,2231595,12133378.0000,0.160151,0.000000
2011-11-02,1.9269332100,1.9699931700,1.9233448800,1.9699931700,3681088,19940017.0000,0.264174,0.733900
2011-11-03,1.9699931700,2.0202297900,1.9699931700,1.9915231500,7415583,41350177.0000,0.532182,1.092900
2011-11-04,2.0022881400,2.0238181200,1.9843464900,2.0058764700,7538161,42076331.0000,0.540979,0.720700
2011-11-07,2.0094648000,2.0453481000,1.9986998100,2.0166414600,5832565,32827244.0000,0.418576,0.536700
2011-11-08,2.0166414600,2.0453481000,1.9843464900,2.0381714400,5276675,29512322.0000,0.378682,1.067600
2011-11-09,2.0130531300,2.0345831100,1.9951114800,2.0309947800,4069686,22817976.0000,0.292062,-0.352100
2011-11-10,2.0130531300,2.0668780800,1.9986998100,2.0309947800,10353346,58939047.0000,0.743011,0.000000
2011-11-11,2.0309947800,2.0632897500,1.9843464900,1.9879348200,4364068,24349275.0000,0.313189,-2.120100
2011-11-14,1.9986998100,2.0094648000,1.9843464900,2.0058764700,6680800,37183543.0000,0.479450,0.902500
2011-11-15,2.0022881400,2.0130531300,1.9879348200,2.0022881400,5269879,29310929.0000,0.378195,-0.178900
2011-11-16,2.0022881400,2.0022881400,1.9376982000,1.9448748600,4718256,25889333.0000,0.338607,-2.867400
2011-11-17,1.9448748600,1.9628165100,1.9412865300,1.9484631900,3158230,17168096.0000,0.226651,0.184500
2011-11-18,1.9484631900,1.9520515200,1.8982265700,1.9125798900,4121849,22129770.0000,0.295806,-1.841600
2011-11-21,1.9125798900,1.9269332100,1.9018149000,1.9233448800,1876709,10002136.0000,0.134683,0.562900
2011-11-22,1.9197565500,1.9269332100,1.9054032300,1.9233448800,1872274,9996347.0000,0.134364,0.000000
2011-11-23,1.9233448800,1.9376982000,1.9089915600,1.9089915600,1597992,8541854.0000,0.114680,-0.746300
2011-11-24,1.9161682200,1.9233448800,1.8766965900,1.9125798900,3093360,16346217.0000,0.221996,0.188000
2011-11-25,1.9018149000,1.9125798900,1.8838732500,1.8946382400,1462600,7734469.0000,0.104964,-0.938100
2011-11-28,1.9018149000,1.9018149000,1.8587549400,1.8838732500,2659584,13918705.0000,0.190866,-0.568200
2011-11-29,1.8910499100,1.9018149000,1.8659316000,1.8982265700,2171270,11395652.0000,0.155822,0.761900
2011-11-30,1.9018149000,1.9018149000,1.7511050400,1.7977533300,5572308,28575214.0000,0.399898,-5.293000
2011-12-01,1.8336366300,1.8551666100,1.7869883400,1.7977533300,6650105,33765147.0000,0.477247,0.000000
2011-12-02,1.7977533300,1.7977533300,1.7403400500,1.7511050400,2703905,13266690.0000,0.194047,-2.594800
2011-12-05,1.7511050400,1.7726350200,1.7080450800,1.7259867300,2626009,12687825.0000,0.188456,-1.434400
2011-12-06,1.7044567500,1.7331633900,1.6936917600,1.7188100700,2545555,12209520.0000,0.182683,-0.415800
2011-12-07,1.7188100700,1.7403400500,1.7080450800,1.7152217400,2074170,9963441.0000,0.148853,-0.208800
2011-12-08,1.7259867300,1.7295750600,1.6901034300,1.7116334100,2500384,11917855.0000,0.179441,-0.209200
2011-12-09,1.6936917600,1.6972800900,1.6434551400,1.6757501100,2931766,13665667.0000,0.210399,-2.096400
2011-12-12,1.6757501100,1.6757501100,1.6542201300,1.6613967900,1178621,5461392.0000,0.084584,-0.856500
2011-12-13,1.6578084600,1.6578084600,1.6219251600,1.6255134900,2637088,12007212.0000,0.189251,-2.159800
2011-12-14,1.6255134900,1.6362784800,1.6255134900,1.6362784800,2069774,9414070.0000,0.148538,0.662300
2011-12-15,1.6326901500,1.6362784800,1.6111601700,1.6111601700,3596090,16249648.0000,0.258075,-1.535100
2011-12-16,1.6183368300,1.7044567500,1.6147485000,1.6972800900,6671759,30739932.0000,0.478801,5.345200
2011-12-19,1.7080450800,1.8300483000,1.6578084600,1.7869883400,7376435,35374254.0000,0.529372,5.285400
2011-12-20,1.7869883400,1.8300483000,1.7511050400,1.8264599700,11382162,56746778.0000,0.816844,2.208800
2011-12-21,1.8264599700,1.8264599700,1.8264599700,1.8264599700,0,0.0000,,0.000000
2011-12-22,1.7618700300,1.8408132900,1.7008684200,1.8264599700,14057707,70375854.0000,1.008856,0.000000
2011-12-23,1.7941650000,1.8264599700,1.7762233500,1.8013416600,2727589,13702244.0000,0.195746,-1.375200
2011-12-26,1.8013416600,1.8049299900,1.7546933700,1.7582817000,2709808,13423054.0000,0.194470,-2.390400
2011-12-27,1.7439283800,1.7546933700,1.6936917600,1.6972800900,2105510,10141256.0000,0.151103,-3.469400
2011-12-28,1.6793384400,1.7080450800,1.6362784800,1.7008684200,3509749,16364526.0000,0.251878,0.211400
2011-12-29,1.6829267700,1.7116334100,1.6793384400,1.6901034300,1709996,8096084.0000,0.122718,-0.632900
2011-12-30,1.6865151000,1.7188100700,1.6865151000,1.7080450800,1609489,7652106.0000,0.115505,1.061600
2012-01-04,1.7152217400,1.7259867300,1.6578084600,1.6649851200,1571358,7410097.0000,0.112769,-2.521000
2012-01-05,1.6542201300,1.6757501100,1.6326901500,1.6649851200,2733832,12593092.0000,0.196194,0.000000
2012-01-06,1.6542201300,1.7367517200,1.6470434700,1.7259867300,2475360,11646127.0000,0.177645,3.663800
2012-01-09,1.7223984000,1.7941650000,1.7044567500,1.7834000100,3250038,15912870.0000,0.233240,3.326400
2012-01-10,1.7834000100,1.8228716400,1.7511050400,1.8121066500,5725186,28507045.0000,0.410870,1.609700
2012-01-11,1.7977533300,1.8479899500,1.7834000100,1.7977533300,4703449,23767196.0000,0.337545,-0.792100
2012-01-12,1.7690466900,1.8085183200,1.7654583600,1.7690466900,3068450,15223604.0000,0.220208,-1.596800
2012-01-13,1.7690466900,1.7762233500,1.7331633900,1.7511050400,2196600,10712239.0000,0.157640,-1.014200
2012-01-16,1.7475167100,1.7690466900,1.7403400500,1.7403400500,1601531,7828902.0000,0.114934,-0.614800
2012-01-17,1.7439283800,1.8300483000,1.7403400500,1.8228716400,5276017,26461376.0000,0.378635,4.742300
2012-01-18,1.8300483000,1.8336366300,1.7726350200,1.7762233500,4330939,21751533.0000,0.310811,-2.559100
2012-01-19,1.7762233500,1.8121066500,1.7618700300,1.7834000100,2760020,13770333.0000,0.198074,0.404000
2012-01-20,1.7905766700,1.8049299900,1.7762233500,1.8013416600,1674673,8380591.0000,0.120183,1.006000
2012-01-30,1.8013416600,1.8085183200,1.7834000100,1.7869883400,1507700,7551559.0000,0.108201,-0.796800
2012-01-31,1.7834000100,1.7834000100,1.7259867300,1.7367517200,2789170,13559056.0000,0.200166,-2.811200
2012-02-01,1.7403400500,1.7511050400,1.7223984000,1.7295750600,1430671,6931341.0000,0.102673,-0.413200
2012-02-02,1.7259867300,1.7582817000,1.7223984000,1.7546933700,1964846,9535902.0000,0.141008,1.452300
2012-02-03,1.7546933700,1.7726350200,1.7439283800,1.7690466900,2090693,10242072.0000,0.150039,0.818000
2012-02-06,1.7690466900,1.7798116800,1.7582817000,1.7726350200,2085856,10285188.0000,0.149692,0.202800
2012-02-07,1.7690466900,1.7869883400,1.7511050400,1.7582817000,2484691,12264008.0000,0.178315,-0.809700
2012-02-08,1.7618700300,1.7905766700,1.7439283800,1.7869883400,2685376,13236839.0000,0.192717,1.632700
2012-02-09,1.7869883400,1.8085183200,1.7762233500,1.8049299900,3280239,16431876.0000,0.235407,1.004000
2012-02-10,1.8085183200,1.8408132900,1.7977533300,1.8121066500,4402700,22305694.0000,0.315961,0.397600
2012-02-13,1.7977533300,1.8156949800,1.7834000100,1.8013416600,3698815,18561292.0000,0.265447,-0.594100
2012-02-14,1.7977533300,1.8156949800,1.7941650000,1.8013416600,2146073,10778601.0000,0.154014,0.000000
2012-02-15,1.7977533300,1.8408132900,1.7941650000,1.8192833100,5567375,28206765.0000,0.399544,0.996000
2012-02-16,1.8121066500,1.8192833100,1.7798116800,1.7941650000,3947890,19833487.0000,0.283322,-1.380700
2012-02-17,1.7977533300,1.8085183200,1.7726350200,1.7798116800,3137228,15629705.0000,0.225144,-0.800000
2012-02-20,1.8013416600,1.8049299900,1.7798116800,1.7834000100,2314435,11567790.0000,0.166096,0.201600
2012-02-21,1.7798116800,1.7905766700,1.7654583600,1.7905766700,2475511,12265881.0000,0.177656,0.402400
2012-02-22,1.7905766700,1.8192833100,1.7834000100,1.8192833100,4468133,22484869.0000,0.320657,1.603200
2012-02-23,1.8156949800,1.9125798900,1.8121066500,1.8946382400,15340710,79850830.0000,1.100931,4.142000
2012-02-24,1.8695199300,1.9233448800,1.8695199300,1.9197565500,7335718,38849337.0000,0.526450,1.325800
2012-02-27,1.9197565500,1.9484631900,1.9054032300,1.9269332100,5791859,31190583.0000,0.415655,0.373800
2012-02-28,1.9269332100,1.9699931700,1.8766965900,1.9664048400,6689933,35824012.0000,0.480105,2.048400
2012-02-29,1.9484631900,1.9556398500,1.8982265700,1.9054032300,3188896,17134404.0000,0.228852,-3.102200
2012-03-01,1.8946382400,1.9161682200,1.8946382400,1.9089915600,1789340,9507770.0000,0.128413,0.188300
2012-03-02,1.9089915600,1.9664048400,1.9089915600,1.9628165100,4027133,21677374.0000,0.289008,2.819500
2012-03-05,1.9592281800,1.9592281800,1.9054032300,1.9054032300,4580981,24640966.0000,0.328756,-2.925000
2012-03-06,1.9089915600,1.9125798900,1.8731082600,1.8802849200,2390047,12563618.0000,0.171522,-1.318300
2012-03-07,1.8659316000,1.9161682200,1.8587549400,1.8731082600,3401498,17829423.0000,0.244110,-0.381700
2012-03-08,1.8946382400,1.9161682200,1.8731082600,1.9089915600,6628388,35090564.0000,0.475688,1.915700
2012-03-09,1.9089915600,1.9305215400,1.8910499100,1.9233448800,3869207,20603040.0000,0.277675,0.751900
2012-03-12,1.9269332100,1.9412865300,1.9018149000,1.9054032300,3608326,19300096.0000,0.258953,-0.932800
2012-03-13,1.8946382400,1.9161682200,1.8946382400,1.9125798900,2844672,15101886.0000,0.204149,0.376600
2012-03-14,1.9161682200,1.9520515200,1.8479899500,1.8551666100,7945063,42185450.0000,0.570180,-3.001900
2012-03-15,1.8551666100,1.8731082600,1.8049299900,1.8049299900,3820713,19578639.0000,0.274195,-2.707900
2012-03-16,1.8121066500,1.8515782800,1.8013416600,1.8479899500,3386178,17237511.0000,0.243010,2.385700
2012-03-19,1.8372249600,1.8587549400,1.8192833100,1.8479899500,2279920,11672902.0000,0.163619,0.000000
2012-03-20,1.8444016200,1.9735815000,1.8336366300,1.8874615800,8173538,43576995.0000,0.586577,2.135900
2012-03-21,1.8946382400,1.9054032300,1.8336366300,1.8659316000,4384011,22659908.0000,0.314620,-1.140700
2012-03-22,1.8623432700,1.8695199300,1.8372249600,1.8659316000,1436782,7418198.0000,0.103111,0.000000
2012-03-23,1.8479899500,1.8659316000,1.8372249600,1.8408132900,1619925,8359137.0000,0.116254,-1.346200
2012-03-26,1.8479899500,1.8551666100,1.8228716400,1.8300483000,1077439,5511011.0000,0.077323,-0.584800
2012-03-27,1.8444016200,1.8444016200,1.8192833100,1.8228716400,1048576,5357030.0000,0.075251,-0.392200
2012-03-28,1.8264599700,1.8408132900,1.7546933700,1.7654583600,2395642,11907028.0000,0.171924,-3.149600
2012-03-29,1.7618700300,1.7798116800,1.7295750600,1.7654583600,1705846,8356854.0000,0.122421,0.000000
2012-03-30,1.7654583600,1.7726350200,1.7403400500,1.7546933700,1231798,6002615.0000,0.088400,-0.609800
2012-04-05,1.7367517200,1.8121066500,1.7367517200,1.8049299900,1550852,7665970.0000,0.111297,2.863000
2012-04-06,1.7834000100,1.8085183200,1.7834000100,1.8085183200,1221288,6114490.0000,0.087646,0.198800
2012-04-09,1.8085183200,1.8300483000,1.7941650000,1.8085183200,1099751,5548405.0000,0.078924,0.000000
2012-04-10,1.7941650000,1.8085183200,1.7511050400,1.8013416600,1706008,8430504.0000,0.122432,-0.396800
2012-04-11,1.7941650000,1.8013416600,1.7726350200,1.7905766700,931949,4635889.0000,0.066882,-0.597600
2012-04-12,1.7798116800,1.8121066500,1.7762233500,1.8049299900,2154974,10803703.0000,0.154652,0.801600
2012-04-13,1.8121066500,1.8300483000,1.8049299900,1.8192833100,2820397,14283413.0000,0.202407,0.795200
2012-04-16,1.8049299900,1.8192833100,1.7869883400,1.8085183200,2464818,12370331.0000,0.176888,-0.591700
2012-04-17,1.8085183200,1.8228716400,1.7726350200,1.7762233500,2432881,12188293.0000,0.174596,-1.785700
2012-04-18,1.7869883400,1.8264599700,1.7798116800,1.8228716400,3055529,15334886.0000,0.219281,2.626300
2012-04-19,1.8192833100,1.8192833100,1.7905766700,1.7977533300,3785088,18967133.0000,0.271638,-1.378000
2012-04-20,1.7977533300,1.8121066500,1.7905766700,1.8049299900,2350069,11800480.0000,0.168653,0.399200
2012-04-23,1.8013416600,1.8085183200,1.7798116800,1.7977533300,2453012,12276202.0000,0.176041,-0.397600
2012-04-24,1.7834000100,1.8049299900,1.7367517200,1.7654583600,2625547,12935557.0000,0.188423,-1.796400
2012-04-25,1.7582817000,1.7941650000,1.7582817000,1.7762233500,1529097,7569610.0000,0.109736,0.609800
2012-04-26,1.7869883400,1.8192833100,1.7618700300,1.8121066500,3437555,17232087.0000,0.246697,2.020200
2012-04-27,1.8085183200,1.8515782800,1.7977533300,1.8121066500,2642471,13434118.0000,0.189638,0.000000
2012-05-02,1.8121066500,1.8479899500,1.7726350200,1.8336366300,7514499,37886466.0000,0.539280,1.188100
2012-05-03,1.8336366300,1.8336366300,1.8336366300,1.8336366300,0,0.0000,,0.000000
2012-05-04,1.8264599700,1.8479899500,1.7905766700,1.8085183200,6220088,31317007.0000,0.446387,-1.369900
2012-05-07,1.7977533300,1.7977533300,1.7726350200,1.7834000100,2678447,13283039.0000,0.192220,-1.388900
2012-05-08,1.7762233500,1.7869883400,1.7726350200,1.7834000100,1677960,8313477.0000,0.120419,0.000000
2012-05-09,1.7798116800,1.7834000100,1.7582817000,1.7582817000,2388783,11746298.0000,0.171432,-1.408500
2012-05-10,1.7582817000,1.7941650000,1.7582817000,1.7762233500,1947562,9646898.0000,0.139767,1.020400
2012-05-11,1.7762233500,1.7869883400,1.7618700300,1.7654583600,1320692,6497854.0000,0.094780,-0.606100
2012-05-14,1.7798116800,1.7798116800,1.7475167100,1.7511050400,1730401,8517516.0000,0.124183,-0.813000
2012-05-15,1.7439283800,1.7475167100,1.7044567500,1.7295750600,1634350,7884788.0000,0.117290,-1.229500
2012-05-16,1.7223984000,1.7403400500,1.7080450800,1.7116334100,1306400,6266637.0000,0.093754,-1.037300
2012-05-17,1.7188100700,1.7295750600,1.7080450800,1.7188100700,1156419,5537858.0000,0.082991,0.419300
2012-05-18,1.7188100700,1.7367517200,1.7116334100,1.7152217400,1292830,6200808.0000,0.092780,-0.208800
2012-05-21,1.7223984000,1.7295750600,1.7080450800,1.7152217400,1157135,5531805.0000,0.083042,0.000000
2012-05-22,1.7188100700,1.7259867300,1.7152217400,1.7188100700,1090589,5227448.0000,0.078266,0.209200
2012-05-23,1.7188100700,1.7259867300,1.6936917600,1.7044567500,1096540,5215230.0000,0.078694,-0.835100
2012-05-24,1.7044567500,1.7044567500,1.6865151000,1.7008684200,1405650,6638904.0000,0.100877,-0.210500
2012-05-25,1.6936917600,1.7331633900,1.6613967900,1.7008684200,3073323,14512388.0000,0.220558,0.000000
2012-05-28,1.6901034300,1.7331633900,1.6865151000,1.7295750600,3090247,14796358.0000,0.221773,1.687800
2012-05-29,1.7331633900,1.7439283800,1.7044567500,1.7331633900,2478892,11949313.0000,0.177898,0.207500
2012-05-30,1.7295750600,1.7439283800,1.7223984000,1.7259867300,1920000,9263770.0000,0.137789,-0.414100
2012-05-31,1.7116334100,1.7223984000,1.7044567500,1.7116334100,1007912,4807355.0000,0.072333,-0.831600
2012-06-01,1.7116334100,1.7188100700,1.7044567500,1.7080450800,1228501,5853868.0000,0.088164,-0.209600
2012-06-04,1.6936917600,1.6972800900,1.6685734500,1.6793384400,2392380,11196733.0000,0.171690,-1.680700
2012-06-05,1.6901034300,1.6901034300,1.6649851200,1.6721617800,1142620,5336681.0000,0.082000,-0.427400
2012-06-06,1.6793384400,1.6793384400,1.6470434700,1.6506318000,2160314,9972010.0000,0.155036,-1.287600
2012-06-07,1.6649851200,1.6649851200,1.6434551400,1.6470434700,880248,4051834.0000,0.063171,-0.217400
2012-06-08,1.6613967900,1.6685734500,1.6398668100,1.6506318000,997897,4596493.0000,0.071614,0.217900
2012-06-11,1.6506318000,1.6649851200,1.6470434700,1.6578084600,1152525,5309880.0000,0.082711,0.434800
2012-06-12,1.6578084600,1.6578084600,1.6398668100,1.6398668100,1388083,6365526.0000,0.099616,-1.082300
2012-06-13,1.6434551400,1.6578084600,1.6434551400,1.6542201300,1047204,4814353.0000,0.075153,0.875300
2012-06-14,1.6542201300,1.6685734500,1.6470434700,1.6542201300,1252081,5783171.0000,0.089856,0.000000
2012-06-15,1.6506318000,1.6613967900,1.6470434700,1.6613967900,1230430,5668407.0000,0.088302,0.433800
2012-06-18,1.6649851200,1.6721617800,1.6542201300,1.6649851200,898899,4171022.0000,0.064510,0.216000
2012-06-19,1.6649851200,1.6649851200,1.6506318000,1.6542201300,553139,2549408.0000,0.039696,-0.646600
2012-06-20,1.6578084600,1.6613967900,1.6470434700,1.6506318000,806618,3717045.0000,0.057887,-0.216900
2012-06-21,1.6542201300,1.6578084600,1.6398668100,1.6398668100,1877108,8612266.0000,0.134711,-0.652200
2012-06-25,1.6434782000,1.6434782000,1.6181939200,1.6218059600,927001,4175006.0000,0.066527,-1.101300
2012-06-26,1.6326420800,1.6362541200,1.6181939200,1.6326420800,620382,2792253.0000,0.044522,0.668200
2012-06-27,1.6254180000,1.6470902400,1.6001337200,1.6073578000,1007302,4531067.0000,0.072289,-1.548700
2012-06-28,1.6254180000,1.6290300400,1.5965216800,1.6109698400,861447,3840388.0000,0.061822,0.224700
2012-06-29,1.6109698400,1.6181939200,1.5929096400,1.6145818800,942675,4186084.0000,0.067651,0.224200
2012-07-02,1.6254180000,1.6290300400,1.6037457600,1.6145818800,860518,3843122.0000,0.061755,0.000000
2012-07-03,1.6109698400,1.6362541200,1.5965216800,1.6290300400,1535006,6910614.0000,0.110160,0.894900
2012-07-04,1.6254180000,1.6254180000,1.6145818800,1.6218059600,746238,3347814.0000,0.053554,-0.443500
2012-07-05,1.6326420800,1.6470902400,1.4953845600,1.6398661600,3636010,16311378.0000,0.260939,1.113600
2012-07-06,1.6290300400,1.6434782000,1.6109698400,1.6434782000,1460935,6599442.0000,0.104844,0.220300
2012-07-09,1.6290300400,1.6326420800,1.6145818800,1.6181939200,587220,2641295.0000,0.042142,-1.538500
2012-07-10,1.6145818800,1.6181939200,1.6037457600,1.6073578000,1045600,4653468.0000,0.075038,-0.669600
2012-07-11,1.6037457600,1.6109698400,1.5892976000,1.6001337200,1438968,6373149.0000,0.103268,-0.449400
2012-07-12,1.5965216800,1.5965216800,1.5712374000,1.5820735200,2198626,9626377.0000,0.157785,-1.128700
2012-07-13,1.5820735200,1.5929096400,1.5676253600,1.5676253600,1004599,4387392.0000,0.072095,-0.913200
2012-07-16,1.5820735200,1.5820735200,1.5640133200,1.5748494400,1236502,5371967.0000,0.088738,0.460800
2012-07-17,1.5748494400,1.5965216800,1.5748494400,1.5820735200,576123,2523203.0000,0.041346,0.458700
2012-07-18,1.5856855600,1.5965216800,1.5748494400,1.5820735200,1246399,5464356.0000,0.089448,0.000000
2012-07-19,1.5784614800,1.6109698400,1.5784614800,1.6037457600,1649871,7282396.0000,0.118404,1.369900
2012-07-20,1.5929096400,1.6109698400,1.5784614800,1.6037457600,1665696,7345487.0000,0.119539,0.000000
2012-07-23,1.5965216800,1.6398661600,1.5856855600,1.6362541200,9362151,42232344.0000,0.671878,2.027000
2012-07-24,1.6073578000,1.6362541200,1.6073578000,1.6218059600,1443383,6480370.0000,0.103585,-0.883000
2012-07-25,1.6181939200,1.6181939200,1.5929096400,1.5965216800,1373234,6094079.0000,0.098551,-1.559000
2012-07-26,1.5929096400,1.6109698400,1.5892976000,1.6001337200,1174200,5201552.0000,0.084267,0.226200
2012-07-27,1.6073578000,1.6073578000,1.5820735200,1.5820735200,1630758,7184123.0000,0.117032,-1.128700
2012-07-30,1.5820735200,1.6073578000,1.5820735200,1.5820735200,1831322,8041101.0000,0.131425,0.000000
2012-07-31,1.5820735200,1.5892976000,1.5820735200,1.5820735200,1224834,5371458.0000,0.087901,0.000000
2012-08-01,1.5820735200,1.5892976000,1.5784614800,1.5820735200,1057264,4638038.0000,0.075875,0.000000
2012-08-02,1.5856855600,1.6326420800,1.5820735200,1.5929096400,2785412,12382653.0000,0.199896,0.684900
2012-08-03,1.5892976000,1.6109698400,1.5892976000,1.6073578000,1224833,5420972.0000,0.087901,0.907000
2012-08-06,1.5965216800,1.6145818800,1.5965216800,1.6109698400,854300,3800860.0000,0.061309,0.224700
2012-08-07,1.6073578000,1.6254180000,1.6037457600,1.6181939200,1351117,6042943.0000,0.096963,0.448400
2012-08-08,1.6109698400,1.6109698400,1.6001337200,1.6073578000,881217,3919158.0000,0.063241,-0.669600
2012-08-09,1.6109698400,1.6145818800,1.6001337200,1.6109698400,591476,2632617.0000,0.042447,0.224700
2012-08-10,1.6109698400,1.6181939200,1.6073578000,1.6181939200,515300,2300501.0000,0.036981,0.448400
2012-08-13,1.6181939200,1.6181939200,1.6001337200,1.6037457600,1045545,4656413.0000,0.075034,-0.892900
2012-08-14,1.6037457600,1.6145818800,1.5965216800,1.6109698400,1231032,5460433.0000,0.088345,0.450500
2012-08-15,1.6073578000,1.6073578000,1.6001337200,1.6001337200,792030,3513315.0000,0.056840,-0.672600
2012-08-16,1.6001337200,1.6073578000,1.6001337200,1.6037457600,712883,3160132.0000,0.051160,0.225700
2012-08-17,1.6001337200,1.6109698400,1.6001337200,1.6109698400,811212,3603575.0000,0.058217,0.450500
2012-08-20,1.6037457600,1.6109698400,1.6001337200,1.6109698400,1240769,5515797.0000,0.089044,0.000000
2012-08-21,1.6145818800,1.6181939200,1.6109698400,1.6109698400,640248,2861027.0000,0.045948,0.000000
2012-08-22,1.6109698400,1.6181939200,1.6109698400,1.6109698400,1419764,6335194.0000,0.101890,0.000000
2012-08-23,1.6181939200,1.6181939200,1.6109698400,1.6145818800,1369967,6123470.0000,0.098316,0.224200
2012-08-24,1.6145818800,1.6145818800,1.6073578000,1.6109698400,2094272,9337764.0000,0.150296,-0.223700
2012-08-27,1.6109698400,1.6109698400,1.5531772000,1.6001337200,3220193,14172009.0000,0.231098,-0.672600
2012-08-28,1.6001337200,1.6218059600,1.5929096400,1.6181939200,3052965,13616180.0000,0.219097,1.128700
2012-08-29,1.6145818800,1.6362541200,1.6001337200,1.6326420800,21778554,98280234.0000,1.562945,0.892900
2012-08-30,1.6290300400,1.6795986000,1.6073578000,1.6615384000,14035769,63548565.0000,1.007281,1.769910
2012-08-31,1.6109698400,1.6181939200,1.5676253600,1.5712374000,5710257,25109790.0000,0.409798,-5.434800
2012-09-03,1.5604012800,1.5604012800,1.5242808800,1.5315049600,2427372,10339198.0000,0.174201,-2.528700
2012-09-04,1.5278929200,1.5387290400,1.5026086400,1.5134447600,1686626,7109603.0000,0.121041,-1.179200
2012-09-05,1.4953845600,1.5134447600,1.4953845600,1.5026086400,1147898,4774290.0000,0.082379,-0.716000
2012-09-06,1.5134447600,1.5278929200,1.5062206800,1.5170568000,1149799,4829901.0000,0.082516,0.961500
2012-09-07,1.5278929200,1.5712374000,1.5098327200,1.5531772000,5609440,23921349.0000,0.402563,2.381000
2012-09-10,1.5495651600,1.5495651600,1.5278929200,1.5387290400,2927993,12439508.0000,0.210128,-0.930200
2012-09-11,1.5351170000,1.5351170000,1.5170568000,1.5315049600,1610796,6798928.0000,0.115599,-0.469500
2012-09-12,1.5315049600,1.5459531200,1.5278929200,1.5387290400,1845011,7843104.0000,0.132408,0.471700
2012-09-13,1.5351170000,1.5604012800,1.5242808800,1.5423410800,2381874,10183866.0000,0.170936,0.234700
2012-09-14,1.5459531200,1.5459531200,1.5278929200,1.5351170000,2020911,8593142.0000,0.145031,-0.468400
2012-09-17,1.5315049600,1.5315049600,1.4845484400,1.4953845600,1449508,6038357.0000,0.104024,-2.588200
2012-09-18,1.4881604800,1.4989966000,1.4773243600,1.4809364000,1587465,6530591.0000,0.113925,-0.966200
2012-09-19,1.4845484400,1.4917725200,1.4773243600,1.4917725200,1603059,6591652.0000,0.115044,0.731700
2012-09-20,1.4809364000,1.4809364000,1.4628762000,1.4628762000,1835629,7474787.0000,0.131734,-1.937000
2012-09-21,1.4664882400,1.4737123200,1.4628762000,1.4628762000,1421073,5772456.0000,0.101984,0.000000
2012-09-24,1.4628762000,1.4664882400,1.4592641600,1.4664882400,1258408,5097592.0000,0.090310,0.246900
2012-09-25,1.4628762000,1.4737123200,1.4628762000,1.4628762000,544090,2211586.0000,0.039047,-0.246300
2012-09-26,1.4628762000,1.4664882400,1.4628762000,1.4664882400,1780010,7211320.0000,0.127743,0.246900
2012-09-27,1.4664882400,1.4773243600,1.4628762000,1.4701002800,2013987,8192516.0000,0.144534,0.246300
2012-09-28,1.4701002800,1.4845484400,1.4664882400,1.4809364000,2282986,9332196.0000,0.163839,0.737100
2012-10-08,1.4809364000,1.4809364000,1.4701002800,1.4773243600,1190735,4864345.0000,0.085453,-0.243900
2012-10-09,1.4773243600,1.4881604800,1.4737123200,1.4845484400,3980905,16349587.0000,0.285691,0.489000
2012-10-10,1.4845484400,1.5315049600,1.4773243600,1.5062206800,7206990,29910065.0000,0.517212,1.459900
2012-10-11,1.4953845600,1.4989966000,1.4737123200,1.4773243600,2739400,11272444.0000,0.196594,-1.918500
2012-10-12,1.4809364000,1.4845484400,1.4664882400,1.4737123200,3292204,13408678.0000,0.236266,-0.244500
2012-10-15,1.4737123200,1.4737123200,1.4628762000,1.4701002800,1767718,7176190.0000,0.126861,-0.245100
2012-10-16,1.4701002800,1.4737123200,1.4628762000,1.4664882400,1205784,4900181.0000,0.086533,-0.245700
2012-10-17,1.4664882400,1.4701002800,1.4628762000,1.4664882400,1149841,4668256.0000,0.082519,0.000000
2012-10-18,1.4701002800,1.4845484400,1.4701002800,1.4809364000,2009012,8218889.0000,0.144177,0.985200
2012-10-19,1.4845484400,1.4917725200,1.4773243600,1.4773243600,2520228,10348365.0000,0.180865,-0.243896
2012-10-22,1.4737123200,1.4809364000,1.4701002800,1.4773243600,1622379,6624769.0000,0.116431,0.000000
2012-10-23,1.4809364000,1.4809364000,1.4701002800,1.4773243600,1845846,7540341.0000,0.132468,0.000000
2012-10-24,1.4737123200,1.4989966000,1.4701002800,1.4809364000,3850013,15837159.0000,0.276297,0.244500
2012-10-25,1.4845484400,1.5423410800,1.4809364000,1.4989966000,8490672,35613907.0000,0.609336,1.219500
2012-10-26,1.4881604800,1.4917725200,1.4664882400,1.4701002800,5674472,23131170.0000,0.407230,-1.927700
2012-10-29,1.4664882400,1.4737123200,1.4664882400,1.4664882400,1364166,5544791.0000,0.097900,-0.245700
2012-10-30,1.4664882400,1.4737123200,1.4520400800,1.4628762000,2494046,10109436.0000,0.178986,-0.246300
2012-10-31,1.4628762000,1.4664882400,1.4592641600,1.4628762000,2495773,10102131.0000,0.179110,0.000000
2012-11-01,1.4628762000,1.4737123200,1.4592641600,1.4701002800,1959162,7965458.0000,0.140600,0.493800
2012-11-02,1.4737123200,1.4737123200,1.4628762000,1.4701002800,1380694,5610044.0000,0.099086,0.000000
2012-11-05,1.4664882400,1.4701002800,1.4592641600,1.4664882400,2096850,8492361.0000,0.150481,-0.245700
2012-11-06,1.4628762000,1.4664882400,1.4484280400,1.4556521200,4083482,16461391.0000,0.293052,-0.738900
2012-11-07,1.4556521200,1.4556521200,1.4448160000,1.4520400800,3042799,12216090.0000,0.218367,-0.248100
2012-11-08,1.4448160000,1.4448160000,1.4050835600,1.4086956000,5695825,22389767.0000,0.408763,-2.985100
2012-11-09,1.4014715200,1.4050835600,1.3400668400,1.3689631600,5462202,20764809.0000,0.391997,-2.820500
2012-11-12,1.3545150000,1.3689631600,1.3472909200,1.3617390800,3337464,12523269.0000,0.239514,-0.527700
2012-11-13,1.3581270400,1.3689631600,1.3436788800,1.3689631600,1772838,6660134.0000,0.127228,0.530500
2012-11-14,1.3653511200,1.3942474400,1.3653511200,1.3942474400,1928427,7364772.0000,0.138394,1.847000
2012-11-15,1.3906354000,1.4159196800,1.3834113200,1.4014715200,2878439,11193152.0000,0.206572,0.518100
2012-11-16,1.4050835600,1.4267558000,1.3870233600,1.4231437600,1633795,6333921.0000,0.117250,1.546400
2012-11-19,1.4159196800,1.4484280400,1.4123076400,1.4484280400,2628540,10430510.0000,0.188638,1.776600
2012-11-20,1.4484280400,1.4484280400,1.4339798800,1.4339798800,1252116,4984024.0000,0.089859,-0.997500
2012-11-21,1.4375919200,1.4520400800,1.4159196800,1.4484280400,1734923,6874680.0000,0.124507,1.007600
2012-11-22,1.4375919200,1.4412039600,1.4267558000,1.4375919200,929146,3687797.0000,0.066680,-0.748100
2012-11-23,1.4375919200,1.4448160000,1.4339798800,1.4448160000,1048586,4177162.0000,0.075252,0.502500
2012-11-26,1.4448160000,1.4484280400,1.4375919200,1.4448160000,1234010,4923383.0000,0.088559,0.000000
2012-11-27,1.4412039600,1.4448160000,1.4195317200,1.4375919200,1992076,7908138.0000,0.142962,-0.500000
2012-11-28,1.4303678400,1.4339798800,1.4159196800,1.4267558000,2119811,8362818.0000,0.152129,-0.753800
2012-11-29,1.4267558000,1.4953845600,1.3870233600,1.4881604800,33514324,137050677.0000,2.405166,4.303800
2012-11-30,1.4123076400,1.4628762000,1.4086956000,1.4592641600,5471952,21606967.0000,0.392696,-1.941700
2012-12-03,1.4339798800,1.4339798800,1.4014715200,1.4014715200,2931200,11458516.0000,0.210359,-3.960400
2012-12-04,1.3978594800,1.4123076400,1.3906354000,1.4123076400,1156193,4476858.0000,0.082975,0.773200
2012-12-05,1.4086956000,1.4484280400,1.4014715200,1.4303678400,2071365,8209134.0000,0.148652,1.278800
2012-12-06,1.4267558000,1.4375919200,1.4231437600,1.4375919200,1149396,4557954.0000,0.082487,0.505100
2012-12-07,1.4303678400,1.4737123200,1.4267558000,1.4701002800,3283421,13287223.0000,0.235636,2.261300
2012-12-10,1.4592641600,1.4809364000,1.4484280400,1.4737123200,2124429,8626849.0000,0.152460,0.245700
2012-12-11,1.4737123200,1.4917725200,1.4628762000,1.4881604800,1852464,7575960.0000,0.132943,0.980400
2012-12-12,1.4701002800,1.4773243600,1.4339798800,1.4556521200,1983694,7998239.0000,0.142360,-2.184500
2012-12-13,1.4448160000,1.4556521200,1.4412039600,1.4448160000,684870,2742271.0000,0.049150,-0.744400
2012-12-14,1.4375919200,1.4881604800,1.4375919200,1.4809364000,3454213,13994999.0000,0.247893,2.500000
2012-12-17,1.4737123200,1.5026086400,1.4701002800,1.4917725200,2992072,12335529.0000,0.214727,0.731700
2012-12-18,1.4989966000,1.4989966000,1.4664882400,1.4773243600,1923791,7874485.0000,0.138061,-0.968500
2012-12-19,1.4773243600,1.4845484400,1.4628762000,1.4737123200,1559191,6344613.0000,0.111896,-0.244500
2012-12-20,1.4664882400,1.4809364000,1.4628762000,1.4809364000,1376430,5611996.0000,0.098780,0.490200
2012-12-21,1.4773243600,1.4809364000,1.4664882400,1.4737123200,928845,3782163.0000,0.066659,-0.487800
2012-12-24,1.4664882400,1.4773243600,1.4592641600,1.4701002800,1053678,4273640.0000,0.075618,-0.245100
2012-12-25,1.4664882400,1.4953845600,1.4592641600,1.4809364000,3654655,15001985.0000,0.262277,0.737100
2012-12-26,1.4881604800,1.5098327200,1.4773243600,1.4881604800,3417543,14130943.0000,0.245261,0.487800
2012-12-27,1.4989966000,1.5242808800,1.4773243600,1.4881604800,3489627,14483710.0000,0.250434,0.000000
2012-12-28,1.4917725200,1.4989966000,1.4737123200,1.4881604800,7381229,30289958.0000,0.529716,0.000000
2012-12-31,1.4845484400,1.4953845600,1.4737123200,1.4881604800,3428736,14084408.0000,0.246064,0.000000
2013-01-04,1.5026086400,1.5315049600,1.4917725200,1.5026086400,4442117,18533301.0000,0.318790,0.970900
2013-01-07,1.4989966000,1.5026086400,1.4845484400,1.4989966000,2511749,10381215.0000,0.180256,-0.240400
2013-01-08,1.4989966000,1.5026086400,1.4809364000,1.4917725200,2591748,10695225.0000,0.185998,-0.481900
2013-01-09,1.4917725200,1.4953845600,1.4845484400,1.4881604800,1681850,6932281.0000,0.120699,-0.242100
2013-01-10,1.4881604800,1.5098327200,1.4809364000,1.4953845600,2677065,11089505.0000,0.192120,0.485400
2013-01-11,1.4953845600,1.4953845600,1.4628762000,1.4664882400,2292507,9377644.0000,0.164522,-1.932400
2013-01-14,1.4664882400,1.4917725200,1.4592641600,1.4881604800,2510710,10275587.0000,0.180182,1.477800
2013-01-15,1.4881604800,1.5242808800,1.4845484400,1.5206688400,5568468,23282498.0000,0.399623,2.184500
2013-01-16,1.5134447600,1.5170568000,1.4989966000,1.5098327200,1504797,6280521.0000,0.107992,-0.712600
2013-01-17,1.5170568000,1.5604012800,1.5098327200,1.5206688400,2914128,12372885.0000,0.209133,0.717700
2013-01-18,1.5170568000,1.5495651600,1.5170568000,1.5387290400,2067359,8798821.0000,0.148365,1.187600
2013-01-21,1.5567892400,1.5604012800,1.5387290400,1.5495651600,1925745,8259436.0000,0.138202,0.704200
2013-01-22,1.5495651600,1.5495651600,1.5134447600,1.5242808800,2496519,10534747.0000,0.179163,-1.631700
2013-01-23,1.5242808800,1.5495651600,1.5242808800,1.5351170000,1590225,6775888.0000,0.114123,0.710900
2013-01-24,1.5351170000,1.5748494400,1.5242808800,1.5242808800,2116250,9066897.0000,0.151873,-0.705900
2013-01-25,1.5242808800,1.5242808800,1.5026086400,1.5026086400,1037888,4336009.0000,0.074484,-1.421800
2013-01-28,1.5026086400,1.5206688400,1.4953845600,1.5206688400,1068917,4472457.0000,0.076711,1.201900
2013-01-29,1.5134447600,1.5387290400,1.5134447600,1.5206688400,2708606,11416429.0000,0.194384,0.000000
2013-01-30,1.5206688400,1.5459531200,1.5134447600,1.5423410800,1598197,6769186.0000,0.114695,1.425200
2013-01-31,1.5387290400,1.5387290400,1.5170568000,1.5351170000,1823862,7712495.0000,0.130890,-0.468400
2013-02-01,1.5278929200,1.5423410800,1.5242808800,1.5351170000,1285595,5457905.0000,0.092261,0.000000
2013-02-04,1.5423410800,1.6037457600,1.5278929200,1.5892976000,3655656,15885748.0000,0.262349,3.529400
2013-02-05,1.5784614800,1.6181939200,1.5676253600,1.5929096400,2289415,10071698.0000,0.164301,0.227300
2013-02-06,1.5856855600,1.5965216800,1.5676253600,1.5748494400,1451010,6345139.0000,0.104132,-1.133800
2013-02-07,1.5712374000,1.5892976000,1.5676253600,1.5892976000,808823,3540104.0000,0.058045,0.917400
2013-02-08,1.5784614800,1.7229430800,1.5784614800,1.7048828800,5819488,26945930.0000,0.417637,7.272700
2013-02-18,1.7048828800,1.7229430800,1.6723745200,1.6832106400,2573743,12081825.0000,0.184705,-1.271200
2013-02-19,1.6759865600,1.7048828800,1.6615384000,1.6832106400,2384838,11096177.0000,0.171149,0.000000
2013-02-20,1.7012708400,1.8313042800,1.6832106400,1.7771236800,5738312,27802186.0000,0.411812,5.579400
2013-02-21,1.7735116400,1.8457524400,1.7373912400,1.7410032800,5985266,29675662.0000,0.429535,-2.032500
2013-02-22,1.7373912400,1.7735116400,1.7337792000,1.7590634800,2873927,13994511.0000,0.206248,1.037300
2013-02-25,1.7626755200,1.8132440800,1.6976588000,1.7121069600,6490395,31455735.0000,0.465785,-2.669400
2013-02-26,1.7084949200,1.7084949200,1.6218059600,1.6398661600,4079633,18788189.0000,0.292776,-4.219400
2013-02-27,1.6470902400,1.7048828800,1.6181939200,1.6651504400,3069958,14113215.0000,0.220317,1.541900
2013-02-28,1.6651504400,1.6976588000,1.6579263600,1.6795986000,3046377,14135588.0000,0.218624,0.867700
2013-03-01,1.6868226800,1.6868226800,1.6507022800,1.6687624800,1965818,9051219.0000,0.141078,-0.645200
2013-03-04,1.6579263600,1.6615384000,1.5640133200,1.5748494400,3760253,16635826.0000,0.269856,-5.627700
2013-03-05,1.5820735200,1.6181939200,1.5604012800,1.6037457600,1729911,7643624.0000,0.124148,1.834900
2013-03-06,1.6001337200,1.6218059600,1.5929096400,1.6037457600,1775374,7884644.0000,0.127410,0.000000
2013-03-07,1.6037457600,1.6037457600,1.5676253600,1.5820735200,1591601,6974367.0000,0.114222,-1.351400
2013-03-08,1.5820735200,1.6145818800,1.5604012800,1.5748494400,1732600,7619591.0000,0.124341,-0.456600
2013-03-11,1.5748494400,1.5784614800,1.5495651600,1.5640133200,1100301,4762497.0000,0.078963,-0.688100
2013-03-12,1.5676253600,1.5748494400,1.5134447600,1.5315049600,1696684,7235701.0000,0.121763,-2.078500
2013-03-13,1.5206688400,1.5459531200,1.5170568000,1.5423410800,1483916,6294666.0000,0.106494,0.707500
2013-03-14,1.5423410800,1.5531772000,1.5206688400,1.5315049600,907362,3849886.0000,0.065117,-0.702600
2013-03-15,1.5278929200,1.5423410800,1.5098327200,1.5315049600,1038030,4387953.0000,0.074495,0.000000
2013-03-18,1.5206688400,1.5206688400,1.4520400800,1.4737123200,1472888,6122518.0000,0.105702,-3.773600
2013-03-19,1.4809364000,1.4953845600,1.4701002800,1.4953845600,1336555,5477084.0000,0.095918,1.470600
2013-03-20,1.4953845600,1.5170568000,1.4881604800,1.5134447600,1824805,7595151.0000,0.130958,1.207700
2013-03-21,1.5098327200,1.5387290400,1.5026086400,1.5351170000,2224667,9362231.0000,0.159654,1.432000
2013-03-22,1.5315049600,1.6326420800,1.5206688400,1.6037457600,4631173,20451754.0000,0.332358,4.470600
2013-03-25,1.5892976000,1.7626755200,1.5892976000,1.7265551200,8272211,38625776.0000,0.593658,7.657700
2013-03-26,1.7157190000,1.7698996000,1.6651504400,1.7301671600,7431195,35517976.0000,0.533302,0.209200
2013-03-27,1.7301671600,1.7518394000,1.6940467600,1.7301671600,3328197,15861541.0000,0.238849,0.000000
2013-03-28,1.7121069600,1.7121069600,1.6651504400,1.6976588000,4168134,19487248.0000,0.299127,-1.878900
2013-03-29,1.6976588000,1.7229430800,1.6868226800,1.7084949200,2668002,12593703.0000,0.191470,0.638300
2013-04-01,1.7084949200,1.7121069600,1.6001337200,1.6109698400,4452862,20329988.0000,0.319561,-5.708200
2013-04-02,1.5929096400,1.6759865600,1.5929096400,1.6434782000,5335406,24154696.0000,0.382897,2.017900
2013-04-03,1.6109698400,1.6434782000,1.5856855600,1.6073578000,2212596,9837497.0000,0.158788,-2.197800
2013-04-08,1.5892976000,1.6145818800,1.5387290400,1.6037457600,2276600,9958550.0000,0.163381,-0.224700
2013-04-09,1.6001337200,1.7482273600,1.5820735200,1.7193310400,6901872,32038976.0000,0.495315,7.207200
2013-04-10,1.7121069600,1.8060200000,1.6868226800,1.7771236800,10338577,50456740.0000,0.741951,3.361300
2013-04-11,1.7662875600,1.7879598000,1.7084949200,1.7518394000,3767453,18182588.0000,0.270372,-1.422800
2013-04-12,1.7518394000,1.7698996000,1.7265551200,1.7626755200,2661594,12865970.0000,0.191010,0.618561
2013-04-15,1.7626755200,1.7915718400,1.6507022800,1.6795986000,5643407,26728060.0000,0.405001,-4.713100
2013-04-16,1.5965216800,1.6651504400,1.5820735200,1.6507022800,6164383,27756572.0000,0.442389,-1.720428
2013-04-17,1.6362541200,1.6687624800,1.6254180000,1.6651504400,1814449,8278435.0000,0.130215,0.875300
2013-04-18,1.6543143200,1.6868226800,1.6470902400,1.6687624800,2582661,11944989.0000,0.185345,0.216900
2013-04-19,1.6687624800,1.7048828800,1.6687624800,1.7012708400,2176545,10198518.0000,0.156200,1.948055
2013-04-22,1.6868226800,1.7193310400,1.6434782000,1.6687624800,2158724,9986212.0000,0.154922,-1.910800
2013-04-23,1.6723745200,1.6759865600,1.6290300400,1.6362541200,1688098,7662940.0000,0.121147,-1.948000
2013-04-24,1.6290300400,1.7518394000,1.6181939200,1.7301671600,5792474,27427528.0000,0.415699,5.739500
2013-04-25,1.7157190000,1.7446153200,1.6904347200,1.7012708400,1859798,8822973.0000,0.133469,-1.670100
2013-04-26,1.7012708400,1.7446153200,1.6868226800,1.6940467600,1760094,8349097.0000,0.126314,-0.424628
2013-05-02,1.6723745200,1.7157190000,1.6723745200,1.6832106400,2797617,13103621.0000,0.200772,-0.639700
2013-05-03,1.6976588000,1.7229430800,1.6868226800,1.7048828800,2105417,9954291.0000,0.151096,1.287552
2013-05-06,1.7084949200,1.7301671600,1.6940467600,1.7157190000,2357720,11188998.0000,0.169203,0.635600
2013-05-07,1.7301671600,1.7951838800,1.7157190000,1.7915718400,6342102,31026308.0000,0.455143,4.421100
2013-05-08,1.7915718400,1.8168561200,1.7698996000,1.7735116400,3932177,19478706.0000,0.282194,-1.008100
2013-05-09,1.7698996000,1.7771236800,1.7518394000,1.7735116400,2816197,13753359.0000,0.202105,0.000000
2013-05-10,1.7735116400,1.7879598000,1.7193310400,1.7337792000,4975939,23986376.0000,0.357100,-2.240300
2013-05-13,1.7337792000,1.7735116400,1.7229430800,1.7590634800,3447986,16748139.0000,0.247446,1.458300
2013-05-14,1.7590634800,1.7843477600,1.7482273600,1.7843477600,3325644,16279779.0000,0.238666,1.437400
2013-05-15,1.7771236800,1.8168561200,1.7662875600,1.8060200000,5271163,26270150.0000,0.378287,1.214600
2013-05-16,1.8060200000,1.9324414000,1.7951838800,1.8963210000,7243719,37436956.0000,0.519848,5.000000
2013-05-17,1.8963210000,1.9324414000,1.8710367200,1.8927089600,6977905,36717616.0000,0.500772,-0.190500
2013-05-20,1.9071571200,1.9107691600,1.8854848800,1.8999330400,4855773,25466658.0000,0.348476,0.381700
2013-05-21,1.9035450800,1.9432775200,1.8927089600,1.8999330400,4117067,21821272.0000,0.295463,0.000000
2013-05-22,1.9071571200,1.9216052800,1.8421404000,1.8602006000,5699775,29511538.0000,0.409046,-2.091300
2013-05-23,1.8529765200,1.8710367200,1.8421404000,1.8493644800,3395382,17416484.0000,0.243671,-0.582500
2013-05-24,1.8602006000,1.8854848800,1.8529765200,1.8746487600,2345277,12131348.0000,0.168310,1.367200
2013-05-27,1.8818728400,1.9071571200,1.8529765200,1.8602006000,2142209,11124853.0000,0.153736,-0.770700
2013-05-28,1.8674246800,1.8674246800,1.7084949200,1.7590634800,15217325,74429088.0000,1.092076,-5.436900
2013-05-29,1.7373912400,1.7590634800,1.7265551200,1.7337792000,7149155,34351684.0000,0.513061,-1.437400
2013-05-30,1.7410032800,1.7518394000,1.7121069600,1.7229430800,5085494,24312784.0000,0.364962,-0.625000
2013-05-31,1.7337792000,1.7482273600,1.7121069600,1.7193310400,4848411,23169728.0000,0.347948,-0.209638
2013-06-03,1.7301671600,1.7337792000,1.6832106400,1.6940467600,6011215,28296048.0000,0.431397,-1.470600
2013-06-04,1.6940467600,1.6976588000,1.6254180000,1.6470902400,5605855,25753778.0000,0.402306,-2.771900
2013-06-05,1.6507022800,1.6976588000,1.6470902400,1.6868226800,9456161,44037776.0000,0.678624,2.412300
2013-06-06,1.6759865600,1.6868226800,1.6145818800,1.6218059600,6004434,27365294.0000,0.430910,-3.854400
2013-06-07,1.6290300400,1.6651504400,1.6181939200,1.6326420800,3369146,15269363.0000,0.241788,0.668200
2013-06-13,1.6254180000,1.6254180000,1.4701002800,1.5206688400,4461928,19111520.0000,0.320212,-6.858400
2013-06-14,1.5206688400,1.5351170000,1.4592641600,1.5170568000,5676067,23568340.0000,0.407345,-0.237500
2013-06-17,1.5134447600,1.5134447600,1.4628762000,1.4701002800,4342669,17760760.0000,0.311653,-3.095200
2013-06-18,1.4628762000,1.4773243600,1.4484280400,1.4737123200,2881509,11680543.0000,0.206792,0.245700
2013-06-19,1.4701002800,1.4701002800,1.3617390800,1.4339798800,9681673,37827716.0000,0.694808,-2.696100
2013-06-20,1.4086956000,1.4086956000,1.3689631600,1.3761872400,4871473,18675756.0000,0.349603,-4.030200
2013-06-21,1.3653511200,1.3653511200,1.3220066400,1.3545150000,4112223,15299748.0000,0.295115,-1.574800
2013-06-24,1.3509029600,1.3509029600,1.2208695200,1.2317056400,4974455,17610628.0000,0.356993,-9.066700
2013-06-25,1.2172574800,1.2172574800,1.1088962800,1.1630768800,11036247,35339892.0000,0.792020,-5.571800
2013-06-26,1.1377926000,1.1594648400,1.1125083200,1.1450166800,12666320,39674656.0000,0.909002,-1.552800
2013-06-27,1.1414046400,1.1883611600,1.1197324000,1.1414046400,10110431,32028110.0000,0.725578,-0.315500
2013-06-28,1.1233444400,1.1486287200,1.0908360800,1.1125083200,7722784,23937924.0000,0.554228,-2.531600
2013-07-01,1.1125083200,1.1269564800,1.0836120000,1.1161203600,4178936,12803142.0000,0.299903,0.324700
2013-07-02,1.1125083200,1.1666889200,1.1052842400,1.1594648400,8076903,25715098.0000,0.579641,3.883500
2013-07-03,1.1558528000,1.1594648400,1.1197324000,1.1233444400,4125980,13001567.0000,0.296102,-3.115300
2013-07-04,1.1269564800,1.1522407600,1.0980601600,1.1305685200,3736308,11648632.0000,0.268137,0.643100
2013-07-05,1.1414046400,1.1739130000,1.1305685200,1.1450166800,4258559,13544108.0000,0.305617,1.278000
2013-07-08,1.1341805600,1.1341805600,1.0908360800,1.0908360800,4305885,13153067.0000,0.309013,-4.731900
2013-07-09,1.0836120000,1.0944481200,1.0474916000,1.0583277200,5440960,16053256.0000,0.390472,-2.980100
2013-07-10,1.0547156800,1.0980601600,1.0511036400,1.0944481200,4740365,14073929.0000,0.340194,3.413000
2013-07-11,1.0836120000,1.1630768800,1.0836120000,1.1377926000,7076875,22055914.0000,0.507874,3.960400
2013-07-12,1.1414046400,1.1594648400,1.1088962800,1.1197324000,5251993,16530710.0000,0.376911,-1.587300
2013-07-15,1.1197324000,1.1450166800,1.1125083200,1.1414046400,4127875,12934912.0000,0.296238,1.935500
2013-07-16,1.1341805600,1.1847491200,1.1233444400,1.1739130000,6500204,20776268.0000,0.466489,2.848100
2013-07-17,1.1666889200,1.1883611600,1.1414046400,1.1450166800,4888254,15764498.0000,0.350807,-2.461500
2013-07-18,1.1450166800,1.1450166800,1.1161203600,1.1197324000,3752012,11678101.0000,0.269264,-2.208200
2013-07-19,1.1125083200,1.1161203600,1.0763879200,1.0836120000,6625818,20022708.0000,0.475504,-3.225800
2013-07-22,1.0655518000,1.0836120000,1.0511036400,1.0799999600,2234435,6623017.0000,0.160355,-0.333300
2013-07-23,1.0799999600,1.1088962800,1.0763879200,1.1052842400,4137992,12561579.0000,0.296964,2.341100
2013-07-24,1.1016722000,1.1052842400,1.0872240400,1.1016722000,3339414,10117846.0000,0.239654,-0.326800
2013-07-25,1.1052842400,1.1341805600,1.0944481200,1.1161203600,4761707,14710903.0000,0.341725,1.311500
2013-07-26,1.1161203600,1.1197324000,1.0872240400,1.1016722000,3027925,9292300.0000,0.217300,-1.294500
2013-07-29,1.0944481200,1.1016722000,1.0763879200,1.0944481200,2038783,6143997.0000,0.146314,-0.655700
2013-07-30,1.0944481200,1.1161203600,1.0836120000,1.1016722000,2708860,8249319.0000,0.194402,0.660100
2013-07-31,1.1016722000,1.1125083200,1.0980601600,1.1052842400,1871371,5720404.0000,0.134299,0.327900
2013-08-01,1.1016722000,1.1197324000,1.0980601600,1.1161203600,3719012,11441551.0000,0.266896,0.980400
2013-08-02,1.1197324000,1.1233444400,1.0872240400,1.1016722000,3717875,11386122.0000,0.266814,-1.294500
2013-08-05,1.1016722000,1.1125083200,1.0908360800,1.1088962800,3164680,9664306.0000,0.227114,0.655700
2013-08-06,1.1088962800,1.1269564800,1.1016722000,1.1233444400,4669234,14443263.0000,0.335089,1.302900
2013-08-07,1.1197324000,1.1450166800,1.1161203600,1.1269564800,6453690,20217452.0000,0.463151,0.321500
2013-08-08,1.1233444400,1.1341805600,1.1161203600,1.1197324000,3950239,12279690.0000,0.283490,-0.641000
2013-08-09,1.1233444400,1.1377926000,1.1161203600,1.1305685200,5048748,15715858.0000,0.362325,0.967700
2013-08-12,1.1305685200,1.1703009600,1.1269564800,1.1666889200,8299893,26377784.0000,0.595644,3.194900
2013-08-13,1.1666889200,1.2642140000,1.1594648400,1.1955852400,17924064,60256976.0000,1.286326,2.476800
2013-08-14,1.1991972800,1.2244815600,1.1775250400,1.2028093200,9531609,31686220.0000,0.684039,0.604200
2013-08-15,1.2028093200,1.2353176800,1.1847491200,1.1847491200,8103000,27183468.0000,0.581514,-1.501500
2013-08-16,1.1739130000,1.2028093200,1.1341805600,1.1522407600,9612490,31030962.0000,0.689843,-2.743900
2013-08-19,1.1414046400,1.1739130000,1.1377926000,1.1703009600,4436791,14210637.0000,0.318408,1.567400
2013-08-20,1.1775250400,1.1775250400,1.1450166800,1.1522407600,3977785,12730111.0000,0.285463,-1.543200
2013-08-21,1.1594648400,1.1594648400,1.1414046400,1.1450166800,3552113,11284499.0000,0.254915,-0.627000
2013-08-22,1.1414046400,1.1522407600,1.1269564800,1.1414046400,3623280,11435812.0000,0.260023,-0.315500
2013-08-23,1.1377926000,1.1594648400,1.1233444400,1.1377926000,4254164,13474652.0000,0.305298,-0.316500
2013-08-26,1.1414046400,1.1739130000,1.1414046400,1.1739130000,4075478,13095431.0000,0.292474,3.174600
2013-08-27,1.1739130000,1.1919732000,1.1703009600,1.1811370800,3833739,12522630.0000,0.275126,0.615400
2013-08-28,1.1775250400,1.1919732000,1.1630768800,1.1775250400,4466712,14574868.0000,0.320551,-0.305800
2013-08-29,1.1775250400,1.1811370800,1.1594648400,1.1666889200,3311118,10706703.0000,0.237620,-0.920200
2013-08-30,1.1594648400,1.1811370800,1.1450166800,1.1703009600,5207377,16767466.0000,0.373704,0.309600
2013-09-02,1.1703009600,1.1811370800,1.1558528000,1.1775250400,4299952,13919971.0000,0.308584,0.617300
2013-09-03,1.1703009600,1.2208695200,1.1703009600,1.1955852400,7608246,25182804.0000,0.546001,1.533700
2013-09-04,1.1919732000,1.2389297200,1.1919732000,1.2244815600,10452119,35190272.0000,0.750090,2.416900
2013-09-05,1.2136454400,1.2208695200,1.1883611600,1.1919732000,4375697,14558340.0000,0.314019,-2.654900
2013-09-06,1.1883611600,1.1955852400,1.1739130000,1.1883611600,3375642,11074655.0000,0.242251,-0.303000
2013-09-09,1.1883611600,1.2100334000,1.1739130000,1.2028093200,6138093,20331616.0000,0.440497,1.215800
2013-09-10,1.2028093200,1.2606019600,1.2028093200,1.2533778800,9365090,31752332.0000,0.672080,4.204200
2013-09-11,1.2497658400,1.3617390800,1.2425417600,1.2894982800,16951623,61011824.0000,1.216523,2.881800
2013-09-12,1.2894982800,1.2894982800,1.2353176800,1.2642140000,7322811,25615676.0000,0.525517,-1.960800
2013-09-13,1.2569899200,1.2569899200,1.2244815600,1.2244815600,6288257,21529146.0000,0.451273,-3.142900
2013-09-16,1.2317056400,1.2497658400,1.2100334000,1.2244815600,2991349,10146606.0000,0.214672,0.000000
2013-09-17,1.2208695200,1.2244815600,1.1739130000,1.1955852400,4707474,15596598.0000,0.337829,-2.359900
2013-09-18,1.1919732000,1.1991972800,1.1775250400,1.1991972800,2339711,7703078.0000,0.167908,0.302100
2013-09-23,1.1991972800,1.2208695200,1.1955852400,1.2208695200,3138128,10483814.0000,0.225206,1.807200
2013-09-24,1.2172574800,1.2172574800,1.1811370800,1.2172574800,4037961,13457620.0000,0.289782,-0.295900
2013-09-25,1.2208695200,1.2317056400,1.2028093200,1.2064213600,4604225,15506262.0000,0.330420,-0.890200
2013-09-26,1.2028093200,1.2028093200,1.1558528000,1.1703009600,3651062,11955821.0000,0.262016,-2.994000
2013-09-27,1.1703009600,1.1775250400,1.1558528000,1.1703009600,2612568,8433869.0000,0.187489,0.000000
2013-09-30,1.1703009600,1.1847491200,1.1703009600,1.1811370800,2073756,6760378.0000,0.148822,0.925900
2013-10-08,1.1775250400,1.1919732000,1.1630768800,1.1883611600,2311265,7550191.0000,0.165867,0.611600
2013-10-09,1.1847491200,1.1955852400,1.1775250400,1.1919732000,2463485,8084994.0000,0.176791,0.304000
2013-10-10,1.1847491200,1.1991972800,1.1775250400,1.1919732000,2921358,9587926.0000,0.209650,0.000000
2013-10-11,1.1919732000,1.2244815600,1.1919732000,1.2208695200,4242743,14205971.0000,0.304478,2.424200
2013-10-14,1.2208695200,1.2244815600,1.2100334000,1.2208695200,3083778,10404114.0000,0.221306,0.000000
2013-10-15,1.2172574800,1.2244815600,1.1955852400,1.2136454400,3441841,11508862.0000,0.247002,-0.591700
2013-10-16,1.2100334000,1.2425417600,1.1991972800,1.2028093200,4592903,15486328.0000,0.329607,-0.892900
2013-10-17,1.2136454400,1.2172574800,1.1919732000,1.1991972800,2884882,9623242.0000,0.207032,-0.300300
2013-10-18,1.1991972800,1.2100334000,1.1955852400,1.2064213600,1624186,5413702.0000,0.116559,0.602400
2013-10-21,1.2100334000,1.2172574800,1.1883611600,1.2100334000,3752472,12492053.0000,0.269294,0.299400
2013-10-22,1.2100334000,1.2100334000,1.1955852400,1.2028093200,2837940,9446184.0000,0.203663,-0.597000
2013-10-23,1.2028093200,1.2100334000,1.1739130000,1.1739130000,2437800,8032258.0000,0.174947,-2.402400
2013-10-24,1.1739130000,1.1739130000,1.1450166800,1.1522407600,2677915,8582139.0000,0.192179,-1.846200
2013-10-25,1.1486287200,1.1594648400,1.1233444400,1.1450166800,2631821,8277282.0000,0.188871,-0.627000
2013-10-28,1.1305685200,1.1377926000,1.1197324000,1.1341805600,1613819,5049944.0000,0.115815,-0.946400
2013-10-29,1.1269564800,1.1594648400,1.0836120000,1.1088962800,4172176,12934683.0000,0.299414,-2.229300
2013-10-30,1.1016722000,1.1305685200,1.0872240400,1.1233444400,1492304,4609837.0000,0.107094,1.302900
2013-10-31,1.1197324000,1.1341805600,1.1088962800,1.1269564800,1338071,4162766.0000,0.096026,0.321500
2013-11-01,1.1269564800,1.1739130000,1.1197324000,1.1305685200,2580420,8100373.0000,0.185182,0.320500
2013-11-04,1.1233444400,1.1305685200,1.1197324000,1.1305685200,1800953,5613315.0000,0.129244,0.000000
2013-11-05,1.1233444400,1.1269564800,1.1052842400,1.1269564800,2757761,8558342.0000,0.197909,-0.319500
2013-11-06,1.1197324000,1.1414046400,1.1197324000,1.1341805600,2999296,9412054.0000,0.215243,0.641000
2013-11-07,1.1305685200,1.1377926000,1.1161203600,1.1161203600,1888410,5881399.0000,0.135521,-1.592400
2013-11-08,1.1125083200,1.1161203600,1.0908360800,1.0980601600,2150773,6572893.0000,0.154349,-1.618100
2013-11-11,1.1016722000,1.1125083200,1.0944481200,1.1088962800,1438060,4389721.0000,0.103202,0.986800
2013-11-12,1.1088962800,1.1341805600,1.1016722000,1.1305685200,2341397,7247943.0000,0.168029,1.954400
2013-11-13,1.1269564800,1.1269564800,1.1052842400,1.1088962800,1924354,5928657.0000,0.138100,-1.916900
2013-11-14,1.1125083200,1.1125083200,1.0944481200,1.1016722000,722259,2207419.0000,0.051833,-0.651500
2013-11-15,1.1052842400,1.1341805600,1.1016722000,1.1197324000,2431390,7572161.0000,0.174487,1.639300
2013-11-18,1.1197324000,1.1377926000,1.1161203600,1.1377926000,2985712,9345369.0000,0.214268,1.612900
2013-11-19,1.1377926000,1.2461538000,1.1377926000,1.1522407600,5801046,18697678.0000,0.416309,1.269800
2013-11-20,1.1486287200,1.1630768800,1.1414046400,1.1594648400,2925215,9313923.0000,0.209926,0.627000
2013-11-21,1.1558528000,1.1558528000,1.1377926000,1.1486287200,2585859,8195240.0000,0.185573,-0.934600
2013-11-22,1.1486287200,1.1522407600,1.1377926000,1.1450166800,2138870,6777417.0000,0.153495,-0.314500
2013-11-25,1.1450166800,1.1630768800,1.1377926000,1.1630768800,5210811,16676078.0000,0.373951,1.577300
2013-11-26,1.1630768800,1.1703009600,1.1522407600,1.1630768800,3029584,9762011.0000,0.217416,0.000000
2013-11-27,1.1630768800,1.1703009600,1.1450166800,1.1666889200,3514182,11318746.0000,0.252193,0.310600
2013-11-28,1.1666889200,1.1847491200,1.1594648400,1.1847491200,4297719,14010380.0000,0.308423,1.548000
2013-11-29,1.1847491200,1.1847491200,1.1775250400,1.1775250400,2396584,7835499.0000,0.171989,-0.609800
2013-12-02,1.1558528000,1.1666889200,1.1233444400,1.1305685200,3978184,12591536.0000,0.285492,-3.987700
2013-12-03,1.1269564800,1.1630768800,1.1233444400,1.1558528000,4644169,14785027.0000,0.333286,2.236400
2013-12-04,1.1630768800,1.1955852400,1.1486287200,1.1883611600,4658175,15238460.0000,0.334291,2.812500
2013-12-05,1.1847491200,1.2208695200,1.1775250400,1.1811370800,4358630,14443690.0000,0.312795,-0.607900
2013-12-06,1.1811370800,1.1955852400,1.1703009600,1.1775250400,2229938,7272662.0000,0.160030,-0.305800
2013-12-09,1.1811370800,1.1883611600,1.1739130000,1.1739130000,1987926,6483865.0000,0.142662,-0.306700
2013-12-10,1.1739130000,1.2280936000,1.1739130000,1.2172574800,11215496,37337397.0000,0.804874,3.692300
2013-12-11,1.2136454400,1.2136454400,1.1775250400,1.1955852400,3256400,10773851.0000,0.233694,-1.780400
2013-12-12,1.1883611600,1.1883611600,1.1739130000,1.1811370800,2499061,8178039.0000,0.179344,-1.208500
2013-12-13,1.1739130000,1.1811370800,1.1666889200,1.1739130000,2865614,9315218.0000,0.205649,-0.611600
2013-12-16,1.1775250400,1.1847491200,1.1414046400,1.1486287200,3214003,10348815.0000,0.230651,-2.153800
2013-12-17,1.1522407600,1.1558528000,1.1269564800,1.1377926000,1462700,4615014.0000,0.104970,-0.943400
2013-12-18,1.1450166800,1.1486287200,1.1305685200,1.1377926000,970510,3063240.0000,0.069648,0.000000
2013-12-19,1.1414046400,1.1486287200,1.1269564800,1.1305685200,1438901,4530960.0000,0.103262,-0.634900
2013-12-20,1.1305685200,1.1414046400,1.1052842400,1.1052842400,2039200,6355184.0000,0.146342,-2.236400
2013-12-23,1.1125083200,1.1125083200,1.0836120000,1.1016722000,1472800,4470272.0000,0.105695,-0.326800
2013-12-24,1.1052842400,1.1125083200,1.0944481200,1.1088962800,1024023,3130559.0000,0.073488,0.655700
2013-12-25,1.1052842400,1.1161203600,1.0980601600,1.1088962800,662016,2028800.0000,0.047509,0.000000
2013-12-26,1.1088962800,1.1088962800,1.0872240400,1.0944481200,784900,2382383.0000,0.056328,-1.302900
2013-12-27,1.0980601600,1.1088962800,1.0908360800,1.1052842400,687956,2098378.0000,0.049371,0.990100
2013-12-30,1.1088962800,1.1305685200,1.1088962800,1.1197324000,1736927,5384105.0000,0.124650,1.307200
2013-12-31,1.1197324000,1.1269564800,1.1052842400,1.1197324000,1050410,3243790.0000,0.075382,0.000000
2014-01-02,1.1233444400,1.1233444400,1.1052842400,1.1161203600,998881,3080271.0000,0.071684,-0.322600
2014-01-03,1.1161203600,1.1161203600,1.0944481200,1.0980601600,1303969,3966355.0000,0.093579,-1.618100
2014-01-06,1.0944481200,1.1052842400,1.0619397600,1.0655518000,1597024,4751312.0000,0.114610,-2.960500
2014-01-07,1.0583277200,1.0691638400,1.0474916000,1.0691638400,838427,2463723.0000,0.060169,0.339000
2014-01-08,1.0619397600,1.0799999600,1.0438795600,1.0474916000,1879347,5498969.0000,0.134870,-2.027000
2014-01-09,1.0474916000,1.0583277200,1.0222073200,1.0258193600,2182154,6299735.0000,0.156601,-2.069000
2014-01-10,1.0258193600,1.0366554800,0.9933110000,1.0041471200,1785641,4979110.0000,0.128145,-2.112700
2014-01-13,1.0041471200,1.0113712000,0.9933110000,1.0005350800,1468308,4068097.0000,0.105372,-0.359700
2014-01-14,0.9933110000,1.0077591600,0.9860869200,1.0077591600,1714608,4739885.0000,0.123048,0.722000
2014-01-15,1.0041471200,1.0113712000,0.9969230400,1.0005350800,847719,2351984.0000,0.060836,-0.716800
2014-01-16,1.0005350800,1.0113712000,0.9969230400,1.0077591600,1171145,3252216.0000,0.084047,0.722000
2014-01-17,1.0005350800,1.0005350800,0.9716387600,0.9716387600,3587067,9722160.0000,0.257424,-3.584200
2014-01-20,0.9608026400,0.9716387600,0.9571906000,0.9644146800,1002245,2676596.0000,0.071926,-0.743500
2014-01-21,0.9608026400,0.9788628400,0.9535785600,0.9788628400,2473222,6601840.0000,0.177489,1.498100
2014-01-22,0.9752508000,1.0005350800,0.9716387600,0.9969230400,1891884,5194649.0000,0.135770,1.845000
2014-01-23,1.0005350800,1.0041471200,0.9824748800,0.9933110000,1813151,4968393.0000,0.130120,-0.362300
2014-01-24,1.0041471200,1.0438795600,1.0041471200,1.0222073200,3972124,11230017.0000,0.285057,2.909100
2014-01-27,1.0113712000,1.0185952800,0.9969230400,1.0005350800,2127209,5939934.0000,0.152658,-2.120100
2014-01-28,1.0077591600,1.0258193600,0.9969230400,1.0113712000,1830030,5158610.0000,0.131331,1.083000
2014-01-29,1.0113712000,1.0294314000,1.0077591600,1.0149832400,1387459,3918674.0000,0.099570,0.357100
2014-01-30,1.0185952800,1.0908360800,1.0185952800,1.0438795600,4455910,12962131.0000,0.319776,2.847000
2014-02-07,1.0149832400,1.0402675200,1.0077591600,1.0330434400,3152753,8869441.0000,0.226256,-1.038100
2014-02-10,1.0294314000,1.0583277200,1.0258193600,1.0547156800,2755011,7972728.0000,0.197712,2.097900
2014-02-11,1.0511036400,1.0944481200,1.0438795600,1.0872240400,6191732,18362246.0000,0.444346,3.082200
2014-02-12,1.0872240400,1.1955852400,1.0836120000,1.1847491200,18323971,58968021.0000,1.315009,8.970100
2014-02-13,1.1847491200,1.1847491200,1.1847491200,1.1847491200,0,0.0000,,0.000000
2014-02-14,1.1847491200,1.1847491200,1.1847491200,1.1847491200,0,0.0000,,0.000000
2014-02-17,1.1847491200,1.1847491200,1.1847491200,1.1847491200,0,0.0000,,0.000000
2014-02-18,1.1847491200,1.1847491200,1.1847491200,1.1847491200,0,0.0000,,0.000000
2014-02-19,1.1847491200,1.1847491200,1.1847491200,1.1847491200,0,0.0000,,0.000000
2014-02-20,1.1847491200,1.1847491200,1.1847491200,1.1847491200,0,0.0000,,0.000000
2014-02-21,1.1847491200,1.1847491200,1.1847491200,1.1847491200,0,0.0000,,0.000000
2014-02-24,1.1847491200,1.1847491200,1.1847491200,1.1847491200,0,0.0000,,0.000000
2014-02-25,1.1847491200,1.1847491200,1.1847491200,1.1847491200,0,0.0000,,0.000000
2014-02-26,1.1847491200,1.1847491200,1.1847491200,1.1847491200,0,0.0000,,0.000000
2014-02-27,1.1847491200,1.1847491200,1.1847491200,1.1847491200,0,0.0000,,0.000000
2014-02-28,1.1847491200,1.1847491200,1.1847491200,1.1847491200,0,0.0000,,0.000000
2014-03-03,1.1847491200,1.1847491200,1.1847491200,1.1847491200,0,0.0000,,0.000000
2014-03-04,1.1847491200,1.1847491200,1.1847491200,1.1847491200,0,0.0000,,0.000000
2014-03-05,1.1847491200,1.1847491200,1.1847491200,1.1847491200,0,0.0000,,0.000000
2014-03-06,1.1847491200,1.1847491200,1.1847491200,1.1847491200,0,0.0000,,0.000000
2014-03-07,1.1847491200,1.1847491200,1.1847491200,1.1847491200,0,0.0000,,0.000000
2014-03-10,1.1847491200,1.1847491200,1.1847491200,1.1847491200,0,0.0000,,0.000000
2014-03-11,1.1847491200,1.1847491200,1.1847491200,1.1847491200,0,0.0000,,0.000000
2014-03-12,1.1847491200,1.1847491200,1.1847491200,1.1847491200,0,0.0000,,0.000000
2014-03-13,1.1847491200,1.1847491200,1.1847491200,1.1847491200,0,0.0000,,0.000000
2014-03-14,1.1847491200,1.1847491200,1.1847491200,1.1847491200,0,0.0000,,0.000000
2014-03-17,1.1847491200,1.1847491200,1.1847491200,1.1847491200,0,0.0000,,0.000000
2014-03-18,1.1847491200,1.1847491200,1.1847491200,1.1847491200,0,0.0000,,0.000000
2014-03-19,1.1847491200,1.1847491200,1.1847491200,1.1847491200,0,0.0000,,0.000000
2014-03-20,1.1847491200,1.1847491200,1.1847491200,1.1847491200,0,0.0000,,0.000000
2014-03-21,1.1847491200,1.1847491200,1.1847491200,1.1847491200,0,0.0000,,0.000000
2014-03-24,1.1847491200,1.1847491200,1.1847491200,1.1847491200,0,0.0000,,0.000000
2014-03-25,1.1847491200,1.1847491200,1.1847491200,1.1847491200,0,0.0000,,0.000000
2014-03-26,1.1847491200,1.1847491200,1.1847491200,1.1847491200,0,0.0000,,0.000000
2014-03-27,1.1847491200,1.1847491200,1.1847491200,1.1847491200,0,0.0000,,0.000000
2014-03-28,1.1847491200,1.1847491200,1.1847491200,1.1847491200,0,0.0000,,0.000000
2014-03-31,1.1847491200,1.1847491200,1.1847491200,1.1847491200,0,0.0000,,0.000000
2014-04-01,1.1847491200,1.1847491200,1.1847491200,1.1847491200,0,0.0000,,0.000000
2014-04-02,1.1847491200,1.1847491200,1.1847491200,1.1847491200,0,0.0000,,0.000000
2014-04-03,1.1847491200,1.1847491200,1.1847491200,1.1847491200,0,0.0000,,0.000000
2014-04-04,1.1847491200,1.1847491200,1.1847491200,1.1847491200,0,0.0000,,0.000000
2014-04-08,1.1847491200,1.1847491200,1.1847491200,1.1847491200,0,0.0000,,0.000000
2014-04-09,1.1847491200,1.1847491200,1.1847491200,1.1847491200,0,0.0000,,0.000000
2014-04-10,1.1847491200,1.1847491200,1.1847491200,1.1847491200,0,0.0000,,0.000000
2014-04-11,1.1847491200,1.1847491200,1.1847491200,1.1847491200,0,0.0000,,0.000000
2014-04-14,1.1847491200,1.1847491200,1.1847491200,1.1847491200,0,0.0000,,0.000000
2014-04-15,1.1847491200,1.1847491200,1.1847491200,1.1847491200,0,0.0000,,0.000000
2014-04-16,1.1847491200,1.1847491200,1.1847491200,1.1847491200,0,0.0000,,0.000000
2014-04-17,1.1847491200,1.1847491200,1.1847491200,1.1847491200,0,0.0000,,0.000000
2014-04-18,1.1847491200,1.1847491200,1.1847491200,1.1847491200,0,0.0000,,0.000000
2014-04-21,1.1847491200,1.1847491200,1.1847491200,1.1847491200,0,0.0000,,0.000000
2014-04-22,1.1847491200,1.1847491200,1.1847491200,1.1847491200,0,0.0000,,0.000000
2014-04-23,1.1847491200,1.1847491200,1.1847491200,1.1847491200,0,0.0000,,0.000000
2014-04-24,1.1847491200,1.1847491200,1.1847491200,1.1847491200,0,0.0000,,0.000000
2014-04-25,1.1847491200,1.1847491200,1.1847491200,1.1847491200,0,0.0000,,0.000000
2014-04-28,1.1847491200,1.1847491200,1.1847491200,1.1847491200,0,0.0000,,0.000000
2014-04-29,1.1847491200,1.1847491200,1.1847491200,1.1847491200,0,0.0000,,0.000000
2014-04-30,1.1847491200,1.1847491200,1.1847491200,1.1847491200,0,0.0000,,0.000000
2014-05-05,1.1847491200,1.1847491200,1.1847491200,1.1847491200,0,0.0000,,0.000000
2014-05-06,1.1847491200,1.1847491200,1.1847491200,1.1847491200,0,0.0000,,0.000000
2014-05-07,1.1847491200,1.1847491200,1.1847491200,1.1847491200,0,0.0000,,0.000000
2014-05-08,1.1847491200,1.1847491200,1.1847491200,1.1847491200,0,0.0000,,0.000000
2014-05-09,1.1847491200,1.1847491200,1.1847491200,1.1847491200,0,0.0000,,0.000000
2014-05-12,1.1847491200,1.1847491200,1.1847491200,1.1847491200,0,0.0000,,0.000000
2014-05-13,1.1847491200,1.1847491200,1.1847491200,1.1847491200,0,0.0000,,0.000000
2014-05-14,1.1847491200,1.1847491200,1.1847491200,1.1847491200,0,0.0000,,0.000000
2014-05-15,1.1847491200,1.1847491200,1.1847491200,1.1847491200,0,0.0000,,0.000000
2014-05-16,1.1847491200,1.1847491200,1.1847491200,1.1847491200,0,0.0000,,0.000000
2014-05-19,1.1847491200,1.1847491200,1.1847491200,1.1847491200,0,0.0000,,0.000000
2014-05-20,1.1847491200,1.1847491200,1.1847491200,1.1847491200,0,0.0000,,0.000000
2014-05-21,1.1847491200,1.1847491200,1.1847491200,1.1847491200,0,0.0000,,0.000000
2014-05-22,1.1847491200,1.1847491200,1.1847491200,1.1847491200,0,0.0000,,0.000000
2014-05-23,1.1847491200,1.1847491200,1.1847491200,1.1847491200,0,0.0000,,0.000000
2014-05-26,1.1847491200,1.1847491200,1.1847491200,1.1847491200,0,0.0000,,0.000000
2014-05-27,1.1847491200,1.1847491200,1.1847491200,1.1847491200,0,0.0000,,0.000000
2014-05-28,1.1847491200,1.1847491200,1.1847491200,1.1847491200,0,0.0000,,0.000000
2014-05-29,1.1847491200,1.1847491200,1.1847491200,1.1847491200,0,0.0000,,0.000000
2014-05-30,1.1847491200,1.1847491200,1.1847491200,1.1847491200,0,0.0000,,0.000000
2014-06-03,1.0655518000,1.1377926000,1.0655518000,1.1088962800,16304506,48892590.0000,1.170083,-6.402400
2014-06-04,1.0691638400,1.0799999600,1.0222073200,1.0294314000,12180908,35347968.0000,0.874156,-7.166100
2014-06-05,1.0294314000,1.0330434400,1.0005350800,1.0113712000,9495047,26636205.0000,0.681407,-1.754400
2014-06-06,1.0077591600,1.0113712000,0.9860869200,0.9933110000,7378960,20327508.0000,0.529547,-1.785700
2014-06-09,0.9896989600,0.9933110000,0.9788628400,0.9860869200,4266772,11658215.0000,0.306202,-0.727300
2014-06-10,0.9824748800,0.9933110000,0.9752508000,0.9896989600,4698834,12815392.0000,0.337209,0.366300
2014-06-11,0.9896989600,0.9969230400,0.9788628400,0.9933110000,4603064,12561094.0000,0.330336,0.365000
2014-06-12,0.9896989600,1.0005350800,0.9788628400,0.9933110000,4748820,13018397.0000,0.340796,0.000000
2014-06-13,0.9933110000,0.9969230400,0.9824748800,0.9933110000,3508781,9614633.0000,0.251806,0.000000
2014-06-16,0.9896989600,1.0005350800,0.9860869200,0.9969230400,3152225,8666719.0000,0.226218,0.363600
2014-06-17,0.9933110000,0.9933110000,0.9680267200,0.9752508000,5867216,15903104.0000,0.421057,-2.173900
2014-06-18,0.9752508000,0.9788628400,0.9644146800,0.9716387600,3114110,8378195.0000,0.223482,-0.370400
2014-06-19,0.9752508000,0.9788628400,0.9427424400,0.9463544800,4837564,12845253.0000,0.347165,-2.602200
2014-06-20,0.9427424400,0.9535785600,0.9391304000,0.9535785600,2814704,7370286.0000,0.201996,0.763400
2014-06-23,0.9535785600,0.9680267200,0.9499665200,0.9644146800,3903788,10349368.0000,0.280153,1.136400
2014-06-24,0.9644146800,0.9644146800,0.9535785600,0.9644146800,4073326,10798811.0000,0.292320,0.000000
2014-06-25,0.9608026400,0.9644146800,0.9535785600,0.9644146800,2190420,5823636.0000,0.157194,0.000000
2014-06-26,0.9644146800,0.9824748800,0.9608026400,0.9752508000,3279685,8825802.0000,0.235365,1.123600
2014-06-27,0.9716387600,0.9933110000,0.9680267200,0.9860869200,5851232,15982160.0000,0.419910,1.111100
2014-06-30,0.9969230400,1.0041471200,0.9896989600,0.9896989600,4661966,12857656.0000,0.334563,0.366300
2014-07-01,0.9896989600,1.0077591600,0.9824748800,1.0005350800,4468396,12346735.0000,0.320672,1.094900
2014-07-02,1.0005350800,1.0113712000,0.9933110000,1.0005350800,3743463,10402573.0000,0.268647,0.000000
2014-07-03,1.0041471200,1.0149832400,0.9933110000,1.0113712000,4506078,12532566.0000,0.323376,1.083000
2014-07-04,1.0113712000,1.0149832400,0.9969230400,1.0041471200,2958371,8235475.0000,0.212306,-0.714300
2014-07-07,1.0041471200,1.0077591600,0.9896989600,1.0005350800,3102388,8566264.0000,0.222641,-0.359700
2014-07-08,1.0005350800,1.0041471200,0.9896989600,1.0041471200,2233448,6163209.0000,0.160282,0.361000
2014-07-09,1.0005350800,1.0077591600,0.9860869200,0.9896989600,2908600,8043335.0000,0.208734,-1.438800
2014-07-10,0.9969230400,1.0005350800,0.9860869200,0.9969230400,2170937,5969729.0000,0.155796,0.729900
2014-07-11,0.9969230400,1.0185952800,0.9896989600,1.0077591600,5241793,14647986.0000,0.376174,1.087000
2014-07-14,1.0077591600,1.0222073200,1.0041471200,1.0185952800,3886688,10914227.0000,0.278926,1.075300
2014-07-15,1.0185952800,1.0438795600,1.0149832400,1.0402675200,6253243,17869255.0000,0.448760,2.127700
2014-07-16,1.0402675200,1.0474916000,1.0258193600,1.0294314000,3886188,11141214.0000,0.278890,-1.041700
2014-07-17,1.0258193600,1.0655518000,1.0149832400,1.0583277200,5048339,14475376.0000,0.362291,2.807000
2014-07-18,1.0438795600,1.0619397600,1.0330434400,1.0474916000,4690029,13607335.0000,0.336577,-1.023900
2014-07-21,1.0511036400,1.0511036400,1.0294314000,1.0366554800,3548099,10206796.0000,0.254627,-1.034500
2014-07-22,1.0330434400,1.0511036400,1.0294314000,1.0438795600,3848013,11109854.0000,0.276150,0.696900
2014-07-23,1.0438795600,1.0583277200,1.0402675200,1.0547156800,5161331,14997412.0000,0.370400,1.038100
2014-07-24,1.0583277200,1.1197324000,1.0547156800,1.0872240400,10259716,31010471.0000,0.736283,3.082200
2014-07-25,1.0872240400,1.1955852400,1.0872240400,1.1955852400,16749843,54605163.0000,1.202043,9.966800
2014-07-28,1.2100334000,1.2750501200,1.1703009600,1.1883611600,24195650,80335904.0000,1.736387,-0.604200
2014-07-29,1.1703009600,1.1847491200,1.1558528000,1.1739130000,13688635,44259015.0000,0.982357,-1.215800
2014-07-30,1.1703009600,1.2172574800,1.1630768800,1.1919732000,15966232,52660757.0000,1.145807,1.538500
2014-07-31,1.1811370800,1.1883611600,1.1522407600,1.1775250400,13174690,42548526.0000,0.945474,-1.212100
2014-08-01,1.1775250400,1.2461538000,1.1666889200,1.2100334000,21393093,71679666.0000,1.535263,2.760700
2014-08-04,1.1955852400,1.2353176800,1.1811370800,1.2280936000,12296445,41311850.0000,0.882447,1.492500
2014-08-05,1.2208695200,1.2714380800,1.2064213600,1.2353176800,11814855,40655358.0000,0.847886,0.588200
2014-08-06,1.2208695200,1.2569899200,1.1955852400,1.2353176800,9005557,30529028.0000,0.646279,0.000000
2014-08-07,1.2353176800,1.2569899200,1.2136454400,1.2136454400,9016837,30730294.0000,0.647088,-1.754400
2014-08-08,1.2028093200,1.2172574800,1.1883611600,1.1919732000,6651681,22111740.0000,0.477354,-1.785700
2014-08-11,1.2028093200,1.2136454400,1.1955852400,1.2100334000,4855961,16221627.0000,0.348485,1.515200
2014-08-12,1.2100334000,1.2100334000,1.1919732000,1.1991972800,3930141,13030982.0000,0.282044,-0.895500
2014-08-13,1.1955852400,1.2100334000,1.1775250400,1.2028093200,4890064,16154376.0000,0.350933,0.301200
2014-08-14,1.2028093200,1.2136454400,1.1847491200,1.1991972800,6953316,23179307.0000,0.499001,-0.300300
2014-08-15,1.1919732000,1.2172574800,1.1883611600,1.2136454400,5329994,17791886.0000,0.382504,1.204800
2014-08-18,1.2100334000,1.2244815600,1.2064213600,1.2244815600,5047862,16996004.0000,0.362257,0.892900
2014-08-19,1.2136454400,1.2353176800,1.2028093200,1.2317056400,8921203,30161705.0000,0.640225,0.590000
2014-08-20,1.2280936000,1.2497658400,1.2172574800,1.2244815600,6153269,20978505.0000,0.441586,-0.586500
2014-08-21,1.2280936000,1.2317056400,1.2028093200,1.2208695200,3637882,12261229.0000,0.261071,-0.295000
2014-08-22,1.2208695200,1.2569899200,1.2172574800,1.2353176800,6347976,21691691.0000,0.455559,1.183400
2014-08-25,1.2389297200,1.2425417600,1.2028093200,1.2244815600,6310382,21426216.0000,0.452861,-0.877200
2014-08-26,1.2208695200,1.2353176800,1.1811370800,1.1919732000,4592575,15374981.0000,0.329583,-2.654900
2014-08-27,1.1955852400,1.2100334000,1.1883611600,1.1955852400,2413575,7989675.0000,0.173209,0.303000
2014-08-28,1.1991972800,1.2100334000,1.1847491200,1.1883611600,3055129,10117304.0000,0.219250,-0.604200
2014-08-29,1.1847491200,1.2136454400,1.1847491200,1.2100334000,3302973,10919105.0000,0.237036,1.823700
2014-09-01,1.2064213600,1.2280936000,1.1955852400,1.2172574800,4963918,16669463.0000,0.356233,0.597000
2014-09-02,1.2208695200,1.2389297200,1.2172574800,1.2389297200,5587772,19051305.0000,0.401003,1.780400
2014-09-03,1.2389297200,1.2678260400,1.2353176800,1.2569899200,6289246,21843437.0000,0.451344,1.457700
2014-09-04,1.2533778800,1.2714380800,1.2461538000,1.2642140000,4779118,16632175.0000,0.342971,0.574700
2014-09-05,1.2642140000,1.2786621600,1.2389297200,1.2606019600,4987175,17347240.0000,0.357902,-0.285700
2014-09-09,1.2606019600,1.3075584800,1.2497658400,1.3075584800,13116967,46843927.0000,0.941332,3.724900
2014-09-10,1.2967223600,1.4014715200,1.2822742000,1.3472909200,13948941,51814621.0000,1.001038,3.038700
2014-09-11,1.3509029600,1.3617390800,1.2931103200,1.3039464400,10671122,39085027.0000,0.765807,-3.217200
2014-09-12,1.2967223600,1.3256186800,1.2858862400,1.3183946000,6403070,23194685.0000,0.459513,1.108000
2014-09-15,1.3147825600,1.3870233600,1.3147825600,1.3725752000,11199485,42144546.0000,0.803725,4.109600
2014-09-16,1.3978594800,1.4737123200,1.3617390800,1.3797992800,16673881,64710677.0000,1.196591,0.526300
2014-09-17,1.3689631600,1.4556521200,1.3617390800,1.4339798800,14143106,55616609.0000,1.014972,3.926700
2014-09-18,1.4412039600,1.4809364000,1.3942474400,1.4303678400,11264412,45007017.0000,0.808384,-0.251900
2014-09-19,1.4375919200,1.4412039600,1.3725752000,1.4050835600,14262240,55060124.0000,1.023521,-1.767700
2014-09-22,1.3870233600,1.4195317200,1.3761872400,1.4159196800,8137622,31472328.0000,0.583992,0.771200
2014-09-23,1.4050835600,1.4303678400,1.3906354000,1.4086956000,4537092,17720597.0000,0.325602,-0.510200
2014-09-24,1.4014715200,1.4267558000,1.4014715200,1.4195317200,7377045,28901427.0000,0.529409,0.769200
2014-09-25,1.4159196800,1.4303678400,1.4050835600,1.4159196800,5644538,22202041.0000,0.405077,-0.254500
2014-09-26,1.4159196800,1.4339798800,1.4014715200,1.4195317200,9964983,39103808.0000,0.715131,0.255100
2014-09-29,1.4267558000,1.4375919200,1.4086956000,1.4195317200,14035415,55184918.0000,1.007243,0.000000
2014-09-30,1.4339798800,1.4339798800,1.4014715200,1.4231437600,10992056,43091096.0000,0.788839,0.254500
2014-10-08,1.4231437600,1.4303678400,1.4050835600,1.4231437600,8501978,33306875.0000,0.610140,0.000000
2014-10-09,1.4267558000,1.4267558000,1.4014715200,1.4086956000,12066612,47056569.0000,0.865953,-1.015200
2014-10-10,1.4086956000,1.4339798800,1.4014715200,1.4086956000,11314303,44214173.0000,0.811964,0.000000
2014-10-13,1.4014715200,1.4086956000,1.3797992800,1.3942474400,12456047,48084500.0000,0.893901,-1.025600
2014-10-14,1.4014715200,1.4195317200,1.3942474400,1.3978594800,15617361,60864083.0000,1.120771,0.259100
2014-10-15,1.4086956000,1.4592641600,1.3906354000,1.4375919200,17998795,71141467.0000,1.291673,2.842400
2014-10-16,1.4303678400,1.4412039600,1.3942474400,1.3978594800,13322115,52692248.0000,0.956054,-2.763800
2014-10-17,1.4123076400,1.4123076400,1.3472909200,1.3653511200,10112317,38570771.0000,0.725705,-2.325600
2014-10-20,1.3725752000,1.3906354000,1.3617390800,1.3725752000,7700571,29351117.0000,0.552627,0.529100
2014-10-21,1.3870233600,1.3870233600,1.3509029600,1.3545150000,5523923,20861342.0000,0.396421,-1.315800
2014-10-22,1.3617390800,1.3617390800,1.2822742000,1.3472909200,6302378,23496883.0000,0.452287,-0.533300
2014-10-23,1.3364548000,1.3364548000,1.2858862400,1.2894982800,4493045,16281977.0000,0.322441,-4.289500
2014-10-24,1.2967223600,1.2967223600,1.2461538000,1.2606019600,3737107,13209742.0000,0.268191,-2.240900
2014-10-27,1.2569899200,1.2858862400,1.2461538000,1.2822742000,3327005,11729081.0000,0.238761,1.719200
2014-10-28,1.2822742000,1.3256186800,1.2822742000,1.3220066400,13096669,47374354.0000,0.939875,3.098600
2014-10-29,1.3220066400,1.3617390800,1.3111705200,1.3472909200,11936534,44290541.0000,0.856618,1.912600
2014-10-30,1.3545150000,1.3906354000,1.3436788800,1.3870233600,15049078,57092027.0000,1.079988,2.949100
2014-10-31,1.4050835600,1.5242808800,1.4050835600,1.4303678400,34748541,141701409.0000,2.493709,3.125000
2014-11-03,1.4231437600,1.5351170000,1.4123076400,1.5062206800,32340998,132821151.0000,2.320933,5.303000
2014-11-04,1.5098327200,1.5423410800,1.4664882400,1.5242808800,28556903,119264211.0000,2.049370,1.199000
2014-11-05,1.5170568000,1.5423410800,1.4881604800,1.5098327200,13398206,56286353.0000,0.961515,-0.947900
2014-11-06,1.4989966000,1.5278929200,1.4664882400,1.4773243600,13642795,56324215.0000,0.979067,-2.153100
2014-11-07,1.4881604800,1.4989966000,1.4556521200,1.4592641600,10894714,44640369.0000,0.781853,-1.222500
2014-11-10,1.4628762000,1.5604012800,1.4412039600,1.5567892400,26475298,110451249.0000,1.899984,6.683200
2014-11-11,1.5640133200,1.6976588000,1.5604012800,1.5929096400,34713169,155799181.0000,2.491171,2.320200
2014-11-12,1.5567892400,1.6218059600,1.5459531200,1.6218059600,11193033,49038730.0000,0.803262,1.814100
2014-11-13,1.6145818800,1.7843477600,1.5567892400,1.7229430800,23661056,109848164.0000,1.698022,6.236100
2014-11-14,1.7157190000,1.7157190000,1.6434782000,1.6651504400,11674995,54142434.0000,0.837849,-3.354300
2014-11-17,1.6651504400,1.6832106400,1.6037457600,1.6254180000,12609572,57172498.0000,0.904919,-2.386100
2014-11-18,1.6218059600,1.6362541200,1.5892976000,1.6037457600,9779106,43489125.0000,0.701792,-1.333300
2014-11-19,1.6073578000,1.6290300400,1.5856855600,1.6109698400,7460609,33246569.0000,0.535406,0.450500
2014-11-20,1.6001337200,1.6073578000,1.5531772000,1.5676253600,6911141,30285171.0000,0.495974,-2.690600
2014-11-21,1.5712374000,1.6037457600,1.5495651600,1.6037457600,7253374,31743889.0000,0.520534,2.304100
2014-11-24,1.6254180000,1.7193310400,1.6109698400,1.6795986000,16057510,74270105.0000,1.152358,4.729700
2014-11-25,1.6651504400,1.7590634800,1.6651504400,1.7518394000,13116858,62881691.0000,0.941324,4.301100
2014-11-26,1.7518394000,1.7626755200,1.7121069600,1.7193310400,8665746,41518117.0000,0.621892,-1.855700
2014-11-27,1.7157190000,1.7446153200,1.6795986000,1.6976588000,9530114,45099035.0000,0.683923,-1.260500
2014-11-28,1.7084949200,1.7193310400,1.6651504400,1.7084949200,10697962,50200194.0000,0.767733,0.638300
2014-12-01,1.7084949200,1.7915718400,1.7084949200,1.7626755200,21193914,102596963.0000,1.520969,3.171200
2014-12-02,1.7554514400,1.8240802000,1.7157190000,1.7590634800,32571378,158135657.0000,2.337466,-0.204900
2014-12-03,1.7590634800,1.8963210000,1.7518394000,1.8096320400,37484890,189036928.0000,2.690082,2.874800
2014-12-04,1.7987959200,1.8421404000,1.7843477600,1.8385283600,16442349,82339502.0000,1.179976,1.596800
2014-12-05,1.8313042800,1.8457524400,1.7012708400,1.7193310400,18865469,92051449.0000,1.353870,-6.483300
2014-12-08,1.7265551200,1.8276922400,1.7193310400,1.7987959200,21360523,105839785.0000,1.532926,4.621800
2014-12-09,1.8060200000,1.9793979200,1.7626755200,1.7698996000,34053132,175613409.0000,2.443803,-1.606400
2014-12-10,1.7626755200,1.8963210000,1.7482273600,1.8818728400,17794466,90531403.0000,1.277010,6.326500
2014-12-11,1.8710367200,2.0696989200,1.8602006000,2.0696989200,23335147,127122796.0000,1.674633,9.980800
2014-12-12,2.0877591200,2.1997323600,2.0082942400,2.1347156400,32153473,187591188.0000,2.307475,3.141400
2014-12-15,2.1383276800,2.1672240000,2.0227424000,2.0588628000,17408374,99283719.0000,1.249302,-3.553300
2014-12-16,2.0444146400,2.1491638000,2.0119062800,2.1094313600,26121013,150598913.0000,1.874559,2.456100
2014-12-17,2.0877591200,2.2936454000,2.0480266800,2.1852842000,26185568,157951166.0000,1.879192,3.595900
2014-12-18,2.1780601200,2.3478260000,2.1599999200,2.2900333600,23961307,149586185.0000,1.719569,4.793400
2014-12-19,2.3080935600,2.5175918800,2.2575250000,2.5175918800,41189587,281053504.0000,2.955947,9.936900
2014-12-22,2.5356520800,2.7451504000,2.2972574400,2.3080935600,42281113,293930976.0000,3.034280,-8.321400
2014-12-23,2.2791972400,2.2791972400,2.0769230000,2.0769230000,28168466,167451228.0000,2.021494,-10.015600
2014-12-24,2.0552507600,2.1130434000,1.9866220000,2.0733109600,29086159,164136366.0000,2.087351,-0.173900
2014-12-25,2.0660868800,2.2791972400,2.0588628000,2.2791972400,28885508,173667485.0000,2.072952,9.930300
2014-12-26,2.2755852000,2.3406019200,2.1888962400,2.3225417200,22658493,142994624.0000,1.626074,1.901700
2014-12-29,2.3080935600,2.4561872000,2.2214046000,2.3875584400,24850814,162292189.0000,1.783404,2.799400
2014-12-30,2.3839464000,2.4272908800,2.3117056000,2.3514380400,18792754,122928721.0000,1.348651,-1.512900
2014-12-31,2.3658862000,2.4020066000,2.2033444000,2.2719731600,24251218,153387634.0000,1.740375,-3.379400
2015-01-05,2.2719731600,2.3406019200,2.1888962400,2.3080935600,23191979,146021062.0000,1.664359,1.589800
2015-01-06,2.2755852000,2.3550500800,2.2394648000,2.2864213200,16554301,105158947.0000,1.188010,-0.939000
2015-01-07,2.2864213200,2.3406019200,2.2394648000,2.2972574400,13070212,82680568.0000,0.937976,0.473900
2015-01-08,2.2900333600,2.3044815200,2.0660868800,2.0805350400,37610704,223345749.0000,2.699110,-9.434000
2015-01-09,2.0660868800,2.1491638000,1.9902340400,2.0913711600,23666782,136237484.0000,1.698433,0.520800
2015-01-12,2.0516387200,2.0769230000,1.9938460800,2.0263544400,12859543,71863596.0000,0.922858,-3.108800
2015-01-13,2.0227424000,2.0660868800,2.0155183200,2.0191303600,8565648,48247328.0000,0.614709,-0.356500
2015-01-14,2.0263544400,2.0516387200,2.0155183200,2.0335785200,6397575,35912292.0000,0.459118,0.715600
2015-01-15,2.0299664800,2.1094313600,2.0155183200,2.0985952400,8928472,50950975.0000,0.640747,3.197200
2015-01-16,2.0949832000,2.1202674800,2.0552507600,2.0949832000,8992299,52016881.0000,0.645327,-0.172100
2015-01-19,2.0010701600,2.0444146400,1.8854848800,1.8854848800,16892052,91004538.0000,1.212248,-10.000000
2015-01-20,1.8602006000,1.9360534400,1.8565885600,1.9107691600,14666957,77319147.0000,1.052566,1.341000
2015-01-21,1.9143812000,2.1022072800,1.9071571200,2.1022072800,30129937,170725708.0000,2.162258,10.018900
2015-01-22,2.1238795200,2.1744480800,2.0877591200,2.1058193200,23700260,140048994.0000,1.700835,0.171800
2015-01-23,2.1166554400,2.2069564400,2.1022072800,2.1058193200,13689815,81311004.0000,0.982442,0.000000
2015-01-26,2.1130434000,2.2900333600,2.0949832000,2.2828092800,24732666,151850226.0000,1.774926,8.404800
2015-01-27,2.2864213200,2.3297658000,2.2105684800,2.2828092800,17584823,110501751.0000,1.261965,0.000000
2015-01-28,2.2683611200,2.3117056000,2.2250166400,2.2828092800,10569114,66216998.0000,0.758486,0.000000
2015-01-29,2.3189296800,2.4381270000,2.2828092800,2.3694982400,22535743,147783255.0000,1.617265,3.797500
2015-01-30,2.3478260000,2.4020066000,2.2503009200,2.2972574400,17255109,111046974.0000,1.238303,-3.048800
2015-02-02,2.2683611200,2.2683611200,2.1708360400,2.1816721600,11152420,68234561.0000,0.800347,-5.031400
2015-02-03,2.1852842000,2.2647490800,2.1636119600,2.2539129600,10639224,65266845.0000,0.763518,3.311300
2015-02-04,2.2394648000,2.3442139600,2.2105684800,2.2539129600,13552115,86021405.0000,0.972560,0.000000
2015-02-05,2.2936454000,2.3153176400,2.1744480800,2.1852842000,10529565,65347523.0000,0.755648,-3.044900
2015-02-06,2.1888962400,2.1997323600,2.1130434000,2.1636119600,8428198,50122187.0000,0.604845,-0.991700
2015-02-09,2.1563878800,2.2214046000,2.1094313600,2.1491638000,6678421,40024192.0000,0.479273,-0.667800
2015-02-10,2.1130434000,2.1852842000,2.1130434000,2.1599999200,4307714,25693021.0000,0.309141,0.504200
2015-02-11,2.1636119600,2.2250166400,2.1527758400,2.2177925600,5614732,34108452.0000,0.402938,2.675600
2015-02-12,2.2214046000,2.2575250000,2.2033444000,2.2394648000,5922721,36629502.0000,0.425041,0.977200
2015-02-13,2.2719731600,2.3369898800,2.2466888800,2.3080935600,9994476,63720386.0000,0.717248,3.064500
2015-02-16,2.3008694800,2.3406019200,2.2828092800,2.3225417200,8457846,54329569.0000,0.606972,0.626000
2015-02-17,2.3369898800,2.3658862000,2.3008694800,2.3261537600,7955225,51438448.0000,0.570902,0.155500
2015-02-25,2.3261537600,2.3406019200,2.2936454000,2.3044815200,5724101,36630568.0000,0.410787,-0.931700
2015-02-26,2.3261537600,2.3406019200,2.2936454000,2.3297658000,5914715,38038265.0000,0.424466,1.097200
2015-02-27,2.3369898800,2.3875584400,2.3189296800,2.3803343600,9329281,61292483.0000,0.669510,2.170500
2015-03-02,2.4200668000,2.5175918800,2.3803343600,2.4489631200,15195918,102667762.0000,1.090526,2.883200
2015-03-03,2.4417390400,2.4417390400,2.3406019200,2.3442139600,13059954,86114640.0000,0.937240,-4.277300
2015-03-04,2.3514380400,2.4164547600,2.3225417200,2.3803343600,10350123,67761966.0000,0.742771,1.540800
2015-03-05,2.3767223200,2.3767223200,2.2755852000,2.3369898800,14780499,94636416.0000,1.060714,-1.820900
2015-03-06,2.3153176400,2.3297658000,2.2755852000,2.3189296800,10906796,69419881.0000,0.782720,-0.772800
2015-03-09,2.3117056000,2.4020066000,2.2864213200,2.3767223200,10557130,68533865.0000,0.757626,2.492200
2015-03-10,2.3658862000,2.4381270000,2.3514380400,2.3911704800,11868920,79154667.0000,0.851766,0.607900
2015-03-11,2.4164547600,2.4345149600,2.3550500800,2.3803343600,8215895,54425373.0000,0.589609,-0.453200
2015-03-12,2.3803343600,2.4345149600,2.3406019200,2.4200668000,11539463,76471609.0000,0.828123,1.669200
2015-03-13,2.4200668000,2.4309029200,2.3947825200,2.4200668000,10061371,67308112.0000,0.722048,0.000000
2015-03-16,2.4272908800,2.4670233200,2.3947825200,2.4489631200,16415960,110432163.0000,1.178082,1.194000
2015-03-17,2.4489631200,2.5537122800,2.4381270000,2.4814714800,16982497,117365080.0000,1.218739,1.327400
2015-03-18,2.5175918800,2.6367892000,2.4850835200,2.6006688000,31618142,224365403.0000,2.269058,4.803500
2015-03-19,2.5826086000,2.5934447200,2.5139798400,2.5392641200,19256656,135659518.0000,1.381943,-2.361100
2015-03-20,2.5248159600,2.5392641200,2.4923076000,2.5175918800,13220276,91864940.0000,0.948745,-0.853500
2015-03-23,2.5392641200,2.6584614400,2.5031437200,2.6151169600,26873494,193431840.0000,1.928561,3.873700
2015-03-24,2.6187290000,2.7632106000,2.5717724800,2.7234781600,29673881,220563177.0000,2.129529,4.143600
2015-03-25,2.7126420400,2.7126420400,2.6078928800,2.6151169600,15183528,111227310.0000,1.089637,-3.978800
2015-03-26,2.6006688000,2.6187290000,2.4742474000,2.5609363600,18935405,133563425.0000,1.358888,-2.071800
2015-03-27,2.5645484000,2.6115049200,2.5320400400,2.5862206400,9872016,70378285.0000,0.708460,0.987300
2015-03-30,2.6042808400,2.6584614400,2.5898326800,2.6367892000,15288995,110884589.0000,1.097206,1.955300
2015-03-31,2.6331771600,2.6765216400,2.5934447200,2.6151169600,15992637,116482055.0000,1.147702,-0.821900
2015-04-01,2.6006688000,2.6295651200,2.5826086000,2.6078928800,14403067,103614994.0000,1.033628,-0.276200
2015-04-02,2.6115049200,2.6404012400,2.5898326800,2.6223410400,14194627,102768532.0000,1.018669,0.554000
2015-04-03,2.6115049200,2.7559865200,2.5934447200,2.7487624400,29420478,218990116.0000,2.111344,4.820900
2015-04-07,2.7848828400,2.8101671200,2.7270902000,2.7487624400,25778104,196480381.0000,1.849951,0.000000
2015-04-08,2.7523744800,2.8029430400,2.6656855200,2.7993310000,21226024,160847947.0000,1.523273,1.839700
2015-04-09,2.8210032400,2.8968560800,2.7162540800,2.8535116000,26059976,203267304.0000,1.870179,1.935500
2015-04-10,2.8246152800,3.1388627600,2.8101671200,3.1388627600,32660631,269343936.0000,2.343871,10.000000
2015-04-13,3.1316386800,3.2327758000,3.0702340000,3.1641470400,30892860,270097792.0000,2.217008,0.805500
2015-04-14,3.1460868400,3.2111035600,3.0666219600,3.1208025600,18547550,160433761.0000,1.331054,-1.369900
2015-04-15,3.1063544000,3.1352507200,2.8824079200,2.8932440400,26301302,216002022.0000,1.887498,-7.291700
2015-04-16,2.8535116000,2.9582607600,2.7884948800,2.9438126000,18154152,144190259.0000,1.302822,1.747800
2015-04-17,2.9474246400,3.0341136000,2.9149162800,2.9582607600,23839580,196071419.0000,1.710834,0.490800
2015-04-20,2.9185283200,3.0052172800,2.8354514000,2.8787958800,29031585,234507242.0000,2.083435,-2.686200
2015-04-21,2.8751838400,3.0666219600,2.8535116000,3.0305015600,23364533,192036754.0000,1.676742,5.269800
2015-04-22,3.0377256400,3.1424748000,3.0377256400,3.0702340000,24832186,211895807.0000,1.782068,1.311100
2015-04-23,3.0810701200,3.3591972000,3.0630099200,3.2905684400,38162119,341837728.0000,2.738682,7.176500
2015-04-24,3.2508360000,3.2508360000,3.1027423600,3.1496988800,21648521,190541465.0000,1.553594,-4.281000
2015-04-27,3.1496988800,3.2833443600,3.0991303200,3.2291637600,24607161,217330626.0000,1.765919,2.522900
2015-04-28,3.2147156000,3.2255517200,3.0882942000,3.0919062400,18823383,163991027.0000,1.350849,-4.250600
2015-04-29,3.0738460400,3.2002674400,3.0341136000,3.1569229600,14103439,122834389.0000,1.012125,2.102800
2015-04-30,3.1244146000,3.1352507200,3.0341136000,3.0630099200,16000879,136025158.0000,1.148294,-2.974800
2015-05-04,3.0630099200,3.1352507200,3.0341136000,3.0919062400,14241019,122118300.0000,1.021999,0.943400
2015-05-05,3.0919062400,3.1063544000,2.8535116000,2.8571236400,16778432,137928989.0000,1.204094,-7.593500
2015-05-06,2.8571236400,2.9329764800,2.6837457200,2.7234781600,12447441,96719280.0000,0.893283,-4.677600
2015-05-07,2.7234781600,2.7740467200,2.6295651200,2.7451504000,11114369,82764379.0000,0.797616,0.795800
2015-05-08,2.7812708000,2.8246152800,2.7379263200,2.8137791600,9021505,69447288.0000,0.647423,2.500000
2015-05-11,2.8390634400,2.8643477200,2.7921069200,2.8535116000,15857290,124028451.0000,1.137989,1.412100
2015-05-12,2.8498995600,2.8643477200,2.7993310000,2.8318393600,10924963,85432966.0000,0.784024,-0.759500
2015-05-13,2.8462875200,2.9004681200,2.7993310000,2.8246152800,12733599,100385102.0000,0.913819,-0.255100
2015-05-14,2.8282273200,2.8390634400,2.7379263200,2.7776587600,10750770,82758762.0000,0.771523,-1.662400
2015-05-15,2.7740467200,2.8137791600,2.7018059200,2.7307022400,9739068,74141171.0000,0.698919,-1.690500
2015-05-18,2.7307022400,2.7668226400,2.7162540800,2.7595985600,9526070,72358636.0000,0.683633,1.058200
2015-05-19,2.7595985600,2.8318393600,2.7487624400,2.8282273200,10716892,82981451.0000,0.769092,2.486900
2015-05-20,2.8643477200,2.9618728000,2.8065550800,2.9402005600,20648692,164958710.0000,1.481841,3.959100
2015-05-21,2.9365885200,3.0846821600,2.8932440400,3.0738460400,20748450,172822624.0000,1.489001,4.545500
2015-05-22,3.0919062400,3.1424748000,3.0377256400,3.0919062400,20250539,173754975.0000,1.453268,0.587500
2015-05-25,3.0702340000,3.1713711200,3.0377256400,3.1352507200,25422710,219630759.0000,1.824446,1.401900
2015-05-26,3.1496988800,3.2761202800,3.0846821600,3.2183276400,31981004,283320800.0000,2.295098,2.649800
2015-05-27,3.2147156000,3.3194647600,3.1496988800,3.2833443600,28911649,258998850.0000,2.074828,2.020200
2015-05-28,3.2869564000,3.3158527200,3.1099664400,3.1171905200,50408894,449738192.0000,3.617565,-5.060500
2015-05-29,3.1280266400,3.2074915200,3.0016052400,3.1460868400,25885647,223734449.0000,1.857669,0.927000
2015-06-01,3.1424748000,3.2941804800,3.1424748000,3.2833443600,41783980,375223712.0000,2.998603,4.362800
2015-06-02,3.3230768000,3.5145149200,3.2327758000,3.4242139200,51502269,474102816.0000,3.696031,4.290400
2015-06-03,3.3591972000,3.3880935200,3.2111035600,3.3339129200,42654199,388947312.0000,3.061054,-2.637100
2015-06-04,3.3050166000,3.3230768000,3.0016052400,3.3158527200,30339899,268189993.0000,2.177325,-0.541700
2015-06-05,3.3303008800,3.6120400000,3.2580600800,3.5036788000,63059240,596913728.0000,4.525410,5.664500
2015-06-08,3.4314380000,3.5289630800,3.3844814800,3.4567222800,35027135,334270320.0000,2.513702,-1.340200
2015-06-09,3.4531102400,3.4603343200,3.3266888400,3.3664212800,23927968,224602841.0000,1.717177,-2.612300
2015-06-10,3.3266888400,3.4097657600,3.2905684400,3.3411370000,30886305,287754592.0000,2.216538,-0.751100
2015-06-11,3.3411370000,3.4206018800,3.3303008800,3.3953176000,28765360,268782224.0000,2.064329,1.621600
2015-06-12,3.4025416800,3.4747824800,3.3519731200,3.4314380000,44400942,418522208.0000,3.186408,1.063800
2015-06-15,3.4494982000,3.7745818000,3.4494982000,3.7745818000,65030137,663399952.0000,4.666850,10.000000
2015-06-16,3.7565216000,3.7673577200,3.4892306400,3.5181269600,45557919,454763472.0000,3.269438,-6.794300
2015-06-17,3.5181269600,3.6120400000,3.3519731200,3.5723075600,36414631,352333008.0000,2.613275,1.540000
2015-06-18,3.5397992000,3.7854179200,3.4964547200,3.5723075600,40755640,411530720.0000,2.924805,0.000000
2015-06-19,3.4314380000,3.5036788000,3.2147156000,3.2147156000,27109254,250041342.0000,1.945480,-10.010100
2015-06-23,3.1063544000,3.2472239600,2.9257524000,3.2399998800,21300275,184846472.0000,1.528602,0.786500
2015-06-24,3.2508360000,3.3917055600,3.2508360000,3.3375249600,25712350,235818797.0000,1.845232,3.010000
2015-06-25,3.3411370000,3.3411370000,3.0919062400,3.1569229600,23422492,210395517.0000,1.680902,-5.411300
2015-06-26,3.0521738000,3.0919062400,2.8426754800,2.8426754800,22868722,185987190.0000,1.641161,-9.954200
2015-06-29,2.9004681200,2.9293644400,2.5573243200,2.5573243200,27259002,204492058.0000,1.956227,-10.038100
2015-06-30,2.5212039200,2.7487624400,2.3008694800,2.7343142800,28527081,197996360.0000,2.047230,6.920900
2015-07-01,2.6945818400,2.7704346800,2.4597992400,2.4706353600,24166509,177801329.0000,1.734296,-9.643300
2015-07-02,2.5139798400,2.5175918800,2.2250166400,2.2250166400,21765244,140426189.0000,1.561970,-9.941500
2015-07-03,2.1274915600,2.2214046000,2.0010701600,2.0010701600,23161283,132599535.0000,1.662156,-10.064900
2015-07-06,2.1925082800,2.1997323600,1.8060200000,1.9035450800,27751052,153680774.0000,1.991538,-4.873600
2015-07-07,1.8240802000,1.8638126400,1.7121069600,1.7121069600,22786392,110016288.0000,1.635252,-10.056900
2015-07-08,1.5423410800,1.5820735200,1.5423410800,1.5423410800,17310923,74074735.0000,1.242308,-9.915600
2015-07-09,1.4628762000,1.6976588000,1.4628762000,1.6976588000,25972343,116678173.0000,1.863890,10.070300
2015-07-10,1.8060200000,1.8674246800,1.7373912400,1.8674246800,12853037,65630843.0000,0.922391,10.000000
2015-07-13,2.0371905600,2.0552507600,1.9793979200,2.0552507600,27273540,153474276.0000,1.957270,10.058000
2015-07-14,2.1311036000,2.2575250000,2.0660868800,2.1925082800,42504178,257006886.0000,3.050288,6.678400
2015-07-15,2.1311036000,2.1311036000,1.9721738400,1.9721738400,21180346,119309412.0000,1.519995,-10.049400
2015-07-16,1.8638126400,2.0913711600,1.7915718400,2.0046822000,20290177,110982075.0000,1.456113,1.648400
2015-07-17,2.0263544400,2.1491638000,2.0263544400,2.1238795200,18516482,107404741.0000,1.328825,5.945900
2015-07-20,2.1274915600,2.2177925600,2.0949832000,2.1455517600,22193803,132236428.0000,1.592725,1.020400
2015-07-21,2.1238795200,2.2033444000,2.0769230000,2.1527758400,21963781,131339934.0000,1.576218,0.336700
2015-07-22,2.1058193200,2.1852842000,2.0877591200,2.1672240000,18639922,110629398.0000,1.337683,0.671100
2015-07-23,2.1636119600,2.2611370400,2.1491638000,2.2394648000,24410806,149950179.0000,1.751827,3.333300
2015-07-24,2.2214046000,2.2828092800,2.1672240000,2.1816721600,26502067,163339838.0000,1.901906,-2.580600
2015-07-27,2.1274915600,2.1672240000,1.9649497600,1.9649497600,21687594,124267962.0000,1.556398,-9.933800
2015-07-28,1.8168561200,2.0046822000,1.7879598000,1.8674246800,21164229,109940448.0000,1.518839,-4.963200
2015-07-29,1.9143812000,1.9902340400,1.8421404000,1.9866220000,15218419,80290330.0000,1.092141,6.383000
2015-07-30,1.9866220000,2.1094313600,1.9432775200,1.9577256800,14852120,83693541.0000,1.065854,-1.454500
2015-07-31,1.9577256800,2.0263544400,1.9360534400,1.9793979200,9682111,53159667.0000,0.694831,1.107000
2015-08-03,1.9757858800,2.0299664800,1.8602006000,1.9721738400,17010832,91916468.0000,1.220773,-0.365000
2015-08-04,1.9613377200,2.0769230000,1.9432775200,2.0733109600,23950971,132990495.0000,1.718828,5.128200
2015-08-05,2.0696989200,2.0769230000,1.9757858800,2.0155183200,21221874,119363060.0000,1.522976,-2.787500
2015-08-06,1.9685618000,2.0119062800,1.9432775200,1.9793979200,9344922,51304496.0000,0.670633,-1.792100
2015-08-07,2.0408026000,2.1780601200,1.9902340400,2.1780601200,42640480,250022767.0000,3.060069,10.036500
2015-08-10,2.2250166400,2.3731102800,2.1563878800,2.3189296800,56977422,352698048.0000,4.088952,6.467700
2015-08-11,2.2719731600,2.3622741600,2.2394648000,2.2864213200,39987160,253767130.0000,2.869655,-1.401900
2015-08-12,2.2394648000,2.4525751600,2.2286286800,2.3550500800,36158158,232787193.0000,2.594869,3.001600
2015-08-13,2.3153176400,2.3983945600,2.2828092800,2.3911704800,34559416,224500703.0000,2.480137,1.533700
2015-08-14,2.4056186400,2.4164547600,2.3333778400,2.3839464000,28579349,188527011.0000,2.050981,-0.302100
2015-08-17,2.3550500800,2.5717724800,2.3117056000,2.5139798400,38096321,256778946.0000,2.733961,5.454500
2015-08-18,2.4561872000,2.4850835200,2.2611370400,2.2611370400,35006721,229750417.0000,2.512237,-10.057500
2015-08-19,2.1672240000,2.3658862000,2.0696989200,2.3369898800,30865873,191725904.0000,2.215072,3.354600
2015-08-20,2.2755852000,2.3442139600,2.2322407200,2.2972574400,22418625,142080973.0000,1.608860,-1.700100
2015-08-21,2.2322407200,2.2936454000,2.0913711600,2.1094313600,16424590,99300034.0000,1.178701,-8.176100
2015-08-24,1.9902340400,2.0155183200,1.8999330400,1.8999330400,12542300,66628164.0000,0.900091,-9.931500
2015-08-25,1.7121069600,1.7698996000,1.7084949200,1.7084949200,14909383,71143443.0000,1.069963,-10.076000
2015-08-26,1.7193310400,1.8024079600,1.5640133200,1.6326420800,18659384,87843254.0000,1.339080,-4.439700
2015-08-27,1.6615384000,1.7951838800,1.6615384000,1.7951838800,39646868,195254997.0000,2.845235,9.955700
2015-08-28,1.8276922400,1.9216052800,1.7518394000,1.8999330400,38086811,193311783.0000,2.733278,5.835000
2015-08-31,1.8638126400,1.8638126400,1.7698996000,1.7698996000,17033441,85289445.0000,1.222395,-6.844100
2015-09-01,1.8024079600,1.9468895600,1.7915718400,1.9468895600,53365933,285988176.0000,3.829775,10.000000
2015-09-02,1.7843477600,1.9613377200,1.7518394000,1.7590634800,56087051,279147536.0000,4.025055,-9.647500
2015-09-07,1.7626755200,1.8385283600,1.7446153200,1.7590634800,23190765,115114291.0000,1.664272,0.000000
2015-09-08,1.7879598000,1.8565885600,1.7410032800,1.8421404000,21384642,106633280.0000,1.534657,4.722800
2015-09-09,1.8457524400,1.9902340400,1.8168561200,1.9396654800,32987750,173684424.0000,2.367347,5.294100
2015-09-10,1.8890969200,2.0010701600,1.8529765200,1.9252173200,27077454,143889046.0000,1.943198,-0.744900
2015-09-11,1.9143812000,1.9468895600,1.8493644800,1.8854848800,17390745,91224050.0000,1.248037,-2.063800
2015-09-14,1.9107691600,1.9216052800,1.6976588000,1.7012708400,20540094,100768285.0000,1.474048,-9.770100
2015-09-15,1.6470902400,1.6832106400,1.5315049600,1.5459531200,14994505,67118845.0000,1.076072,-9.129500
2015-09-16,1.5531772000,1.7012708400,1.5531772000,1.7012708400,21235812,95883564.0000,1.523976,10.046700
2015-09-17,1.6868226800,1.7373912400,1.6434782000,1.6507022800,17550685,82190586.0000,1.259515,-2.972400
2015-09-18,1.6687624800,1.6795986000,1.5929096400,1.6651504400,10543585,47954692.0000,0.756654,0.875300
2015-09-21,1.6326420800,1.7012708400,1.6218059600,1.6904347200,13178751,60760240.0000,0.945765,1.518400
2015-09-22,1.6868226800,1.7265551200,1.6615384000,1.7084949200,13543740,63683931.0000,0.971959,1.068400
2015-09-23,1.6795986000,1.6832106400,1.6290300400,1.6398661600,9307514,42651551.0000,0.667948,-4.016900
2015-09-24,1.6543143200,1.6795986000,1.6398661600,1.6723745200,7159495,32948105.0000,0.513797,1.982400
2015-09-25,1.6832106400,1.6868226800,1.6073578000,1.6434782000,8059406,36833518.0000,0.578379,-1.727900
2015-09-28,1.6362541200,1.8024079600,1.6145818800,1.7771236800,19520540,92900958.0000,1.400880,8.131900
2015-09-29,1.7193310400,1.8818728400,1.7012708400,1.8349163200,34367336,172274384.0000,2.466352,3.252000
2015-09-30,1.8096320400,2.0155183200,1.7698996000,1.9685618000,31450278,165850558.0000,2.257011,7.283500
2015-10-08,1.9866220000,2.0010701600,1.8818728400,1.9396654800,42372973,224848653.0000,3.040872,-1.467900
2015-10-09,1.9107691600,1.9107691600,1.8132440800,1.8674246800,42400191,217805305.0000,3.042825,-3.724400
2015-10-12,1.8565885600,1.9685618000,1.8493644800,1.9360534400,50239773,265505416.0000,3.605428,3.675000
2015-10-13,1.8963210000,1.9252173200,1.8710367200,1.9035450800,28029533,146965818.0000,2.011523,-1.679100
2015-10-14,1.8999330400,1.9252173200,1.8782608000,1.8818728400,22167303,116613914.0000,1.590824,-1.138500
2015-10-15,1.8746487600,1.9252173200,1.8710367200,1.9216052800,24228164,127891464.0000,1.738720,2.111300
2015-10-16,1.9324414000,1.9360534400,1.8999330400,1.9252173200,21100609,112198478.0000,1.514273,0.188000
2015-10-19,1.9288293600,1.9830099600,1.9216052800,1.9396654800,24986985,134495280.0000,1.793177,0.750500
2015-10-20,1.9324414000,2.0046822000,1.9216052800,1.9613377200,26198559,143048664.0000,1.880124,1.117300
2015-10-21,1.9432775200,1.9938460800,1.7662875600,1.7735116400,25729484,134386238.0000,1.846462,-9.576400
2015-10-22,1.7771236800,1.8385283600,1.7698996000,1.8349163200,16292655,81606356.0000,1.169233,3.462300
2015-10-23,1.8385283600,1.9216052800,1.8240802000,1.8782608000,19570832,101577333.0000,1.404489,2.362200
2015-10-26,1.8782608000,1.8963210000,1.8565885600,1.8710367200,15145985,78626847.0000,1.086943,-0.384600
2015-10-27,1.8638126400,1.8746487600,1.7698996000,1.8493644800,13324609,67727799.0000,0.956233,-1.158300
2015-10-28,1.8493644800,1.8963210000,1.8276922400,1.8385283600,11947109,61554751.0000,0.857377,-0.585900
2015-10-29,1.8385283600,1.9216052800,1.8168561200,1.8854848800,21827243,112994927.0000,1.566420,2.554000
2015-10-30,1.8674246800,1.8854848800,1.8240802000,1.8421404000,11910170,60870761.0000,0.854726,-2.298800
2015-11-02,1.7735116400,1.8240802000,1.7735116400,1.7771236800,8585970,42708468.0000,0.616167,-3.529400
2015-11-03,1.7771236800,1.7951838800,1.7337792000,1.7626755200,6535176,31914837.0000,0.468993,-0.813000
2015-11-04,1.7771236800,1.8927089600,1.7771236800,1.8782608000,19107438,98035130.0000,1.371234,6.557400
2015-11-05,1.8710367200,1.9649497600,1.8457524400,1.9107691600,32239059,169206942.0000,2.313617,1.730800
2015-11-06,1.8854848800,1.9324414000,1.8854848800,1.9179932400,21212384,112189001.0000,1.522295,0.378100
2015-11-09,1.9216052800,1.9974581200,1.9107691600,1.9757858800,27685364,149939272.0000,1.986824,3.013200
2015-11-10,1.9541136400,2.0588628000,1.9541136400,2.0552507600,23873670,133385140.0000,1.713280,4.021900
2015-11-11,2.0588628000,2.1166554400,1.9830099600,2.0408026000,32624116,183520639.0000,2.341251,-0.703000
2015-11-12,2.0155183200,2.0227424000,1.9541136400,1.9757858800,18263510,100573572.0000,1.310670,-3.185800
2015-11-13,1.9649497600,2.0119062800,1.9432775200,1.9793979200,14767108,80802805.0000,1.059753,0.182800
2015-11-16,1.9613377200,2.0299664800,1.9468895600,2.0191303600,15535532,86026123.0000,1.114898,2.007300
2015-11-17,2.0263544400,2.0408026000,1.9830099600,1.9866220000,15312251,85268715.0000,1.098875,-1.610000
2015-11-18,1.9866220000,2.0010701600,1.9685618000,1.9902340400,9710273,53393128.0000,0.696852,0.181800
2015-11-19,1.9902340400,2.0408026000,1.9830099600,2.0263544400,12471711,69520138.0000,0.895025,1.814900
2015-11-20,2.0299664800,2.0408026000,2.0119062800,2.0227424000,10224741,57332068.0000,0.733773,-0.178300
2015-11-23,2.0082942400,2.1238795200,2.0082942400,2.0949832000,22440242,128743649.0000,1.610411,3.571400
2015-11-24,2.1130434000,2.1130434000,2.0119062800,2.0696989200,15099617,85948579.0000,1.083615,-1.206900
2015-11-25,2.0408026000,2.0877591200,2.0371905600,2.0733109600,9501935,54466214.0000,0.681901,0.174500
2015-11-26,2.0769230000,2.1058193200,2.0516387200,2.0733109600,10484077,60371233.0000,0.752384,0.000000
2015-11-27,2.0696989200,2.0985952400,1.8927089600,1.9216052800,14103099,78703319.0000,1.012101,-7.317100
2015-11-30,1.9324414000,1.9577256800,1.8457524400,1.9071571200,7823295,41175511.0000,0.561434,-0.751900
2015-12-01,1.9071571200,2.0046822000,1.8927089600,1.9577256800,9694003,52180033.0000,0.695685,2.651500
2015-12-02,1.9468895600,2.0480266800,1.9360534400,2.0299664800,8337168,45746276.0000,0.598312,3.690000
2015-12-03,2.0227424000,2.0913711600,1.9974581200,2.0588628000,11359486,64495978.0000,0.815207,1.423500
2015-12-04,2.0588628000,2.1022072800,2.0155183200,2.0299664800,10149991,57861413.0000,0.728408,-1.403500
2015-12-07,2.0335785200,2.0516387200,2.0191303600,2.0371905600,6615725,37308921.0000,0.474774,0.355900
2015-12-08,2.0335785200,2.0371905600,1.9432775200,1.9505016000,9124866,49866030.0000,0.654841,-4.255300
2015-12-09,1.9613377200,1.9757858800,1.9324414000,1.9468895600,4884167,26440658.0000,0.350509,-0.185200
2015-12-10,1.9613377200,1.9793979200,1.9396654800,1.9505016000,5379534,29242459.0000,0.386059,0.185500
2015-12-11,1.9577256800,1.9613377200,1.9143812000,1.9396654800,4481673,24033267.0000,0.321625,-0.555600
2015-12-14,1.9216052800,1.9938460800,1.9143812000,1.9902340400,5786820,31492613.0000,0.415288,2.607100
2015-12-15,1.9902340400,2.0263544400,1.9721738400,1.9938460800,6373696,35128307.0000,0.457405,0.181500
2015-12-16,1.9938460800,2.0155183200,1.9793979200,2.0010701600,5252752,29046652.0000,0.376961,0.362300
2015-12-17,2.0046822000,2.0805350400,2.0010701600,2.0371905600,10999391,62055568.0000,0.789365,1.805100
2015-12-18,2.0299664800,2.1022072800,2.0227424000,2.0949832000,15528704,88700511.0000,1.114408,2.836900
2015-12-21,2.1058193200,2.1455517600,2.0733109600,2.1166554400,15555022,90698249.0000,1.116297,1.034500
2015-12-22,2.0913711600,2.1383276800,2.0769230000,2.1166554400,10036385,58660926.0000,0.720255,0.000000
2015-12-23,2.1311036000,2.1527758400,2.0949832000,2.1058193200,11815607,69467709.0000,0.847940,-0.511900
2015-12-24,2.0949832000,2.1022072800,2.0480266800,2.0769230000,7188081,41219784.0000,0.515848,-1.372200
2015-12-25,2.0696989200,2.0949832000,2.0588628000,2.0696989200,7297601,41945388.0000,0.523708,-0.347800
2015-12-28,2.0696989200,2.0877591200,1.9866220000,1.9938460800,12539692,70650701.0000,0.899904,-3.664900
2015-12-29,1.9974581200,2.0696989200,1.9649497600,2.0516387200,10034408,56308054.0000,0.720114,2.898500
2015-12-30,2.0588628000,2.0913711600,2.0335785200,2.0408026000,7999290,45584251.0000,0.574064,-0.528200
2015-12-31,2.0480266800,2.0696989200,2.0227424000,2.0408026000,7092281,40240235.0000,0.508973,0.000000
2016-01-04,2.0335785200,2.0516387200,1.8385283600,1.8493644800,8963200,49207850.0000,0.643239,-9.380500
2016-01-05,1.8024079600,1.9577256800,1.7735116400,1.9071571200,14254732,74103064.0000,1.022983,3.125000
2016-01-06,1.8890969200,2.0985952400,1.8890969200,2.0985952400,23745240,136039027.0000,1.704063,10.037900
2016-01-07,2.1347156400,2.1780601200,1.9143812000,2.0010701600,20085898,117988162.0000,1.441453,-4.647200
2016-01-08,2.0985952400,2.1997323600,2.0408026000,2.1997323600,44069965,264621446.0000,3.162656,9.927800
2016-01-11,2.2214046000,2.3983945600,2.1527758400,2.2719731600,61272248,383130512.0000,4.397168,3.284100
2016-01-12,2.1852842000,2.2719731600,2.0624748400,2.2033444000,20466829,122991240.0000,1.468790,-3.020700
2016-01-13,2.1491638000,2.4236788400,2.1419397200,2.3261537600,48550502,318978144.0000,3.484199,5.573800
2016-01-14,2.1599999200,2.4489631200,2.1311036000,2.3875584400,45620350,294061120.0000,3.273918,2.639800
2016-01-15,2.3261537600,2.3767223200,2.1491638000,2.1527758400,38444053,236198685.0000,2.758915,-9.833600
2016-01-18,2.0588628000,2.1130434000,1.9360534400,2.0119062800,32916980,183303216.0000,2.362268,-6.543600
2016-01-19,1.9938460800,2.0696989200,1.9396654800,2.0444146400,23044376,128526504.0000,1.653766,1.615800
2016-01-20,2.0227424000,2.0227424000,1.9143812000,1.9541136400,26279732,142863442.0000,1.885950,-4.417000
2016-01-21,1.9396654800,1.9685618000,1.7879598000,1.7987959200,18427376,96822761.0000,1.322430,-7.948200
2016-01-22,1.8313042800,1.8927089600,1.8024079600,1.8493644800,14383064,73528381.0000,1.032192,2.811200
2016-01-25,1.8782608000,1.9866220000,1.8710367200,1.9107691600,17710816,94294940.0000,1.271006,3.320300
2016-01-26,1.8674246800,1.8782608000,1.7193310400,1.7193310400,18611595,92783362.0000,1.335650,-10.018900
2016-01-27,1.7373912400,1.8421404000,1.6037457600,1.7915718400,34340212,166415427.0000,2.464406,4.201700
2016-01-28,1.7373912400,1.7915718400,1.6109698400,1.6543143200,14514343,68782913.0000,1.041613,-7.661300
2016-01-29,1.6507022800,1.7048828800,1.6109698400,1.6615384000,18065019,83014139.0000,1.296426,0.436700
2016-02-01,1.6362541200,1.6940467600,1.4953845600,1.4953845600,22016321,95291068.0000,1.579989,-10.000000
2016-02-02,1.5062206800,1.5929096400,1.4845484400,1.5784614800,19650861,83611823.0000,1.410233,5.555600
2016-02-03,1.5531772000,1.5892976000,1.5242808800,1.5784614800,13011628,56257957.0000,0.933772,0.000000
2016-02-04,1.5820735200,1.6218059600,1.5712374000,1.5965216800,16973881,74891048.0000,1.218121,1.144200
2016-02-05,1.6109698400,1.6434782000,1.5676253600,1.5820735200,18682173,82765494.0000,1.340715,-0.905000
2016-02-15,1.5170568000,1.5676253600,1.5062206800,1.5495651600,13165197,55784576.0000,0.944793,-2.054800
2016-02-16,1.5531772000,1.6254180000,1.5459531200,1.6073578000,18495172,81515470.0000,1.327295,3.729600
2016-02-17,1.5965216800,1.6434782000,1.5929096400,1.6362541200,16437681,73721208.0000,1.179641,1.797800
2016-02-18,1.6434782000,1.6904347200,1.6109698400,1.6181939200,18223782,83516215.0000,1.307819,-1.103800
2016-02-19,1.6037457600,1.6434782000,1.5929096400,1.6362541200,9430692,42339756.0000,0.676788,1.116100
2016-02-22,1.6434782000,1.7987959200,1.6434782000,1.7987959200,26431548,128128298.0000,1.896845,9.933800
2016-02-23,1.8493644800,1.9288293600,1.7879598000,1.8674246800,36502231,186310368.0000,2.619562,3.815300
2016-02-24,1.8385283600,1.8421404000,1.7590634800,1.8204681600,19681180,98213909.0000,1.412409,-2.514500
2016-02-25,1.8096320400,1.8168561200,1.6398661600,1.6615384000,18385170,88341966.0000,1.319401,-8.730200
2016-02-26,1.6976588000,1.8276922400,1.6543143200,1.8276922400,33476498,161825586.0000,2.402422,10.000000
2016-02-29,1.7879598000,1.8710367200,1.6470902400,1.8060200000,21027666,103083852.0000,1.509038,-1.185800
2016-03-01,1.8240802000,1.8854848800,1.7554514400,1.8313042800,22742286,115847548.0000,1.632087,1.400000
2016-03-02,1.8349163200,2.0119062800,1.7879598000,1.9432775200,28963997,154587284.0000,2.078585,6.114400
2016-03-03,1.9252173200,2.0191303600,1.8746487600,1.8854848800,22514255,120432813.0000,1.615723,-2.974000
2016-03-04,1.8638126400,1.9757858800,1.7843477600,1.8854848800,21908630,115567931.0000,1.572260,0.000000
2016-03-07,1.9866220000,2.0552507600,1.8890969200,1.9649497600,26222264,141017163.0000,1.881826,4.214600
2016-03-08,2.0335785200,2.0660868800,1.9288293600,1.9468895600,34356330,188854596.0000,2.465562,-0.919100
2016-03-09,1.8710367200,1.8854848800,1.7807357200,1.8385283600,20903520,106839727.0000,1.500129,-5.565900
2016-03-10,1.8493644800,1.8710367200,1.7698996000,1.7843477600,12603695,63516337.0000,0.904497,-2.947000
2016-03-11,1.7771236800,1.8096320400,1.7518394000,1.7879598000,6464162,31946127.0000,0.463897,0.202400
2016-03-14,1.7951838800,1.8457524400,1.7951838800,1.8313042800,13917445,70444207.0000,0.998777,2.424200
2016-03-15,1.8096320400,1.8385283600,1.7337792000,1.7554514400,15371176,74989501.0000,1.103104,-4.142000
2016-03-16,1.7698996000,1.7771236800,1.7157190000,1.7157190000,9219242,44484226.0000,0.661614,-2.263400
2016-03-17,1.7229430800,1.7735116400,1.6795986000,1.7446153200,18394211,88502200.0000,1.320050,1.684200
2016-03-18,1.7626755200,1.8421404000,1.7373912400,1.8024079600,24349338,120717972.0000,1.747416,3.312600
2016-03-21,1.8096320400,1.8493644800,1.7987959200,1.8385283600,25587532,129112076.0000,1.836274,2.004000
2016-03-22,1.8240802000,1.8313042800,1.7807357200,1.8168561200,21690166,108609049.0000,1.556582,-1.178800
2016-03-23,1.8204681600,1.8638126400,1.8060200000,1.8421404000,19568920,99670566.0000,1.404352,1.391600
2016-03-24,1.8168561200,1.8240802000,1.7626755200,1.7662875600,20368289,101175114.0000,1.461719,-4.117600
2016-03-25,1.7698996000,1.7915718400,1.7626755200,1.7915718400,10069145,49444402.0000,0.722606,1.431500
2016-03-28,1.7915718400,1.8276922400,1.7698996000,1.7807357200,11237352,56130748.0000,0.806442,-0.604800
2016-03-29,1.7771236800,1.8240802000,1.7735116400,1.8096320400,11651075,58172505.0000,0.836133,1.622700
2016-03-30,1.8421404000,1.8457524400,1.8060200000,1.8421404000,14750105,74732567.0000,1.058533,1.796400
2016-03-31,1.8421404000,1.9035450800,1.8204681600,1.8710367200,24138018,123844655.0000,1.732251,1.568600
2016-04-01,1.8565885600,2.0227424000,1.8493644800,1.9541136400,40403937,218222935.0000,2.899565,4.440200
2016-04-05,1.9468895600,2.0191303600,1.9179932400,2.0046822000,22246878,122141795.0000,1.596534,2.587800
2016-04-06,1.9866220000,1.9974581200,1.9288293600,1.9866220000,17639880,96025586.0000,1.265916,-0.900900
2016-04-07,1.9974581200,2.0444146400,1.9649497600,2.0046822000,20980483,116597095.0000,1.505652,0.909100
2016-04-08,1.9721738400,2.1274915600,1.9505016000,2.0335785200,20534654,116972631.0000,1.473658,1.441400
2016-04-11,2.0877591200,2.2358527600,2.0877591200,2.2358527600,12285679,75538854.0000,0.881675,9.946700
2016-04-12,2.2466888800,2.4597992400,2.2466888800,2.4020066000,65148422,433483616.0000,4.675339,7.431300
2016-04-13,2.4272908800,2.6440132800,2.3658862000,2.6440132800,59786120,424384416.0000,4.290516,10.075200
2016-04-14,2.6656855200,2.6873577600,2.4597992400,2.5501002400,64247847,452650640.0000,4.610710,-3.551900
2016-04-15,2.4995316800,2.5356520800,2.4020066000,2.4525751600,45379928,308828704.0000,3.256664,-3.824400
2016-04-18,2.4525751600,2.4778594400,2.3694982400,2.4345149600,42625102,285793072.0000,3.058966,-0.736400
2016-04-19,2.4417390400,2.4597992400,2.3694982400,2.4200668000,36070415,240989890.0000,2.588573,-0.593500
2016-04-20,2.4742474000,2.4778594400,2.2719731600,2.4092306800,56317141,372537984.0000,4.041567,-0.447800
2016-04-21,2.4236788400,2.6078928800,2.4092306800,2.4850835200,64968135,450903808.0000,4.662401,3.148400
2016-04-22,2.3333778400,2.4020066000,2.2394648000,2.2791972400,32996451,211743564.0000,2.367971,-8.284900
2016-04-25,2.2864213200,2.3442139600,2.2105684800,2.3261537600,25451036,160944597.0000,1.826479,2.060200
2016-04-26,2.2791972400,2.3153176400,2.2394648000,2.2900333600,12031010,75828201.0000,0.863398,-1.552800
2016-04-27,2.3117056000,2.3406019200,2.2322407200,2.2900333600,19412382,123033768.0000,1.393118,0.000000
2016-04-28,2.2503009200,2.3044815200,2.1961203200,2.2755852000,14913652,92308361.0000,1.070270,-0.630900
2016-04-29,2.2683611200,2.3731102800,2.2394648000,2.2972574400,14872251,95724271.0000,1.067299,0.952400
2016-05-03,2.2936454000,2.3369898800,2.2503009200,2.3153176400,12290039,78380640.0000,0.881988,0.786200
2016-05-04,2.3008694800,2.3117056000,2.2286286800,2.2647490800,21288328,133262506.0000,1.527745,-2.184100
2016-05-05,2.2611370400,2.2647490800,2.1888962400,2.2322407200,20044498,122622009.0000,1.438482,-1.435400
2016-05-06,2.2033444000,2.2214046000,2.0913711600,2.0949832000,19357819,115400249.0000,1.389203,-6.148900
2016-05-09,2.0660868800,2.0660868800,1.8854848800,1.8890969200,30607183,165044665.0000,2.196507,-9.827600
2016-05-10,1.8782608000,1.9288293600,1.8240802000,1.9035450800,24232135,125408230.0000,1.739005,0.764800
2016-05-11,1.8927089600,1.9035450800,1.8421404000,1.8529765200,17081408,88241359.0000,1.225837,-2.656500
2016-05-12,1.8132440800,1.9035450800,1.7951838800,1.8746487600,14695293,75160250.0000,1.054599,1.169600
2016-05-13,1.8493644800,1.9613377200,1.8385283600,1.9035450800,25130210,133126087.0000,1.803455,1.541400
2016-05-16,1.8782608000,1.8927089600,1.8132440800,1.8710367200,18626105,95483873.0000,1.336692,-1.707800
2016-05-17,1.8818728400,1.9685618000,1.8746487600,1.8963210000,38400026,204962866.0000,2.755756,1.351400
2016-05-18,1.8565885600,1.8782608000,1.8024079600,1.8457524400,16536184,84077071.0000,1.186710,-2.666700
2016-05-19,1.8529765200,1.9143812000,1.8421404000,1.8493644800,13601560,70718996.0000,0.976108,0.195700
2016-05-20,1.8240802000,1.8602006000,1.8096320400,1.8565885600,8912801,45360866.0000,0.639622,0.390600
2016-05-23,1.8602006000,1.8818728400,1.8385283600,1.8602006000,10966763,56482081.0000,0.787023,0.194600
2016-05-24,1.8602006000,1.8602006000,1.7446153200,1.7843477600,22985462,114090643.0000,1.649538,-4.077700
2016-05-25,1.7843477600,1.7987959200,1.7626755200,1.7771236800,8566086,42268619.0000,0.614740,-0.404900
2016-05-26,1.7771236800,1.8096320400,1.7157190000,1.7626755200,16836914,81474253.0000,1.208291,-0.813000
2016-05-27,1.7554514400,1.8024079600,1.7301671600,1.7698996000,14992961,73197914.0000,1.075961,0.409800
2016-05-30,1.7482273600,1.7698996000,1.7193310400,1.7410032800,9556768,46087279.0000,0.685836,-1.632700
2016-05-31,1.7373912400,1.8132440800,1.7373912400,1.8096320400,15724446,77788479.0000,1.128456,3.941900
2016-06-01,1.8060200000,1.8493644800,1.7987959200,1.8385283600,19652770,99690089.0000,1.410370,1.596800
2016-06-02,1.8313042800,1.9071571200,1.8313042800,1.8782608000,19688902,102452455.0000,1.412963,2.161100
2016-06-03,1.8927089600,1.9432775200,1.8638126400,1.9035450800,16982293,89392838.0000,1.218724,1.346200
2016-06-06,1.9035450800,1.9035450800,1.9035450800,1.9035450800,0,0.0000,,0.000000
2016-06-07,1.9035450800,1.9035450800,1.9035450800,1.9035450800,0,0.0000,,0.000000
2016-06-08,1.9035450800,1.9035450800,1.9035450800,1.9035450800,0,0.0000,,0.000000
2016-06-13,1.9035450800,1.9035450800,1.9035450800,1.9035450800,0,0.0000,,0.000000
2016-06-14,1.9035450800,1.9035450800,1.9035450800,1.9035450800,0,0.0000,,0.000000
2016-06-15,1.9035450800,1.9035450800,1.9035450800,1.9035450800,0,0.0000,,0.000000
2016-06-16,1.9035450800,1.9035450800,1.9035450800,1.9035450800,0,0.0000,,0.000000
2016-06-17,1.9035450800,1.9035450800,1.9035450800,1.9035450800,0,0.0000,,0.000000
2016-06-20,1.9179932400,1.9179932400,1.7735116400,1.8493644800,19593225,99447398.0000,1.406096,-2.846300
2016-06-21,1.8457524400,1.8457524400,1.7337792000,1.7626755200,24932837,122869853.0000,1.789291,-4.687500
2016-06-22,1.7554514400,1.8060200000,1.7446153200,1.7915718400,11813499,58319977.0000,0.847789,1.639300
2016-06-23,1.7987959200,1.9107691600,1.7843477600,1.8529765200,22690442,116565507.0000,1.628366,3.427400
2016-06-24,1.8276922400,1.8565885600,1.7446153200,1.8096320400,12995132,65226007.0000,0.932588,-2.339200
2016-06-27,1.8349163200,1.9902340400,1.8349163200,1.9902340400,36938327,201316248.0000,2.650858,9.980000
2016-06-28,1.9685618000,1.9757858800,1.8782608000,1.9396654800,35374625,188747503.0000,2.538640,-2.540800
2016-06-29,1.9324414000,1.9577256800,1.9143812000,1.9324414000,16992844,90901522.0000,1.219482,-0.372400
2016-06-30,1.9396654800,1.9505016000,1.8999330400,1.9252173200,13219832,70371412.0000,0.948714,-0.373800
2016-07-01,1.9360534400,1.9360534400,1.8999330400,1.9216052800,10005355,53238208.0000,0.718029,-0.187600
2016-07-04,1.8927089600,2.1094313600,1.8927089600,2.0227424000,36102676,200911028.0000,2.590888,5.263200
2016-07-05,2.0263544400,2.1672240000,2.0155183200,2.1094313600,39351997,229035852.0000,2.824073,4.285700
2016-07-06,2.0769230000,2.1058193200,2.0227424000,2.0660868800,15830783,90319426.0000,1.136087,-2.054800
2016-07-07,2.0697156000,2.1895412400,2.0660845200,2.0915020800,29012947,170033817.0000,2.082097,1.230200
2016-07-08,2.0915020800,2.1023953200,2.0225115600,2.0370358800,12289503,69204754.0000,0.881949,-2.604200
2016-07-11,2.0442980400,2.0769777600,1.9934629200,2.0406669600,19071687,107011391.0000,1.368669,0.178200
2016-07-12,2.0442980400,2.2440074400,2.0334048000,2.2440074400,61647570,370105664.0000,4.424102,9.964400
2016-07-13,2.2512696000,2.3311533600,2.1822790800,2.2476385200,36037871,223017310.0000,2.586237,0.161800
2016-07-14,2.2149588000,2.2331142000,2.1459682800,2.1713858400,25059611,150312967.0000,1.798389,-3.392600
2016-07-15,2.1641236800,2.2440074400,2.1423372000,2.1750169200,24371192,146820375.0000,1.748985,0.167200
2016-07-18,2.1495993600,2.1495993600,2.0769777600,2.1023953200,21146505,122678414.0000,1.517567,-3.338900
2016-07-19,2.0733466800,2.0951331600,1.9898318400,2.0297737200,40033479,222965311.0000,2.872980,-3.454200
2016-07-20,2.0261426400,2.0515602000,2.0007250800,2.0116183200,22322227,124035994.0000,1.601942,-0.894500
2016-07-21,2.0116183200,2.0660845200,2.0116183200,2.0297737200,26645142,149534226.0000,1.912173,0.902500
2016-07-22,2.0225115600,2.0261426400,1.9644142800,1.9934629200,28337224,155531859.0000,2.033605,-1.788900
2016-07-25,1.9934629200,2.0043561600,1.9571521200,1.9970940000,13934008,76071980.0000,0.999966,0.182200
2016-07-26,1.9970940000,2.0479291200,1.9825696800,2.0370358800,16096556,89881875.0000,1.155160,2.000000
2016-07-27,2.0515602000,2.0842399200,1.8990548400,1.9317345600,30431931,166248608.0000,2.183930,-5.169300
2016-07-28,1.9172102400,1.9607832000,1.9099480800,1.9571521200,15089791,80441865.0000,1.082910,1.315800
2016-07-29,1.9462588800,1.9535210400,1.9063170000,1.9135791600,15341470,81332994.0000,1.100972,-2.226300
2016-08-01,1.9063170000,1.9135791600,1.8663751200,1.9026859200,14040539,73096439.0000,1.007611,-0.569300
2016-08-02,1.9026859200,1.9353656400,1.8917926800,1.9244724000,10569412,55763788.0000,0.758508,1.145000
2016-08-03,1.9172102400,2.0007250800,1.9099480800,1.9571521200,14662638,78706488.0000,1.052256,1.698100
2016-08-04,1.9571521200,1.9753075200,1.9353656400,1.9716764400,10080556,54212603.0000,0.723425,0.742100
2016-08-05,1.9607832000,1.9934629200,1.9571521200,1.9825696800,13332138,72574984.0000,0.956773,0.552500
2016-08-08,1.9825696800,2.0987642400,1.9825696800,2.0842399200,41017335,232037625.0000,2.943585,5.128200
2016-08-09,2.0551912800,2.1169196400,2.0551912800,2.0915020800,39791580,227813917.0000,2.855620,0.348400
2016-08-10,2.0915020800,2.2258520400,2.0733466800,2.1205507200,43991303,262543615.0000,3.157010,1.388900
2016-08-11,2.0951331600,2.1677547600,2.0370358800,2.0697156000,25200078,145055201.0000,1.808469,-2.397300
2016-08-12,2.0442980400,2.1096574800,2.0442980400,2.0987642400,16563018,95137748.0000,1.188635,1.403500
2016-08-15,2.1023953200,2.1495993600,2.0987642400,2.1350750400,22994436,134730066.0000,1.650182,1.730100
2016-08-16,2.1241818000,2.2512696000,2.1241818000,2.2222209600,36558255,220591270.0000,2.623582,4.081600
2016-08-17,2.2040655600,2.4219303600,2.2040655600,2.3057358000,49309868,317309664.0000,3.538694,3.758200
2016-08-18,2.2875804000,2.2984736400,2.2367452800,2.2839493200,25176339,157132241.0000,1.806765,-0.944900
2016-08-19,2.2694250000,2.2766871600,2.1786480000,2.2185898800,23201357,141504525.0000,1.665032,-2.861700
2016-08-22,2.2113277200,2.2440074400,2.1822790800,2.2040655600,22477488,137038909.0000,1.613084,-0.654700
2016-08-23,2.2113277200,2.2258520400,2.1423372000,2.1859101600,19109089,114875421.0000,1.371353,-0.823700
2016-08-24,2.1822790800,2.3021047200,2.1677547600,2.2621628400,29803114,184373373.0000,2.138803,3.488400
2016-08-25,2.2403763600,2.4037749600,2.2367452800,2.3311533600,52012259,335320768.0000,3.732630,3.049800
2016-08-26,2.3202601200,2.4291925200,2.2694250000,2.3928817200,45503306,298421888.0000,3.265519,2.648000
2016-08-29,2.3892506400,2.4945519600,2.3529398400,2.3602020000,38262034,255647810.0000,2.745853,-1.365700
2016-08-30,2.3856195600,2.4255614400,2.2113277200,2.3928817200,48264248,308083280.0000,3.463656,1.384600
2016-08-31,2.4146682000,2.4146682000,2.2803182400,2.3021047200,29494891,189063889.0000,2.116684,-3.793600
2016-09-01,2.3093668800,2.3093668800,2.2185898800,2.2331142000,26895040,166579835.0000,1.930107,-2.996800
2016-09-02,2.2331142000,2.2657939200,2.2185898800,2.2440074400,15347546,94827084.0000,1.101408,0.487800
2016-09-05,2.2512696000,2.3710952400,2.2440074400,2.3347844400,33759246,215776991.0000,2.422713,4.045308
2016-09-06,2.3238912000,2.3819884800,2.2948425600,2.3493087600,22926006,147748320.0000,1.645272,0.622083
2016-09-07,2.3420466000,2.4400857600,2.3347844400,2.3674641600,30489857,201518317.0000,2.188087,0.772801
2016-09-08,2.3602020000,2.4182992800,2.3311533600,2.4146682000,19667287,128500918.0000,1.411412,1.993867
2016-09-09,2.4001438800,2.4110371200,2.3384155200,2.3456776800,16521701,107829508.0000,1.185670,-2.857144
2016-09-12,2.3021047200,2.3311533600,2.2076966400,2.2331142000,22714577,141093576.0000,1.630099,-4.798760
2016-09-13,2.2476385200,2.2766871600,2.2222209600,2.2694250000,12515822,77624207.0000,0.898191,1.626015
2016-09-14,2.2512696000,2.2766871600,2.2258520400,2.2476385200,7589167,46966319.0000,0.544632,-0.959999
2016-09-19,2.2585317600,2.2766871600,2.2476385200,2.2730560800,7372531,46057175.0000,0.529085,1.130859
2016-09-20,2.2766871600,2.2984736400,2.2512696000,2.2694250000,11011256,68796659.0000,0.790216,-0.159748
2016-09-21,2.2730560800,2.3602020000,2.2585317600,2.2766871600,21622591,136955396.0000,1.551733,0.320000
2016-09-22,2.2912114800,2.3021047200,2.2549006800,2.2766871600,13163867,82568952.0000,0.944697,0.000000
2016-09-23,2.2875804000,2.2984736400,2.2657939200,2.2694250000,8602890,54072948.0000,0.617381,-0.318979
2016-09-26,2.2621628400,2.2730560800,2.1822790800,2.1931723200,13727551,83874178.0000,0.985150,-3.360001
2016-09-27,2.1859101600,2.2149588000,2.1677547600,2.2149588000,8837031,53171489.0000,0.634184,0.993376
2016-09-28,2.2076966400,2.2076966400,2.1786480000,2.1931723200,7233619,43608811.0000,0.519116,-0.983606
2016-09-29,2.2004344800,2.2585317600,2.1895412400,2.2040655600,18013856,109876079.0000,1.292754,0.496692
2016-09-30,2.2076966400,2.2149588000,2.1713858400,2.2076966400,12105632,73222562.0000,0.868754,0.164741
2016-10-10,2.2331142000,2.2403763600,2.1750169200,2.2040655600,27771736,167678207.0000,1.993023,-0.164470
2016-10-11,2.1968034000,2.2040655600,2.1750169200,2.2004344800,24282653,146106446.0000,1.742631,-0.164748
2016-10-12,2.2004344800,2.2040655600,2.1604926000,2.1677547600,20082335,120209892.0000,1.441197,-1.485151
2016-10-13,2.1677559800,2.1895060400,2.1532559400,2.1822560200,23899159,71816311.0000,0.857555,0.668896
2016-10-14,2.1532559400,2.1605059600,2.0952557800,2.1170058400,43564118,127060190.0000,1.563177,-2.990030
2016-10-17,2.1170058400,2.1315058800,2.0952557800,2.1025058000,28240918,82499392.0000,1.013347,-0.684931
2016-10-18,2.1097558200,2.1315058800,2.0952557800,2.1242558600,21301621,62114443.0000,0.764349,1.034482
2016-10-19,2.1315058800,2.1532559400,2.1170058400,2.1387559000,21257793,62690056.0000,0.762777,0.682593
2016-10-20,2.1387559000,2.2257561400,2.1315058800,2.2040060800,51610414,155444260.0000,1.851896,3.050845
2016-10-21,2.1895060400,2.1967560600,2.1387559000,2.1532559400,31524498,93892464.0000,1.131169,-2.302629
2016-10-24,2.1605059600,2.2040060800,2.1460059200,2.1822560200,34623894,104086072.0000,1.242382,1.346800
2016-10-25,2.1822560200,2.2547562200,2.1532559400,2.2257561400,56226681,170394869.0000,2.017538,1.993354
2016-10-26,2.2112561000,2.2257561400,2.1677559800,2.1895060400,41143121,124176247.0000,1.476306,-1.628663
2016-10-27,2.1822560200,2.1895060400,2.1532559400,2.1677559800,25032307,74897758.0000,0.898215,-0.993376
2016-10-28,2.1677559800,2.1822560200,2.1532559400,2.1532559400,18034088,53826166.0000,0.647103,-0.668896
2016-10-31,2.1605059600,2.1605059600,2.1242558600,2.1387559000,28756375,84909831.0000,1.031842,-0.673400
2016-11-01,2.1387559000,2.1532559400,2.1315058800,2.1532559400,19966300,59096584.0000,0.716435,0.677965
2016-11-02,2.1460059200,2.1532559400,2.1242558600,2.1242558600,22468983,66111555.0000,0.806237,-1.346800
2016-11-03,2.1170058400,2.1460059200,2.1170058400,2.1387559000,19409414,57044460.0000,0.696453,0.682593
2016-11-04,2.1387559000,2.1460059200,2.1242558600,2.1242558600,19115916,56248891.0000,0.685921,-0.677965
2016-11-07,2.1315058800,2.1750060000,2.1242558600,2.1750060000,40805823,120940261.0000,1.464203,2.389076
2016-11-08,2.1677559800,2.1750060000,2.1387559000,2.1532559400,31499923,93644837.0000,1.130287,-0.999999
2016-11-09,2.1605059600,2.2112561000,2.1460059200,2.1967560600,73868450,222579069.0000,2.650563,2.020200
2016-11-10,2.2185061200,2.3272564200,2.2185061200,2.2475062000,81388329,253905604.0000,2.920393,2.310229
2016-11-11,2.2475062000,2.4505067600,2.2330061600,2.3852565800,117483239,380338960.0000,4.215558,6.129034
2016-11-14,2.3417564600,2.4795068400,2.3272564200,2.3997566200,112593705,372033808.0000,4.040111,0.607902
2016-11-15,2.3925066000,2.4070066400,2.3200064000,2.3345064400,63358819,205834944.0000,2.273455,-2.719031
2016-11-16,2.3345064400,2.3490064800,2.2837563000,2.3200064000,41190270,130996727.0000,1.477998,-0.621117
2016-11-17,2.3055063600,2.3852565800,2.3055063600,2.3490064800,47178009,152427873.0000,1.692851,1.249999
2016-11-18,2.3345064400,2.3562565000,2.2620062400,2.2837563000,51893304,164937972.0000,1.862047,-2.777775
2016-11-21,2.2692562600,2.3200064000,2.2620062400,2.2982563400,47524185,150509350.0000,1.705273,0.634920
2016-11-22,2.3055063600,2.4142566600,2.2910063200,2.3925066000,98277296,322602112.0000,3.526407,4.100942
2016-11-23,2.4142566600,2.4867568600,2.3490064800,2.3707565400,83865466,278996240.0000,3.009278,-0.909090
2016-11-24,2.3562565000,2.4505067600,2.3127563800,2.4142566600,95165458,312036864.0000,3.414747,1.834861
2016-11-25,2.4215066800,2.5737571000,2.3925066000,2.5520070400,158969477,544656704.0000,5.704176,5.705708
2016-11-28,2.5520070400,2.5592570600,2.4795068400,2.5012569000,98996049,343256912.0000,3.552197,-1.988634
2016-11-29,2.4867568600,2.6607573400,2.4795068400,2.5447570200,156012606,556165440.0000,5.598077,1.739129
2016-11-30,2.5012569000,2.5012569000,2.4070066400,2.4287567000,86989383,293205328.0000,3.121371,-4.558407
2016-12-01,2.4142566600,2.5230069600,2.4142566600,2.5012569000,57815960,196331720.0000,2.074565,2.985079
2016-12-02,2.4722568200,2.5302569800,2.3635065200,2.4142566600,80009577,269042976.0000,2.870921,-3.478264
2016-12-05,2.3780065600,2.4215066800,2.3417564600,2.3780065600,43876756,144016418.0000,1.574395,-1.501500
2016-12-06,2.3852565800,2.4142566600,2.3417564600,2.3707565400,34864688,114021127.0000,1.251022,-0.304878
2016-12-07,2.3852565800,2.5375070000,2.3780065600,2.5375070000,143765866,490771840.0000,5.158637,7.033639
2016-12-08,2.5375070000,2.6317572600,2.4940068800,2.5230069600,117315842,414602752.0000,4.209552,-0.571428
2016-12-09,2.5302569800,2.5810071200,2.4722568200,2.5592570600,65866453,229753957.0000,2.363434,1.436780
2016-12-12,2.5737571000,2.6752573800,2.5157569400,2.5230069600,108667901,389574176.0000,3.899245,-1.416429
2016-12-13,2.4867568600,2.7767576600,2.4360067200,2.7550076000,157428391,573037264.0000,5.648879,9.195400
2016-12-14,2.6897574200,2.7695076400,2.6100072000,2.6390072800,115242524,428062192.0000,4.135157,-4.210522
2016-12-15,2.5810071200,2.7115074800,2.5592570600,2.6825074000,81764913,296686480.0000,2.933906,1.648350
2016-12-16,2.6462573000,2.7550076000,2.6172572200,2.6317572600,71131519,262951012.0000,2.552356,-1.891890
2016-12-19,2.6317572600,2.6462573000,2.5302569800,2.6317572600,46740296,167618286.0000,1.677145,0.000000
2016-12-20,2.6100072000,2.6100072000,2.4722568200,2.5012569000,78916398,274661008.0000,2.831695,-4.958680
2016-12-21,2.5085069200,2.5665070800,2.4795068400,2.5447570200,47293881,164095306.0000,1.697009,1.739129
2016-12-22,2.5230069600,2.5447570200,2.5012569000,2.5375070000,31262909,108748408.0000,1.121782,-0.284900
2016-12-23,2.5157569400,2.5230069600,2.4650068000,2.4722568200,34429060,118182305.0000,1.235391,-2.571426
2016-12-26,2.4360067200,2.4432567400,2.3345064400,2.3925066000,72045421,235462195.0000,2.585149,-3.225811
2016-12-27,2.3852565800,2.4070066400,2.3635065200,2.3780065600,32411017,106444761.0000,1.162979,-0.606060
2016-12-28,2.3925066000,2.4215066800,2.3635065200,2.3852565800,26632265,87849686.0000,0.955625,0.304878
2016-12-29,2.3562565000,2.4142566600,2.3562565000,2.3852565800,30478213,100332991.0000,1.093626,0.000000
2016-12-30,2.3780065600,2.4360067200,2.3635065200,2.4215066800,42103921,140695453.0000,1.510782,1.519755
2017-01-03,2.4215066800,2.4432567400,2.4070066400,2.4360067200,22578942,75493084.0000,0.810182,0.598802
2017-01-04,2.4287567000,2.4722568200,2.4142566600,2.4722568200,32438911,109513726.0000,1.163980,1.488101
2017-01-05,2.4722568200,2.5012569000,2.4577567800,2.4795068400,29698034,101660238.0000,1.065631,0.293255
2017-01-06,2.4867568600,2.5882571400,2.4722568200,2.5085069200,58101062,203395283.0000,2.084795,1.169590
2017-01-09,2.5085069200,2.5737571000,2.4650068000,2.5665070800,43762807,152666367.0000,1.570306,2.312136
2017-01-10,2.5447570200,2.7405075600,2.5447570200,2.6390072800,77423124,283324032.0000,2.778113,2.824863
2017-01-11,2.6680073600,2.7767576600,2.6172572200,2.6462573000,85173953,316927168.0000,3.056230,0.274725
2017-01-12,2.6462573000,2.7042574600,2.5810071200,2.5810071200,44462336,161892228.0000,1.595407,-2.465758
2017-01-13,2.5810071200,2.6317572600,2.5520070400,2.5665070800,26762192,95312710.0000,0.960287,-0.561797
2017-01-16,2.5737571000,2.6100072000,2.4287567000,2.5520070400,35966318,126822678.0000,1.290551,-0.564971
2017-01-17,2.5447570200,2.6317572600,2.5085069200,2.6245072400,35926847,127149982.0000,1.289135,2.840906
2017-01-18,2.6027571800,2.8855079600,2.6027571800,2.8782579400,137328472,527196160.0000,4.927649,9.668512
2017-01-19,2.8420078400,2.8492578600,2.7550076000,2.7695076400,74634193,287612640.0000,2.678040,-3.778340
2017-01-20,2.7767576600,2.8637579000,2.7622576200,2.7767576600,47375417,183278195.0000,1.699935,0.261780
2017-01-23,2.7767576600,2.8420078400,2.7550076000,2.8057577400,45685100,177209298.0000,1.639282,1.044385
2017-01-24,2.8275078000,2.9580081600,2.8057577400,2.8347578200,49101662,193939301.0000,1.761876,1.033597
2017-01-25,2.8637579000,2.8855079600,2.8057577400,2.8347578200,26734100,104772611.0000,0.959279,0.000000
2017-01-26,2.8420078400,2.9145080400,2.8420078400,2.9072580200,24918559,98855114.0000,0.894133,2.557548
2017-02-03,2.8927579800,2.9072580200,2.7622576200,2.8565078800,39662144,155335040.0000,1.423165,-1.745640
2017-02-06,2.8275078000,2.8565078800,2.7767576600,2.8347578200,35080656,135629394.0000,1.258772,-0.761421
2017-02-07,2.8130077600,2.8565078800,2.7912577000,2.8202577800,27147351,105609548.0000,0.974107,-0.511509
2017-02-08,2.8057577400,2.8130077600,2.7260075200,2.7912577000,50273515,192101930.0000,1.803925,-1.028283
2017-02-09,2.7767576600,2.9217580600,2.7767576600,2.8927579800,66331714,262694692.0000,2.380129,3.636367
2017-02-10,2.8855079600,3.1392586600,2.8782579400,3.0377583800,72481967,299444000.0000,2.600813,5.012533
2017-02-13,3.0885085200,3.1972588200,3.0450084000,3.0740084800,61226319,261267156.0000,2.196936,1.193311
2017-02-14,3.0595084400,3.2625090000,3.0522584200,3.2335089200,52009058,227668957.0000,1.866200,5.188685
2017-02-15,3.1900088000,3.3060091200,3.1392586600,3.1900088000,50480730,222782267.0000,1.811360,-1.345290
2017-02-16,3.1900088000,3.2915090800,3.0957585400,3.1610087200,67706291,294570352.0000,2.429451,-0.909090
2017-02-17,3.1610087200,3.2045088400,3.0522584200,3.0740084800,45062749,193569759.0000,1.616951,-2.752302
2017-02-20,3.0450084000,3.2262589000,3.0450084000,3.1900088000,72499634,316984912.0000,2.601447,3.773593
2017-02-21,3.2117588600,3.2842590600,3.1900088000,3.2625090000,53511528,239733882.0000,1.920112,2.272725
2017-02-22,3.2552589800,3.3132591400,3.2045088400,3.3132591400,45902204,206074635.0000,1.647073,1.555559
2017-02-23,3.3277591800,3.3567592600,3.1755087600,3.2552589800,49750670,225020277.0000,1.785164,-1.750556
2017-02-24,3.1972588200,3.2117588600,3.1320086400,3.1900088000,36715859,160448574.0000,1.317446,-2.004447
2017-02-27,3.2045088400,3.2190088800,3.0522584200,3.0740084800,48008780,207049339.0000,1.722661,-3.636371
2017-02-28,3.0450084000,3.1175086000,3.0450084000,3.0740084800,34009967,144318044.0000,1.220353,0.000000
2017-03-01,3.0667584600,3.1030085600,3.0232583400,3.0740084800,34039653,143924312.0000,1.221418,0.000000
2017-03-02,3.0740084800,3.1175086000,3.0305083600,3.0377583800,30574002,129704474.0000,1.097063,-1.179239
2017-03-03,3.0015082800,3.0232583400,2.9145080400,2.9290080800,63668701,259093817.0000,2.284574,-3.579954
2017-03-06,2.9362581000,2.9942582600,2.9362581000,2.9797582200,28841419,117833661.0000,1.034894,1.732678
2017-03-07,2.9797582200,2.9942582600,2.8782579400,2.9000080000,49666656,199387263.0000,1.782149,-2.676402
2017-03-08,2.9000080000,2.9145080400,2.8492578600,2.9145080400,29406207,116842715.0000,1.055160,0.499999
2017-03-09,2.9000080000,2.9507581400,2.8492578600,2.9435081200,36047988,143972148.0000,1.293482,0.995024
2017-03-10,2.9435081200,3.0160083200,2.9435081200,2.9725082000,48524267,199549240.0000,1.741158,0.985221
2017-03-13,2.9725082000,3.0015082800,2.9290080800,2.9942582600,37547472,153440479.0000,1.347286,0.731712
2017-03-14,2.9942582600,3.0595084400,2.9797582200,3.0450084000,40727873,170632506.0000,1.461406,1.694908
2017-03-15,3.0522584200,3.1175086000,3.0450084000,3.0812585000,35242482,150166267.0000,1.264578,1.190481
2017-03-16,3.0812585000,3.1102585800,3.0305083600,3.0667584600,40936633,172401656.0000,1.468897,-0.470588
2017-03-17,3.0667584600,3.0667584600,2.9145080400,2.9435081200,63534401,261332604.0000,2.279755,-4.018914
2017-03-20,2.9435081200,2.9507581400,2.8565078800,2.8855079600,47691915,189902099.0000,1.711291,-1.970441
2017-03-21,2.8782579400,2.8855079600,2.7912577000,2.8130077600,55993985,218463586.0000,2.009188,-2.512560
2017-03-22,2.7985077200,2.7985077200,2.6897574200,2.7115074800,69400944,261117998.0000,2.490259,-3.608250
2017-03-23,2.7042574600,2.7695076400,2.6825074000,2.7332575400,41565983,156418691.0000,1.491479,0.802138
2017-03-24,2.7260075200,2.7550076000,2.6752573800,2.7477575800,44102982,165001634.0000,1.582513,0.530504
2017-03-27,2.7332575400,2.7332575400,2.6897574200,2.7042574600,34241062,127694982.0000,1.228645,-1.583112
2017-03-28,2.7042574600,2.7405075600,2.6680073600,2.7332575400,26393667,98680704.0000,0.947063,1.072385
2017-03-29,2.7332575400,2.8057577400,2.7187575000,2.7695076400,41847369,159837080.0000,1.501576,1.326259
2017-03-30,2.7695076400,2.8057577400,2.7042574600,2.7405075600,33857569,128709673.0000,1.214884,-1.047119
2017-03-31,2.7332575400,2.7477575800,2.6680073600,2.6970074400,33073709,123117501.0000,1.186758,-1.587300
2017-04-05,2.7187575000,2.7840076800,2.6970074400,2.7840076800,36254482,137135132.0000,1.300891,3.225803
2017-04-06,2.7912577000,2.7985077200,2.7332575400,2.7622576200,34186209,129929849.0000,1.226677,-0.781249
2017-04-07,2.7332575400,2.7477575800,2.6825074000,2.7042574600,44488704,166113443.0000,1.596353,-2.099735
2017-04-10,2.6897574200,2.7115074800,2.6680073600,2.6897574200,40726104,150734591.0000,1.461343,-0.536192
2017-04-11,2.6825074000,2.6970074400,2.6245072400,2.6752573800,39174999,143694821.0000,1.405686,-0.539083
2017-04-12,2.6535073200,2.6535073200,2.5882571400,2.6027571800,43288742,155922624.0000,1.553296,-2.710031
2017-04-13,2.5955071600,2.6245072400,2.5810071200,2.6100072000,24254256,87231712.0000,0.870296,0.278551
2017-04-14,2.6027571800,2.6390072800,2.5882571400,2.5955071600,24354706,87612078.0000,0.873901,-0.555555
2017-04-17,2.5955071600,2.5955071600,2.4722568200,2.5302569800,40134305,140681833.0000,1.440108,-2.513964
2017-04-18,2.5375070000,2.5375070000,2.4505067600,2.4577567800,43604147,149625106.0000,1.564613,-2.865327
2017-04-19,2.4432567400,2.4505067600,2.3490064800,2.3852565800,39654740,130224275.0000,1.422900,-2.949857
2017-04-20,2.3780065600,2.4360067200,2.3635065200,2.3997566200,27060948,89518323.0000,0.971007,0.607902
2017-04-21,2.4142566600,2.4722568200,2.3997566200,2.4577567800,39323626,132283940.0000,1.411019,2.416924
2017-04-24,2.4432567400,2.4505067600,2.3562565000,2.3925066000,25646704,84722605.0000,0.920260,-2.654872
2017-04-25,2.3852565800,2.4070066400,2.3635065200,2.3852565800,24104014,79299477.0000,0.864905,-0.303030
2017-04-26,2.3780065600,2.4070066400,2.3562565000,2.3562565000,27340805,89818826.0000,0.981049,-1.215804
2017-04-27,2.3562565000,2.3707565400,2.2547562200,2.3707565400,33937262,108145421.0000,1.217744,0.615384
2017-04-28,2.3562565000,2.4722568200,2.3490064800,2.4650068000,51081388,171368003.0000,1.832913,3.975538
2017-05-02,2.4577567800,2.5012569000,2.4432567400,2.4722568200,34803636,118926498.0000,1.248831,0.294117
2017-05-03,2.4650068000,2.4650068000,2.4142566600,2.4432567400,28187383,94646610.0000,1.011426,-1.173026
2017-05-04,2.4142566600,2.4505067600,2.3780065600,2.3997566200,35561595,118372459.0000,1.276029,-1.780414
2017-05-05,2.3707565400,2.3852565800,2.3272564200,2.3490064800,30019869,97627851.0000,1.077179,-2.114802
2017-05-08,2.3345064400,2.3707565400,2.3200064000,2.3562565000,27811083,90172131.0000,0.997923,0.308642
2017-05-09,2.3345064400,2.3490064800,2.2837563000,2.3417564600,24352740,77953200.0000,0.873830,-0.615384
2017-05-10,2.3417564600,2.3562565000,2.2547562200,2.2620062400,23227067,74114369.0000,0.833439,-3.405577
2017-05-11,2.2402561800,2.2620062400,2.1605059600,2.2185061200,36956524,112244661.0000,1.326082,-1.923075
2017-05-12,2.2185061200,2.2330061600,2.1895060400,2.2185061200,19224868,58727965.0000,0.689831,0.000000
2017-05-15,2.2257561400,2.2475062000,2.2185061200,2.2330061600,14270844,44024299.0000,0.512069,0.653594
2017-05-16,2.2257561400,2.2910063200,2.2040060800,2.2837563000,27367843,84605461.0000,0.982019,2.272733
2017-05-17,2.2765062800,2.3345064400,2.2692562600,2.3127563800,27157344,86599552.0000,0.974466,1.269840
2017-05-18,2.2910063200,2.3780065600,2.2765062800,2.3345064400,40359092,130489807.0000,1.448173,0.940438
2017-05-19,2.3490064800,2.3707565400,2.3345064400,2.3707565400,26838120,87264560.0000,0.963011,1.552794
2017-05-22,2.3997566200,2.4940068800,2.3852565800,2.4070066400,62811462,211715633.0000,2.253814,1.529050
2017-05-23,2.4070066400,2.4287567000,2.3272564200,2.3345064400,29440073,96748669.0000,1.056375,-3.012045
2017-05-24,2.3345064400,2.3417564600,2.2547562200,2.3127563800,32489387,102888867.0000,1.165791,-0.931676
2017-05-25,2.2982563400,2.4287567000,2.2910063200,2.4215066800,47172833,154162394.0000,1.692666,4.702190
2017-05-26,2.4070066400,2.4722568200,2.3925066000,2.4070066400,41303683,138871084.0000,1.482067,-0.598802
2017-05-31,2.4287567000,2.4505067600,2.3707565400,2.3852565800,20640358,68524477.0000,0.740622,-0.903614
2017-06-01,2.3635065200,2.3852565800,2.3200064000,2.3272564200,26811795,86955014.0000,0.962067,-2.431609
2017-06-02,2.3127563800,2.3562565000,2.2620062400,2.3490064800,36920954,117328415.0000,1.324805,0.934579
2017-06-05,2.3490064800,2.3562565000,2.3272564200,2.3417564600,17764777,57363388.0000,0.637439,-0.308642
2017-06-06,2.3272564200,2.3490064800,2.3055063600,2.3490064800,19995624,64168035.0000,0.717487,0.309597
2017-06-07,2.3417564600,2.4070066400,2.3345064400,2.3997566200,30734696,100870655.0000,1.102829,2.160492
2017-06-08,2.3925066000,2.4142566600,2.3707565400,2.3997566200,23287174,76736101.0000,0.835595,0.000000
2017-06-09,2.3925066000,2.3997566200,2.3490064800,2.3852565800,26544177,86740886.0000,0.952464,-0.604229
2017-06-12,2.3707565400,2.3852565800,2.3272564200,2.3417564600,21722860,70808244.0000,0.779464,-1.823707
2017-06-13,2.3272564200,2.3852565800,2.3272564200,2.3780065600,19601186,63964692.0000,0.703334,1.547986
2017-06-14,2.3707565400,2.4142566600,2.3635065200,2.3925066000,25505745,83907708.0000,0.915203,0.609756
2017-06-15,2.3780065600,2.4142566600,2.3780065600,2.4142566600,23280545,77093675.0000,0.835357,0.909090
2017-06-16,2.4070066400,2.4287567000,2.3852565800,2.3852565800,20589099,68323042.0000,0.738782,-1.201200
2017-06-19,2.3925066000,2.4577567800,2.3780065600,2.4505067600,40275452,135348637.0000,1.445172,2.735567
2017-06-20,2.4577567800,2.5447570200,2.4360067200,2.4940068800,58386454,201708026.0000,2.095035,1.775146
2017-06-21,2.4867568600,2.5447570200,2.4650068000,2.5012569000,37222302,128395311.0000,1.335619,0.290697
2017-06-22,2.5012569000,2.5157569400,2.4287567000,2.4432567400,30685200,104663859.0000,1.101053,-2.318845
2017-06-23,2.4360067200,2.4867568600,2.4215066800,2.4650068000,28640545,96758445.0000,1.027686,0.890214
2017-06-26,2.4650068000,2.5302569800,2.4577567800,2.5230069600,42000510,144877953.0000,1.507071,2.352939
2017-06-27,2.5230069600,2.6317572600,2.5085069200,2.6027571800,80627268,287294528.0000,2.893085,3.160917
2017-06-28,2.5810071200,2.7405075600,2.5737571000,2.6390072800,92284678,340460608.0000,3.311378,1.392763
2017-06-29,2.6462573000,2.6825074000,2.6245072400,2.6680073600,40976679,149923207.0000,1.470334,1.098900
2017-06-30,2.6534289600,2.6898771600,2.6242704000,2.6607186000,35239733,128661091.0000,1.264480,-0.273224
2017-07-03,2.6607186000,2.8575388800,2.6607186000,2.8210906800,87482214,334871040.0000,3.139055,6.027391
2017-07-04,2.8283803200,2.8356699600,2.7409046400,2.7554839200,43503141,165264796.0000,1.560989,-2.325579
2017-07-05,2.7554839200,2.8065114000,2.7409046400,2.7773528400,45518799,173251713.0000,1.633315,0.793650
2017-07-06,2.7700632000,2.8356699600,2.7627735600,2.8138010400,55016146,211110274.0000,1.974101,1.312335
2017-07-07,2.7992217600,2.9085663600,2.7627735600,2.8939870800,50536452,196171809.0000,1.813360,2.849745
2017-07-10,2.8648285200,3.0252006000,2.8429596000,2.9450145600,86441047,348053344.0000,3.101696,1.763223
2017-07-11,2.9304352800,3.0106213200,2.8648285200,2.9012767200,69695222,280048160.0000,2.500819,-1.485147
2017-07-12,2.8866974400,2.9668834800,2.8210906800,2.8866974400,51449434,203614729.0000,1.846119,-0.502512
2017-07-13,2.9085663600,3.0835177200,2.9012767200,3.0543591600,105306008,434486736.0000,3.778612,5.808081
2017-07-14,3.0179109600,3.0762280800,2.9741731200,3.0397798800,43669286,180823440.0000,1.566951,-0.477326
2017-07-17,3.0252006000,3.1782830400,2.8429596000,3.0835177200,90921050,382443568.0000,3.262448,1.438848
2017-07-18,3.0543591600,3.3240758400,3.0397798800,3.3022069200,90189859,397106832.0000,3.236212,7.092203
2017-07-19,3.3022069200,3.6302407200,3.3022069200,3.5427650400,131407757,627814256.0000,4.715201,7.284766
2017-07-20,3.5573443200,3.6083718000,3.4115515200,3.4552893600,94064141,450925408.0000,3.375229,-2.469143
2017-07-21,3.3969722400,3.5208961200,3.3022069200,3.5063168400,121378412,564014560.0000,4.355326,1.476797
2017-07-24,3.4479997200,3.5792132400,3.3751033200,3.4042618800,91018439,432439712.0000,3.265943,-2.910600
2017-07-25,3.4188411600,3.4188411600,3.2730483600,3.3459447600,95847917,437233664.0000,3.439235,-1.713060
2017-07-26,3.3605240400,3.4844479200,3.3459447600,3.3751033200,66762587,312332768.0000,2.395589,0.871459
2017-07-27,3.3167862000,3.4188411600,3.1782830400,3.2220208800,87649460,393311792.0000,3.145056,-4.535638
2017-07-28,3.2220208800,3.3240758400,3.1709934000,3.3022069200,59079416,264393910.0000,2.119900,2.488691
2017-07-31,3.3532344000,3.6302407200,3.3532344000,3.6156614400,137080212,667609312.0000,4.918741,9.492270
2017-08-01,3.6375303600,3.7031371200,3.5646339600,3.6593992800,80422963,400693328.0000,2.885754,1.209676
2017-08-02,3.6375303600,4.0093020000,3.5937925200,3.8343506400,77101749,409270656.0000,2.766581,4.780881
2017-08-03,3.8343506400,4.1769637200,3.7906128000,4.1623844400,105370071,580439136.0000,3.780911,8.555129
2017-08-04,4.0894880400,4.4321011200,4.0093020000,4.0165916400,103879885,609175872.0000,3.727440,-3.502624
2017-08-07,4.3008876000,4.3737840000,3.9291159600,4.2863083200,112512753,645817392.0000,4.037206,6.715062
2017-08-08,4.2863083200,4.4029425600,4.1332258800,4.1769637200,91990259,535807536.0000,3.300814,-2.551022
2017-08-09,4.1915430000,4.3737840000,3.9582745200,4.2790186800,103750877,590374368.0000,3.722811,2.443279
2017-08-10,4.1550948000,4.2790186800,4.0894880400,4.1113569600,56696943,324817808.0000,2.034412,-3.918229
2017-08-11,4.0020123600,4.0020123600,3.7031371200,3.7031371200,78383727,412700816.0000,2.812581,-9.929077
2017-08-14,3.7177164000,3.8853781200,3.6010821600,3.7906128000,67735911,349704112.0000,2.430514,2.362202
2017-08-15,3.7760335200,3.8343506400,3.6010821600,3.7614542400,51647952,263676907.0000,1.853243,-0.769230
2017-08-16,3.8051920800,3.8780884800,3.6521096400,3.7614542400,45922888,238458953.0000,1.647815,0.000000
2017-08-17,3.8780884800,4.0093020000,3.7541646000,3.8635092000,67001553,354376672.0000,2.404164,2.713185
2017-08-18,3.7906128000,3.8343506400,3.7177164000,3.8124817200,39484810,204497852.0000,1.416802,-1.320758
2017-08-21,3.8562195600,4.1769637200,3.8489299200,4.1696740800,104521317,573185792.0000,3.750456,9.369020
2017-08-22,4.1113569600,4.1696740800,4.0165916400,4.0749087600,55300282,309532256.0000,1.984296,-2.272721
2017-08-23,3.9364056000,3.9364056000,3.7906128000,3.8124817200,56891141,300192720.0000,2.041380,-6.440074
2017-08-24,3.8416402800,3.8926677600,3.7322956800,3.7614542400,36326314,190652111.0000,1.303468,-1.338435
2017-08-25,3.8270610000,4.1186466000,3.8270610000,3.9728538000,83788794,457608256.0000,3.006527,5.620154
2017-08-28,3.9072470400,4.0821984000,3.8707988400,4.0530398400,62810463,343358432.0000,2.253778,2.018351
2017-08-29,4.0311709200,4.3300461600,4.0020123600,4.0894880400,76280838,431902592.0000,2.737125,0.899284
2017-08-30,4.0894880400,4.4977078800,4.0894880400,4.4977078800,163294741,972859520.0000,5.859376,9.982173
2017-08-31,4.4831286000,4.9423759200,4.4539700400,4.8694795200,138942795,896049888.0000,4.985575,8.265798
2017-09-01,4.7892934800,5.3068579200,4.7309763600,5.0735894400,137554318,956164688.0000,4.935753,4.191620
2017-09-04,5.2339615200,5.3870439600,4.9205070000,5.0881687200,109227452,771772768.0000,3.919323,0.287356
2017-09-05,5.0444308800,5.1902236800,4.6653696000,5.0006930400,93790009,633130704.0000,3.365393,-1.719196
2017-09-06,4.8986380800,5.3651750400,4.8257416800,5.3068579200,104134322,737069264.0000,3.736570,6.122450
2017-09-07,5.2558304400,5.2849890000,4.9715344800,5.0662998000,79158685,555756992.0000,2.840389,-4.532972
2017-09-08,5.0662998000,5.1464858400,4.8476106000,4.9350862800,91396211,625478272.0000,3.279498,-2.589926
2017-09-11,4.8694795200,5.0298516000,4.6945281600,5.0225619600,81751442,545057744.0000,2.933423,1.772524
2017-09-12,5.0590101600,5.1756444000,4.8986380800,4.9350862800,108146685,742579410.0000,3.880542,-1.741653
2017-09-13,4.8913484400,5.2558304400,4.8621898800,5.2120926000,133006657,929502881.0000,4.772573,5.613000
2017-09-14,5.1683547600,5.2485408000,4.8840588000,4.9496655600,100292864,693374787.0000,3.598730,-5.034967
2017-09-15,4.8840588000,4.8840588000,4.4539700400,4.4612596800,152665397,957303607.0000,5.477972,-9.867454
2017-09-18,4.3446254400,4.3810736400,4.1623844400,4.3664943600,109135222,640448026.0000,3.916013,-2.124185
2017-09-19,4.3227565200,4.4539700400,4.3008876000,4.3227565200,70878732,425577818.0000,2.543286,-1.001669
2017-09-20,4.4612596800,4.5560250000,4.3154668800,4.5487353600,112231952,683473596.0000,4.027131,5.227655
2017-09-21,4.5487353600,4.6726592400,4.4612596800,4.4831286000,80244661,499771657.0000,2.879356,-1.442303
2017-09-22,4.1623844400,4.4831286000,4.0821984000,4.3737840000,94227265,559875695.0000,3.381083,-2.439026
2017-09-25,4.3081772400,4.3737840000,4.2498601200,4.2644394000,46164965,273390273.0000,1.656501,-2.500001
2017-09-26,4.2644394000,4.4393907600,4.2352808400,4.3664943600,51721698,309956956.0000,1.855889,2.393160
2017-09-27,4.4612596800,4.7018178000,4.4321011200,4.6653696000,104984865,661880857.0000,3.767089,6.844747
2017-09-28,4.6362110400,4.6362110400,4.5268664400,4.5487353600,53520706,335596637.0000,1.920441,-2.500005
2017-09-29,4.5633146400,4.6945281600,4.5195768000,4.5924732000,45920006,289740101.0000,1.647711,0.961545
2017-10-09,4.7528452800,4.8694795200,4.6799488800,4.6872385200,56085571,365733944.0000,2.012474,2.063486
2017-10-10,4.6362110400,4.6362110400,4.4102322000,4.4539700400,74060410,454536937.0000,2.657451,-4.976667
2017-10-11,4.4029425600,4.5560250000,4.3081772400,4.4248114800,48641033,294947957.0000,1.745348,-0.654664
2017-10-12,4.4393907600,4.7455556400,4.3810736400,4.6507903200,67897714,422827739.0000,2.436320,5.107083
2017-10-13,4.6653696000,4.7892934800,4.5851835600,4.7018178000,75506624,486883764.0000,2.709345,1.097174
2017-10-16,4.7382660000,4.8621898800,4.6362110400,4.7674245600,62827387,409781488.0000,2.254386,1.395351
2017-10-17,4.6653696000,4.7018178000,4.5924732000,4.6362110400,42205313,268557465.0000,1.514420,-2.752291
2017-10-18,4.5851835600,4.6799488800,4.4029425600,4.4612596800,44903256,280322016.0000,1.611228,-3.773589
2017-10-19,4.3664943600,4.4977078800,4.3154668800,4.4321011200,35715563,216502367.0000,1.281553,-0.653594
2017-10-20,4.4029425600,4.5851835600,4.4029425600,4.5778939200,33448875,207114782.0000,1.200220,3.289478
2017-10-23,4.5560250000,4.5560250000,4.4612596800,4.5049975200,25256486,155978669.0000,0.906259,-1.592363
2017-10-24,4.5268664400,4.6289214000,4.4539700400,4.4977078800,29985122,186459623.0000,1.075932,-0.161808
2017-10-25,4.4977078800,4.5924732000,4.4102322000,4.4539700400,34768986,212548844.0000,1.247588,-0.972446
2017-10-26,4.4248114800,4.5122871600,4.3373358000,4.4466804000,49303978,299022073.0000,1.769136,-0.163670
2017-10-27,4.4029425600,4.4248114800,4.2571497600,4.2790186800,46737705,277929558.0000,1.677052,-3.770492
2017-10-30,4.2863083200,4.3008876000,3.9509848800,4.0093020000,51091413,285621438.0000,1.833273,-6.303235
2017-10-31,4.0020123600,4.0967776800,3.9801434400,4.0384605600,35238710,195030750.0000,1.264443,0.727272
2017-11-01,4.0603294800,4.0821984000,3.9582745200,3.9655641600,48924464,269536066.0000,1.755518,-1.805053
2017-11-02,3.9728538000,4.0457502000,3.8853781200,3.8999574000,48457189,264146784.0000,1.738751,-1.654414
2017-11-03,3.8999574000,3.9364056000,3.6593992800,3.7177164000,58565316,302595840.0000,2.101453,-4.672897
2017-11-06,3.7760335200,4.0311709200,3.7177164000,4.0093020000,93951905,497049218.0000,3.371202,7.843139
2017-11-07,3.9655641600,4.4102322000,3.9509848800,4.3081772400,125158100,726045248.0000,4.490949,7.454543
2017-11-08,4.2644394000,4.4758389600,4.1769637200,4.4248114800,89820269,540733355.0000,3.222950,2.707281
2017-11-09,4.4758389600,4.7018178000,4.4029425600,4.4831286000,83096848,519514850.0000,2.981699,1.317956
2017-11-10,4.5268664400,4.5414457200,4.3737840000,4.4904182400,67241223,408318212.0000,2.412764,0.162598
2017-11-13,4.4904182400,4.7382660000,4.4466804000,4.7309763600,105632723,668909390.0000,3.790336,5.357142
2017-11-14,4.7965831200,5.1464858400,4.7747142000,4.9423759200,107726289,737573875.0000,3.865458,4.468420
2017-11-15,4.7965831200,4.8767691600,4.6726592400,4.8184520400,65909296,432248707.0000,2.364971,-2.507376
2017-11-16,4.8111624000,5.0590101600,4.7382660000,4.9715344800,76397269,514158357.0000,2.741303,3.177005
2017-11-17,4.8694795200,4.8694795200,4.4758389600,4.6580799600,91425376,589795126.0000,3.280545,-6.304990
2017-11-20,4.4758389600,4.7747142000,4.4102322000,4.7236867200,62646755,397258226.0000,2.247904,1.408453
2017-11-21,4.6872385200,4.8549002400,4.5487353600,4.6070524800,67242159,434068044.0000,2.412797,-2.469133
2017-11-22,4.7018178000,4.7601349200,4.5633146400,4.7382660000,83020795,534649503.0000,2.978970,2.848099
2017-11-23,4.7747142000,4.8403209600,4.5414457200,4.5778939200,62010502,400766611.0000,2.225074,-3.384612
2017-11-24,4.4539700400,4.6580799600,4.4175218400,4.6507903200,50642117,317311984.0000,1.817151,1.592355
2017-11-27,4.7674245600,4.9205070000,4.6799488800,4.8038727600,85250188,561423807.0000,3.058965,3.291537
2017-11-28,4.7528452800,5.2776993600,4.6872385200,5.2704097200,112022794,771304972.0000,4.019626,9.711682
2017-11-29,5.2485408000,5.7952638000,5.1756444000,5.5255471200,135710541,1024387350.0000,4.869594,4.840939
2017-11-30,5.5984435200,5.6713399200,5.3870439600,5.4672300000,96516565,731105257.0000,3.463228,-1.055408
2017-12-01,5.4745196400,5.5036782000,5.2849890000,5.4745196400,62784440,464490477.0000,2.252845,0.133336
2017-12-04,5.4818092800,5.5984435200,5.2339615200,5.2485408000,73501452,543472880.0000,2.637395,-4.127835
2017-12-05,5.2776993600,5.3360164800,4.9132173600,5.0954583600,69074872,487920697.0000,2.478559,-2.916667
2017-12-06,5.0298516000,5.0662998000,4.7091074400,4.9059277200,91977456,614864458.0000,3.300355,-3.719596
2017-12-07,4.8694795200,4.9132173600,4.6726592400,4.6945281600,57009683,374837869.0000,2.045634,-4.309063
2017-12-08,4.6945281600,4.8767691600,4.4904182400,4.8694795200,106258055,684793722.0000,3.812774,3.726704
2017-12-11,4.8476106000,4.9059277200,4.7382660000,4.8330313200,57932984,382722968.0000,2.078764,-0.748499
2017-12-12,4.8476106000,5.0371412400,4.7965831200,4.8476106000,69102053,465652728.0000,2.479534,0.301659
2017-12-13,4.7820038400,4.8913484400,4.6726592400,4.8840588000,52095853,342330242.0000,1.869314,0.751875
2017-12-14,4.8403209600,4.8986380800,4.7018178000,4.7747142000,56261710,369904462.0000,2.018795,-2.238800
2017-12-15,4.7091074400,4.7382660000,4.4321011200,4.4977078800,93405078,581716275.0000,3.351581,-5.801528
2017-12-18,4.5633146400,4.5997628400,4.4321011200,4.5195768000,66298842,409349625.0000,2.378949,0.486219
2017-12-19,4.5049975200,4.5049975200,4.4321011200,4.4539700400,43144698,263759119.0000,1.548127,-1.451608
2017-12-20,4.4685493200,4.4831286000,4.2717290400,4.3008876000,62543206,371113345.0000,2.244189,-3.436989
2017-12-21,4.3227565200,4.5487353600,4.3008876000,4.5341560800,71792403,436956269.0000,2.576070,5.423724
2017-12-22,4.5778939200,4.7892934800,4.5706042800,4.6799488800,93525853,600937145.0000,3.355914,3.215439
2017-12-25,4.6580799600,4.6580799600,4.4831286000,4.5122871600,51578950,321040544.0000,1.850767,-3.582555
2017-12-26,4.4466804000,4.7309763600,4.4175218400,4.7236867200,65405380,413587022.0000,2.346890,4.684975
2017-12-27,4.7236867200,4.8257416800,4.6362110400,4.6653696000,64180547,416096093.0000,2.302940,-1.234567
2017-12-28,4.6216317600,4.8111624000,4.5560250000,4.7965831200,72033603,465894621.0000,2.584725,2.812497
2017-12-29,4.7965831200,4.8549002400,4.7091074400,4.7965831200,46250103,303401435.0000,1.659556,0.000000
2018-01-02,4.7965831200,5.0662998000,4.7163970800,5.0444308800,80033760,542930138.0000,2.871788,5.167175
2018-01-03,5.0079826800,5.1902236800,4.9277966400,4.9569552000,81869587,567028125.0000,2.937662,-1.734102
2018-01-04,4.9132173600,5.1464858400,4.9132173600,4.9934034000,78346537,539503314.0000,2.811247,0.735290
2018-01-05,4.9496655600,5.0735894400,4.9132173600,4.9205070000,56887537,388275329.0000,2.041251,-1.459853
2018-01-08,5.0079826800,5.3068579200,4.9423759200,5.2048029600,101956448,719386462.0000,3.658423,5.777776
2018-01-09,5.2120926000,5.3433061200,5.1391962000,5.2193822400,74737266,535746509.0000,2.681738,0.280112
2018-01-10,5.1610651200,5.4672300000,5.0371412400,5.4599403600,108476563,784864808.0000,3.892379,4.608938
2018-01-11,5.3578854000,5.4016232400,5.1902236800,5.2048029600,70705812,511346579.0000,2.537081,-4.672896
2018-01-12,5.1756444000,5.3943336000,5.0444308800,5.0954583600,87075287,618864093.0000,3.124454,-2.100842
2018-01-15,4.9277966400,4.9861137600,4.6507903200,4.7091074400,77567592,508983025.0000,2.783297,-7.582257
2018-01-16,4.7163970800,4.8257416800,4.6507903200,4.7601349200,56603132,367042587.0000,2.031046,1.083594
2018-01-17,4.7382660000,4.9861137600,4.6289214000,4.8621898800,83838498,556557736.0000,3.008311,2.143949
2018-01-18,4.8330313200,5.0735894400,4.8330313200,5.0371412400,73593900,502178133.0000,2.640712,3.598197
2018-01-19,5.0444308800,5.2631200800,5.0371412400,5.1683547600,91731426,648950785.0000,3.291526,2.604925
2018-01-22,5.2485408000,5.5765746000,5.2412511600,5.4963885600,103012169,766807949.0000,3.696304,6.346965
2018-01-23,5.3724646800,5.6276020800,5.2631200800,5.5765746000,83022063,622549890.0000,2.979015,1.458888
2018-01-24,5.5036782000,5.6057331600,5.3578854000,5.4818092800,63872593,478911507.0000,2.291890,-1.699348
2018-01-25,5.4599403600,5.5401264000,5.2849890000,5.3651750400,78278329,577686303.0000,2.808800,-2.127657
2018-01-26,5.3287268400,5.5474160400,5.2266718800,5.4890989200,74856575,555463140.0000,2.686019,2.309783
2018-01-29,5.5984435200,5.8535809200,5.4890989200,5.8390016400,134639780,1050747870.0000,4.831173,6.374502
2018-01-30,5.8317120000,5.9556358800,5.4089128800,5.4307818000,157947955,1219012996.0000,5.667522,-6.991266
2018-01-31,5.3141475600,5.6348917200,5.2849890000,5.5036782000,95802760,719288593.0000,3.437615,1.342287
2018-02-01,5.5984435200,6.0576908400,5.5984435200,5.7879741600,195029883,1564709911.0000,6.998104,5.165561
2018-02-02,5.6494710000,6.1232976000,5.4016232400,6.0066633600,149653618,1197242159.0000,5.369903,3.778334
2018-02-05,5.8681602000,6.4586210400,5.8681602000,6.2545111200,143034970,1206716466.0000,5.132411,4.126216
2018-02-06,6.0576908400,6.2909593200,5.7588156000,5.7806845200,110363101,910120221.0000,3.960072,-7.575758
2018-02-07,5.9920840800,6.1816147200,5.5765746000,5.6276020800,123881079,1007472468.0000,4.445127,-2.648172
2018-02-08,5.6130228000,5.7150777600,5.2995682800,5.5328367600,101649335,771856855.0000,3.647403,-1.683933
2018-02-09,5.4307818000,5.5328367600,4.9788241200,5.0808790800,110699709,792078450.0000,3.972150,-8.168648
2018-02-12,5.1610651200,5.2412511600,5.0298516000,5.2193822400,56687567,400265186.0000,2.034075,2.725969
2018-02-13,5.3360164800,5.4234921600,5.2266718800,5.2339615200,65417987,476159109.0000,2.347342,0.279329
2018-02-14,5.2120926000,5.5255471200,5.1537754800,5.4963885600,75346284,555500945.0000,2.703591,5.013930
2018-02-22,5.5547056800,5.6348917200,5.4380714400,5.6276020800,74562788,567372631.0000,2.675478,2.387266
2018-02-23,5.6130228000,5.8244223600,5.4672300000,5.7515259600,82502889,636206687.0000,2.960386,2.202074
2018-02-26,5.9191876800,5.9775048000,5.7296570400,5.8390016400,90133044,723804558.0000,3.234173,1.520917
2018-02-27,5.7661052400,5.8608705600,5.6057331600,5.6276020800,74074171,578764612.0000,2.657945,-3.620480
2018-02-28,5.6057331600,5.7150777600,5.4890989200,5.7077881200,70857344,547467082.0000,2.542518,1.424872
2018-03-01,5.6130228000,5.7806845200,5.5765746000,5.6713399200,74297508,578213594.0000,2.665959,-0.638566
2018-03-02,5.4890989200,5.4890989200,5.2776993600,5.3068579200,91502388,676099891.0000,3.283308,-6.426735
2018-03-05,5.3214372000,5.4016232400,4.9861137600,5.1100376400,90473656,643884162.0000,3.246395,-3.708791
2018-03-06,5.1537754800,5.3287268400,5.0371412400,5.3214372000,84812509,603873374.0000,3.043260,4.136946
2018-03-07,5.2558304400,5.3141475600,5.0662998000,5.1173272800,68181725,484490419.0000,2.446511,-3.835619
2018-03-08,5.0590101600,5.1537754800,5.0225619600,5.0662998000,61160829,426033894.0000,2.194586,-0.997154
2018-03-09,5.0371412400,5.0590101600,4.8403209600,4.9423759200,85017000,573657284.0000,3.050598,-2.446038
2018-03-12,4.9569552000,5.0662998000,4.8986380800,5.0371412400,61026037,417927743.0000,2.189749,1.917399
2018-03-13,4.9934034000,5.1319065600,4.9788241200,5.0079826800,47039533,325721662.0000,1.687882,-0.578871
2018-03-14,4.9715344800,5.2339615200,4.9277966400,5.2048029600,88825686,623372927.0000,3.187262,3.930131
2018-03-15,5.1537754800,5.2193822400,5.0808790800,5.1610651200,53401175,376014261.0000,1.916152,-0.840335
2018-03-16,5.2120926000,5.2120926000,4.9934034000,5.0152723200,50138756,349430559.0000,1.799089,-2.824856
2018-03-19,4.8840588000,4.8986380800,4.6945281600,4.7309763600,72559109,476613218.0000,2.603581,-5.668610
2018-03-20,4.6653696000,4.8038727600,4.6289214000,4.7309763600,43181555,279696255.0000,1.549450,0.000000
2018-03-21,4.7528452800,4.7965831200,4.5341560800,4.5997628400,49113378,315209656.0000,1.762297,-2.773495
2018-03-22,4.6070524800,4.6362110400,4.4831286000,4.4977078800,36902961,229711538.0000,1.324160,-2.218698
2018-03-23,4.1623844400,4.2425704800,4.0457502000,4.0457502000,95459249,539119738.0000,3.425289,-10.048620
2018-03-26,3.9509848800,4.0020123600,3.7614542400,3.9874330800,73845696,394201544.0000,2.649747,-1.441449
2018-03-27,4.0676191200,4.1842533600,4.0457502000,4.0967776800,52530990,296947450.0000,1.884928,2.742232
2018-03-28,3.9874330800,4.1988326400,3.9364056000,4.0676191200,42120785,236292324.0000,1.511387,-0.711743
2018-03-29,4.1550948000,4.3737840000,4.0165916400,4.3154668800,83777406,484239697.0000,3.006119,6.093193
2018-03-30,4.3008876000,4.3664943600,4.2498601200,4.3300461600,45552234,268812683.0000,1.634515,0.337838
2018-04-02,4.3737840000,4.5049975200,4.3154668800,4.3592047200,58091289,351374941.0000,2.084444,0.673400
2018-04-03,4.2134119200,4.3081772400,4.1405155200,4.1915430000,50333298,291749353.0000,1.806070,-3.846154
2018-04-04,4.2279912000,4.2863083200,4.1259362400,4.1478051600,45587023,264301104.0000,1.635763,-1.043477
2018-04-09,4.1405155200,4.2790186800,4.1259362400,4.2571497600,48805556,281966401.0000,1.751251,2.636206
2018-04-10,4.2790186800,4.4758389600,4.2790186800,4.4685493200,63666194,386063137.0000,2.284484,4.965753
2018-04-11,4.5924732000,4.6362110400,4.3737840000,4.3956529200,59676185,365673659.0000,2.141314,-1.631320
2018-04-12,4.3519150800,4.4175218400,4.3300461600,4.3883632800,32299427,193971213.0000,1.158975,-0.165841
2018-04-13,4.4175218400,4.4612596800,4.3592047200,4.4248114800,34890760,211055766.0000,1.251958,0.830568
2018-04-16,4.3956529200,4.3956529200,4.1405155200,4.2352808400,51526075,299438824.0000,1.848870,-4.283364
2018-04-17,4.2134119200,4.3008876000,4.1696740800,4.1915430000,32753449,190242138.0000,1.175266,-1.032701
2018-04-18,4.2790186800,4.3373358000,4.1915430000,4.3081772400,59310742,347736983.0000,2.128201,2.782606
2018-04-19,4.2935979600,4.4977078800,4.2717290400,4.4758389600,65761652,399533435.0000,2.359674,3.891709
2018-04-20,4.4321011200,4.4612596800,4.3008876000,4.3154668800,43044227,259316016.0000,1.544522,-3.583059
2018-04-23,4.3592047200,4.4321011200,4.2498601200,4.3081772400,35359771,210146460.0000,1.268787,-0.168923
2018-04-24,4.3883632800,4.5268664400,4.3737840000,4.4977078800,75547863,464181215.0000,2.710824,4.399327
2018-04-25,4.4393907600,4.4831286000,4.4029425600,4.4612596800,37955536,230832787.0000,1.361929,-0.810376
2018-04-26,4.4539700400,4.4539700400,4.2790186800,4.3154668800,42700907,254319212.0000,1.532203,-3.267971
2018-04-27,4.2790186800,4.3227565200,4.0967776800,4.1696740800,62887868,362643665.0000,2.256556,-3.378383
2018-05-02,4.1842533600,4.3664943600,4.1405155200,4.3519150800,52322953,303656975.0000,1.877463,4.370629
2018-05-03,4.3883632800,4.4612596800,4.3227565200,4.3737840000,66703611,403695810.0000,2.393473,0.502516
2018-05-04,4.3373358000,4.4321011200,4.3081772400,4.3446254400,36798473,220304961.0000,1.320411,-0.666666
2018-05-07,4.3592047200,4.4393907600,4.3081772400,4.3956529200,39765922,238901138.0000,1.426889,1.174500
2018-05-08,4.4029425600,4.4393907600,4.3519150800,4.3737840000,35644829,214926393.0000,1.279015,-0.497516
2018-05-09,4.3446254400,4.3519150800,4.1988326400,4.2279912000,52773499,307892974.0000,1.893630,-3.333330
2018-05-10,4.2498601200,4.2644394000,4.1915430000,4.2352808400,34470106,199720717.0000,1.236864,0.172409
2018-05-11,4.2717290400,4.3373358000,4.2279912000,4.3300461600,48367881,284870391.0000,1.735547,2.237524
2018-05-14,4.3446254400,4.3446254400,4.2498601200,4.2790186800,31268735,183826954.0000,1.121991,-1.178454
2018-05-15,4.3008876000,4.3154668800,4.1405155200,4.2352808400,40907454,236404820.0000,1.467850,-1.022146
2018-05-16,4.2134119200,4.2134119200,4.1332258800,4.1550948000,33666511,192341689.0000,1.208029,-1.893290
2018-05-17,4.1478051600,4.1915430000,4.1186466000,4.1696740800,26346349,150278150.0000,0.945365,0.350877
2018-05-18,4.1550948000,4.1915430000,4.1113569600,4.1769637200,23793570,135412553.0000,0.853766,0.174829
2018-05-21,4.2498601200,4.2717290400,4.1769637200,4.1915430000,31130353,179951486.0000,1.117026,0.349040
2018-05-22,4.1769637200,4.1915430000,4.1113569600,4.1478051600,24707190,140256893.0000,0.886549,-1.043477
2018-05-23,4.1332258800,4.1332258800,3.9947227200,4.0020123600,39009495,216034860.0000,1.399747,-3.514944
2018-05-24,3.9947227200,4.0238812800,3.9364056000,3.9582745200,20088106,109308665.0000,0.720806,-1.092895
2018-05-25,3.9801434400,3.9801434400,3.9145366800,3.9582745200,18529214,100114758.0000,0.664869,0.000000
2018-05-28,3.9509848800,3.9655641600,3.8343506400,3.8416402800,31082896,165164803.0000,1.115323,-2.946590
2018-05-29,3.8270610000,4.1842533600,3.7541646000,4.1186466000,72092584,394761674.0000,2.586841,7.210629
2018-05-30,4.0093020000,4.0676191200,3.8926677600,3.9218263200,43539109,237346685.0000,1.562280,-4.778761
2018-05-31,3.9801434400,4.0311709200,3.8853781200,3.9801434400,32496281,176883884.0000,1.166038,1.486987
2018-06-01,3.9874330800,4.1623844400,3.9801434400,4.0457502000,59176455,331916839.0000,2.123382,1.648354
2018-06-04,4.0530398400,4.1405155200,4.0530398400,4.1040673200,37538633,211242294.0000,1.346969,1.441440
2018-06-05,4.1113569600,4.1113569600,4.0165916400,4.0894880400,26659221,148663864.0000,0.956592,-0.355239
2018-06-06,4.0967776800,4.2279912000,4.0676191200,4.1988326400,47437658,272121825.0000,1.702168,2.673798
2018-06-07,4.2571497600,4.4612596800,4.2571497600,4.4248114800,97557968,585216089.0000,3.500596,5.381943
2018-06-08,4.4029425600,4.4831286000,4.3373358000,4.3664943600,50203839,302747893.0000,1.801425,-1.317964
2018-06-11,4.3519150800,4.5341560800,4.2717290400,4.4612596800,59795670,364653904.0000,2.145601,2.170286
2018-06-12,4.4466804000,4.5851835600,4.4321011200,4.5049975200,42290790,261090656.0000,1.517487,0.980391
2018-06-13,4.5049975200,4.6945281600,4.4758389600,4.5778939200,68130324,432048838.0000,2.444667,1.618129
2018-06-14,4.5924732000,4.7747142000,4.5268664400,4.7528452800,63073410,401633183.0000,2.263213,3.821652
2018-06-15,4.7018178000,4.9350862800,4.6872385200,4.7674245600,67149384,442922069.0000,2.409468,0.306748
2018-06-19,4.6945281600,4.7382660000,4.2935979600,4.3883632800,91172303,555076749.0000,3.271464,-7.951070
2018-06-20,4.3737840000,4.6872385200,4.3737840000,4.6216317600,61996721,384210747.0000,2.224579,5.315618
2018-06-21,4.6216317600,4.7965831200,4.4393907600,4.5049975200,63853903,406226238.0000,2.291219,-2.523664
2018-06-22,4.4175218400,4.6143421200,4.3154668800,4.5633146400,56103071,345488685.0000,2.013102,1.294505
2018-06-25,4.5633134900,4.5707094600,4.3858102100,4.4006021500,40640882,244851617.0000,1.458285,-3.565645
2018-06-26,4.2822666300,4.2822666300,4.0012197700,4.1861190200,68913912,384171579.0000,2.472784,-4.873949
2018-06-27,4.1861190200,4.2009109600,4.0308036500,4.0455955900,35539704,196917144.0000,1.275243,-3.356891
2018-06-28,4.0899714100,4.1639311100,3.9420520100,4.0234076800,43178240,237339104.0000,1.549331,-0.548441
2018-06-29,4.0529915600,4.1417432000,3.9716358900,4.1269512600,33245012,182913664.0000,1.192905,2.573527
2018-07-02,4.0899714100,4.1121593200,3.9346560400,4.0455955900,36337515,197740083.0000,1.303870,-1.971329
2018-07-03,3.9938238000,4.0381996200,3.9198641000,4.0160117100,22850241,123257187.0000,0.819917,-0.731261
2018-07-04,4.0899714100,4.2009109600,4.0751794700,4.1121593200,46027825,257707515.0000,1.651580,2.394109
2018-07-05,4.0677835000,4.1417432000,3.9716358900,3.9790318600,31368298,171213891.0000,1.125564,-3.237407
2018-07-06,3.9716358900,4.1417432000,3.9198641000,4.0751794700,32094068,176264606.0000,1.151606,2.416359
2018-07-09,4.1787230500,4.2748706600,4.1195552900,4.2674746900,38842602,220112570.0000,1.393758,4.718688
2018-07-10,4.3118505100,4.4893537900,4.3118505100,4.4153940900,40412326,239988848.0000,1.450084,3.466201
2018-07-11,4.2822666300,4.4227900600,4.2083069300,4.3932061800,34062050,199262299.0000,1.222222,-0.502508
2018-07-12,4.4523739400,4.6076893100,4.4523739400,4.5633134900,52083673,320718696.0000,1.868877,3.872054
2018-07-13,4.5707094600,4.7112328900,4.4375820000,4.6224812500,55329787,343251397.0000,1.985355,1.296595
2018-07-16,4.6076893100,4.6890449800,4.5337296100,4.6076893100,28855543,179764169.0000,1.035401,-0.320000
2018-07-17,4.5707094600,4.5781054300,4.3636223000,4.4449779700,41197937,246985570.0000,1.478273,-3.531297
2018-07-18,4.4597699100,4.4819578200,4.3784142400,4.3858102100,23407675,140341505.0000,0.839919,-1.331121
2018-07-19,4.4819578200,4.6076893100,4.4671658800,4.5411255800,59438803,365733013.0000,2.132796,3.541316
2018-07-20,4.5337296100,4.7630046800,4.5115417000,4.7482127400,82278102,513336527.0000,2.952320,4.560264
2018-07-23,4.7038369200,5.2141588500,4.6668570700,5.2067628800,92108673,621654580.0000,3.305063,9.657319
2018-07-24,5.4360379500,5.5839573500,5.1549910900,5.2141588500,122851717,894712908.0000,4.408191,0.142049
2018-07-25,5.2511387000,5.4508298900,5.1919709400,5.3472863100,66684650,479536924.0000,2.392793,2.553189
2018-07-26,5.3177024300,5.3472863100,5.1697830300,5.2511387000,39653842,281305256.0000,1.422868,-1.798065
2018-07-27,5.3916621300,5.5026016800,5.2733266100,5.4212460100,65602596,479783610.0000,2.353966,3.239437
2018-07-30,5.4212460100,5.7984404800,5.4212460100,5.5765613800,69322678,523977310.0000,2.487451,2.864939
2018-07-31,5.5173936200,5.6357291400,5.4434339200,5.5765613800,37981159,284826997.0000,1.362848,0.000000
2018-08-01,5.6801049600,5.7244807800,5.2585346700,5.2881185500,64413226,473492479.0000,2.311289,-5.172412
2018-08-02,5.2659306400,5.3694742200,5.0736354200,5.3103064600,66863482,474275374.0000,2.399210,0.419577
2018-08-03,5.3029104900,5.5543734700,5.2733266100,5.3103064600,62931999,461626510.0000,2.258139,0.000000
2018-08-06,5.2881185500,5.4064540700,5.1180112400,5.3398903400,45919395,327547861.0000,1.647689,0.557103
2018-08-07,5.3472863100,5.5321855600,5.1993669100,5.5026016800,52255317,380113130.0000,1.875036,3.047095
2018-08-08,5.4730178000,5.6061452600,5.3398903400,5.3916621300,54161056,400977686.0000,1.943418,-2.016130
2018-08-09,5.2733266100,5.4878097400,5.2659306400,5.4138500400,42829308,311217720.0000,1.536810,0.411525
2018-08-10,5.4138500400,5.4656218300,5.3472863100,5.3768701900,41329297,301699487.0000,1.482987,-0.683063
2018-08-13,5.3324943700,5.5765613800,5.3250984000,5.5543734700,57137443,419741151.0000,2.050218,3.301241
2018-08-14,5.5173936200,5.5543734700,5.3472863100,5.3694742200,49539288,363991908.0000,1.777579,-3.328895
2018-08-15,5.3694742200,5.4286419800,5.1328031800,5.1845749700,47304865,336549099.0000,1.697403,-3.443526
2018-08-16,5.0588434800,5.2363467600,4.9922797500,5.1919709400,29667733,206512767.0000,1.064544,0.142650
2018-08-17,5.2363467600,5.2585346700,5.0662394500,5.1697830300,27514204,192542397.0000,0.987270,-0.427353
2018-08-20,5.1623870600,5.2807225800,5.0662394500,5.2659306400,30591824,214407487.0000,1.097702,1.859801
2018-08-21,5.1993669100,5.2733266100,5.1549910900,5.1919709400,34012655,239467482.0000,1.220449,-1.404493
2018-08-22,5.1845749700,5.2955145200,5.1623870600,5.1697830300,26893809,189982958.0000,0.965009,-0.427353
2018-08-23,5.1697830300,5.1845749700,4.9405079600,5.0440515400,34572634,235970450.0000,1.240543,-2.432040
2018-08-24,5.0440515400,5.0736354200,4.9848837800,5.0292596000,18525897,126079706.0000,0.664750,-0.293255
2018-08-27,5.0514475100,5.1180112400,5.0144676600,5.1106152700,24110713,165239471.0000,0.865146,1.617642
2018-08-28,5.1180112400,5.2141588500,5.0736354200,5.1919709400,26997127,188198629.0000,0.968717,1.591898
2018-08-29,5.1623870600,5.2067628800,5.0958233300,5.1032193000,19597290,136251540.0000,0.703194,-1.709400
2018-08-30,5.0662394500,5.0884273600,4.8517563200,4.8739442300,39388593,262831929.0000,1.413350,-4.492753
2018-08-31,4.3858102100,4.8591522900,4.3858102100,4.7408167700,33491123,216987204.0000,1.201736,-2.731416
2018-09-03,4.7334208000,4.7704006500,4.5559175200,4.6594611000,27728627,174106830.0000,0.994964,-1.716063
2018-09-04,4.6964409500,4.7999845300,4.6298772200,4.7408167700,23475103,149475667.0000,0.842339,1.746026
2018-09-05,4.7112328900,4.7186288600,4.5411255800,4.5485215500,23100911,144106354.0000,0.828912,-4.056158
2018-09-06,4.5485215500,4.6668570700,4.5337296100,4.5781054300,18168316,112844747.0000,0.651919,0.650406
2018-09-07,4.6594611000,4.8073805000,4.6372731900,4.7112328900,32640797,208574002.0000,1.171224,2.907913
2018-09-10,4.7482127400,4.7777966200,4.6224812500,4.6446691600,22387998,141836725.0000,0.803331,-1.412868
2018-09-11,4.5707094600,4.5707094600,4.1787230500,4.2083069300,93158142,539045281.0000,3.342720,-9.394906
2018-09-12,4.1935149900,4.2157029000,4.1195552900,4.1343472300,55262582,312045011.0000,1.982944,-1.757468
2018-09-13,4.2009109600,4.2452867800,4.1343472300,4.1935149900,42059268,237522169.0000,1.509180,1.431126
2018-09-14,4.1861190200,4.2748706600,4.1639311100,4.2083069300,24768189,141160050.0000,0.888737,0.352733
2018-09-17,4.2157029000,4.2378908100,4.0825754400,4.0973673800,19628669,110005260.0000,0.704320,-2.636206
2018-09-18,4.1047633500,4.3414343900,4.0751794700,4.3340384200,50062322,287237421.0000,1.796347,5.776176
2018-09-19,4.3562263300,4.4523739400,4.3044545400,4.3636223000,43773774,259391892.0000,1.570700,0.682593
2018-09-20,4.3784142400,4.4227900600,4.3340384200,4.3858102100,23000256,136480358.0000,0.825300,0.508470
2018-09-21,4.3858102100,4.5189376700,4.3340384200,4.4893537900,33195388,199047250.0000,1.191124,2.360883
2018-09-25,4.4375820000,4.4597699100,4.4006021500,4.4227900600,24794202,148602328.0000,0.889671,-1.482704
2018-09-26,4.4449779700,4.5041457300,4.4227900600,4.4449779700,24350332,147048162.0000,0.873744,0.501676
2018-09-27,4.4449779700,4.5115417000,4.4153940900,4.4375820000,29313587,176951127.0000,1.051836,-0.166393
2018-09-28,4.3636223000,4.3858102100,4.2378908100,4.3636223000,39319938,229928333.0000,1.410886,-1.666665
2018-10-08,4.2896626000,4.4079981200,4.2526827500,4.3192464800,41599164,244665692.0000,1.492670,-1.016948
2018-10-09,4.3192464800,4.3636223000,4.2452867800,4.2896626000,30368550,176388669.0000,1.089691,-0.684931
2018-10-10,4.3192464800,4.4523739400,4.2970585700,4.4301860300,44717565,266070943.0000,1.604565,3.275855
2018-10-11,4.2822666300,4.3044545400,4.0899714100,4.1565351400,46075667,261792940.0000,1.653297,-6.176960
2018-10-12,4.1491391700,4.2378908100,3.9198641000,4.1639311100,72142269,399026437.0000,2.588624,0.177940
2018-10-15,4.1713270800,4.1787230500,3.9790318600,4.0603875300,38693723,212626794.0000,1.388416,-2.486685
2018-10-16,4.2083069300,4.2230988700,4.0677835000,4.0973673800,55570699,312983941.0000,1.994000,0.910750
2018-10-17,4.1639311100,4.3710182700,4.1269512600,4.3562263300,65915468,377776818.0000,2.365193,6.317688
2018-10-18,4.3118505100,4.3192464800,4.1269512600,4.1639311100,47467206,270435090.0000,1.703228,-4.414258
2018-10-19,4.0308036500,4.3044545400,4.0012197700,4.2674746900,54203046,306950078.0000,1.944925,2.486676
2018-10-22,4.3266424500,4.5485215500,4.2896626000,4.4745618500,79634907,477879452.0000,2.857477,4.852690
2018-10-23,4.4523739400,4.5115417000,4.2674746900,4.3266424500,57101627,338437590.0000,2.048933,-3.305790
2018-10-24,4.2970585700,4.4301860300,4.2600787200,4.3710182700,45705020,268370665.0000,1.639997,1.025640
2018-10-25,4.2378908100,4.4301860300,4.2009109600,4.4227900600,46520483,271090895.0000,1.669258,1.184436
2018-10-26,4.4597699100,4.5707094600,4.4079981200,4.4449779700,69068513,417591464.0000,2.478331,0.501676
2018-10-29,4.4079981200,4.4301860300,4.3340384200,4.3932061800,36954862,218651701.0000,1.326022,-1.164728
2018-10-30,4.4079981200,4.4301860300,4.2600787200,4.3710182700,48472348,285381310.0000,1.739295,-0.505054
2018-10-31,4.3636223000,4.4671658800,4.2822666300,4.4079981200,78907546,469395138.0000,2.831377,0.846027
2018-11-01,4.4597699100,4.4967497600,4.3192464800,4.3340384200,69653853,415660868.0000,2.499334,-1.677851
2018-11-02,4.3784142400,4.4079981200,4.3118505100,4.4079981200,68521322,403957790.0000,2.458697,1.706483
2018-11-05,4.3636223000,4.4006021500,4.2452867800,4.3044545400,59071328,344767668.0000,2.119610,-2.348991
2018-11-06,4.2378908100,4.2600787200,4.1787230500,4.2230988700,47464829,270369189.0000,1.703143,-1.890037
2018-11-07,4.1787230500,4.2083069300,4.1047633500,4.1121593200,53325794,299140652.0000,1.913447,-2.626972
2018-11-08,4.1491391700,4.1639311100,4.0381996200,4.0825754400,48783712,270274545.0000,1.750467,-0.719424
2018-11-09,4.0677835000,4.1195552900,4.0455955900,4.0529915600,30528933,168820259.0000,1.095446,-0.724637
2018-11-12,4.0086157400,4.0086157400,3.8680923100,3.9938238000,115455269,614755445.0000,3.620737,-1.459853
2018-11-13,3.9198641000,4.0825754400,3.8976761900,4.0308036500,96182962,522111637.0000,3.016348,0.925921
2018-11-14,4.0160117100,4.1713270800,4.0086157400,4.1343472300,93896962,522615976.0000,2.944657,2.568814
2018-11-15,4.1047633500,4.1269512600,4.0751794700,4.1195552900,51070137,282993765.0000,1.601586,-0.357781
2018-11-16,4.1343472300,4.1491391700,4.0825754400,4.0899714100,48481301,268679762.0000,1.520399,-0.718132
2018-11-19,4.0677835000,4.0825754400,4.0234076800,4.0825754400,38262226,209593859.0000,1.199923,-0.180836
2018-11-20,4.0529915600,4.1195552900,4.0012197700,4.0160117100,44675380,245636312.0000,1.401043,-1.630438
2018-11-21,3.9420520100,4.0529915600,3.9272600700,4.0012197700,48884432,262758461.0000,1.533041,-0.368324
2018-11-22,4.0086157400,4.0086157400,3.9346560400,3.9420520100,30268133,162066596.0000,0.949224,-1.478742
2018-11-23,3.9494479800,3.9568439500,3.7497567900,3.7571527600,55610788,288422057.0000,1.743983,-4.690432
2018-11-26,3.6905890300,3.7275688800,3.5722535100,3.6018373900,48570629,239885700.0000,1.523200,-4.133859
2018-11-27,3.6536091800,3.6536091800,3.5944414200,3.6240253000,24846985,121575043.0000,0.779214,0.616021
2018-11-28,3.6018373900,3.6536091800,3.4982938100,3.6240253000,40726355,197629278.0000,1.277200,0.000000
2018-11-29,3.6462132100,3.6831930600,3.5574615700,3.5574615700,31230366,153193958.0000,0.979400,-1.836738
2018-11-30,3.5278776900,3.6166293300,3.5278776900,3.6092333600,27297475,132222305.0000,0.856063,1.455305
2018-12-03,3.7201729100,3.7423608200,3.6610051500,3.6905890300,50505275,253082561.0000,1.583872,2.254091
2018-12-04,3.6905890300,3.8089245500,3.6757970900,3.7941326100,56000130,284983891.0000,1.756193,2.805618
2018-12-05,3.7275688800,3.8385084300,3.7127769400,3.8237164900,50613592,258825693.0000,1.587269,0.779726
2018-12-06,3.7867366400,3.8015285800,3.7201729100,3.7201729100,33019200,167567910.0000,1.035499,-2.707928
2018-12-07,3.7349648500,3.7645487300,3.7201729100,3.7423608200,22618375,114474833.0000,0.709324,0.596416
2018-12-10,3.7275688800,3.7719447000,3.7127769400,3.7349648500,24431147,123612232.0000,0.766173,-0.197624
2018-12-11,3.7497567900,3.7867366400,3.7349648500,3.7793406700,23739264,120864857.0000,0.744476,1.188118
2018-12-12,3.8015285800,3.8902802200,3.7867366400,3.8680923100,42930857,224095043.0000,1.346334,2.348334
2018-12-13,3.8828842500,3.9346560400,3.8459044000,3.9050721600,34647531,182747935.0000,1.086565,0.956027
2018-12-14,3.9124681300,3.9272600700,3.7941326100,3.7941326100,30852235,161291134.0000,0.967542,-2.840911
2018-12-17,3.7867366400,3.8976761900,3.7793406700,3.8754882800,30585969,159861838.0000,0.959192,2.144243
2018-12-18,3.8680923100,3.9050721600,3.7941326100,3.8459044000,28634918,149122080.0000,0.898006,-0.763358
2018-12-19,3.8680923100,3.9050721600,3.8533003700,3.8680923100,28032311,147184151.0000,0.879108,0.576927
2018-12-20,3.8680923100,3.9198641000,3.8459044000,3.9050721600,26393438,138471355.0000,0.827712,0.956027
2018-12-21,3.9050721600,3.9198641000,3.8385084300,3.8754882800,23264650,122198873.0000,0.729592,-0.757584
2018-12-24,3.8606963400,3.9198641000,3.8459044000,3.9198641000,20686272,109121556.0000,0.648732,1.145046
2018-12-25,3.8828842500,3.8976761900,3.7053809700,3.7793406700,34053326,173764266.0000,1.067930,-3.584907
2018-12-26,3.7793406700,3.8902802200,3.7645487300,3.8680923100,27601855,143111021.0000,0.865609,2.348334
2018-12-27,3.9198641000,3.9420520100,3.7793406700,3.8163205200,22388157,116758914.0000,0.702104,-1.338435
2018-12-28,3.7941326100,3.8163205200,3.6831930600,3.7645487300,30523647,154629779.0000,0.957237,-1.356583
2019-01-02,3.7645487300,3.7793406700,3.6536091800,3.6831930600,22346575,111624442.0000,0.700800,-2.161103
2019-01-03,3.6831930600,3.7275688800,3.6314212700,3.6905890300,23261685,115765213.0000,0.729499,0.200798
2019-01-04,3.6536091800,3.7497567900,3.6092333600,3.7423608200,25684684,128312676.0000,0.805485,1.402809
2019-01-07,3.7497567900,3.7793406700,3.7201729100,3.7645487300,33937321,171958847.0000,1.064292,0.592889
2019-01-08,3.7497567900,3.7497567900,3.7053809700,3.7053809700,27902624,140327759.0000,0.875041,-1.571708
2019-01-09,3.7127769400,3.8828842500,3.7127769400,3.7867366400,47567714,244442125.0000,1.491748,2.195602
2019-01-10,3.7793406700,3.7867366400,3.7275688800,3.7349648500,32222178,163652847.0000,1.010504,-1.367182
2019-01-11,3.7423608200,3.7571527600,3.7127769400,3.7423608200,25189703,127266507.0000,0.789962,0.198015
2019-01-14,3.7497567900,3.8533003700,3.7349648500,3.8237164900,48954979,252443141.0000,1.535254,2.173916
2019-01-15,3.8015285800,3.8163205200,3.7719447000,3.8163205200,30417326,156049859.0000,0.953903,-0.193428
2019-01-16,3.8237164900,3.8237164900,3.7793406700,3.7941326100,22342103,114704717.0000,0.700660,-0.581390
2019-01-17,3.8163205200,3.8754882800,3.8089245500,3.8311124600,39843634,207084079.0000,1.249517,0.974653
2019-01-18,3.8459044000,4.0381996200,3.8311124600,3.9864278300,91077910,486156487.0000,2.856251,4.054055
2019-01-21,3.9938238000,3.9938238000,3.9346560400,3.9716358900,50281180,269203793.0000,1.576844,-0.371057
2019-01-22,3.9642399200,3.9790318600,3.8680923100,3.8902802200,32710251,173157094.0000,1.025810,-2.048411
2019-01-23,3.8754882800,3.9050721600,3.8533003700,3.8828842500,22009364,115293548.0000,0.690225,-0.190118
2019-01-24,3.8754882800,3.8902802200,3.8237164900,3.8680923100,29261004,152572181.0000,0.917640,-0.380952
2019-01-25,3.8902802200,3.9420520100,3.8902802200,3.8976761900,34127050,180659812.0000,1.070242,0.764818
2019-01-28,3.9346560400,3.9420520100,3.8459044000,3.8754882800,25061668,132055740.0000,0.785947,-0.569264
2019-01-29,4.0234076800,4.2009109600,3.9494479800,4.1639311100,134889054,742371945.0000,4.230191,7.442755
2019-01-30,4.1269512600,4.1713270800,4.0455955900,4.0751794700,90106624,500029074.0000,2.825791,-2.131437
2019-01-31,4.0825754400,4.0973673800,3.9716358900,4.0160117100,72622876,395470808.0000,2.277491,-1.451913
2019-02-01,4.0455955900,4.0899714100,4.0086157400,4.0677835000,56525323,309038772.0000,1.772663,1.289138
2019-02-11,4.0825754400,4.1565351400,4.0677835000,4.1417432000,88523134,492000487.0000,2.776131,1.818180
2019-02-12,4.1121593200,4.1417432000,4.0751794700,4.1121593200,71705095,397713512.0000,2.248709,-0.714285
2019-02-13,4.1121593200,4.2378908100,4.0751794700,4.1713270800,92037966,514907047.0000,2.886358,1.438848
2019-02-14,4.1565351400,4.2083069300,4.1343472300,4.1417432000,60954984,342989101.0000,1.911580,-0.709219
2019-02-15,4.1195552900,4.1269512600,4.0751794700,4.0825754400,57485236,318895987.0000,1.802767,-1.428570
2019-02-18,4.0973673800,4.1787230500,4.0973673800,4.1713270800,64052844,358666840.0000,2.008730,2.173911
2019-02-19,4.1713270800,4.2230988700,4.1269512600,4.1565351400,63468663,357982123.0000,1.990410,-0.354610
2019-02-20,4.1343472300,4.2157029000,4.1269512600,4.1713270800,52378098,295424004.0000,1.642604,0.355872
2019-02-21,4.1639311100,4.2009109600,4.0899714100,4.1047633500,66181390,370959075.0000,2.075483,-1.595739
2019-02-22,4.1417432000,4.1861190200,4.1047633500,4.1787230500,56251171,314811319.0000,1.764066,1.801800
2019-02-25,4.2748706600,4.4006021500,4.1787230500,4.3488303600,136996497,793421493.0000,4.296281,4.070797
2019-02-26,4.3636223000,4.6002933400,4.3118505100,4.4449779700,179424743,1080371470.0000,5.626853,2.210886
2019-02-27,4.4006021500,4.4967497600,4.3340384200,4.3784142400,109566510,654778406.0000,3.436063,-1.497507
2019-02-28,4.3710182700,4.4671658800,4.3636223000,4.4523739400,68388394,408323780.0000,2.144696,1.689188
2019-03-01,4.4745618500,4.5411255800,4.4301860300,4.5189376700,98991484,600389419.0000,3.104424,1.495019
2019-03-04,4.5633134900,4.6742530400,4.5411255800,4.5781054300,128880268,800112846.0000,4.041752,1.309328
2019-03-05,4.5559175200,4.5707094600,4.5041457300,4.5411255800,79849471,488344399.0000,2.504121,-0.807758
2019-03-06,4.5781054300,4.6964409500,4.5485215500,4.6446691600,125389318,784147650.0000,3.932274,2.280136
2019-03-07,4.6224812500,4.6964409500,4.5855014000,4.6224812500,94553485,590513425.0000,2.965246,-0.477710
2019-03-08,4.5485215500,4.5485215500,4.3266424500,4.3488303600,105946844,638064568.0000,3.322548,-5.919998
2019-03-11,4.3340384200,4.4301860300,4.3340384200,4.4227900600,54754451,324413518.0000,1.717128,1.700679
2019-03-12,4.4597699100,4.5115417000,4.4227900600,4.4745618500,61788958,373613867.0000,1.937734,1.170571
2019-03-13,4.4819578200,4.5041457300,4.4006021500,4.4449779700,48779726,293344652.0000,1.529758,-0.661156
2019-03-14,4.4301860300,4.5707094600,4.4227900600,4.4819578200,66235925,403287558.0000,2.077193,0.831942
2019-03-15,4.4893537900,4.5485215500,4.4597699100,4.5263336400,64086471,390609514.0000,2.009785,0.990098
2019-03-18,4.5559175200,4.8295684100,4.5485215500,4.7556087100,120335156,759202117.0000,3.773773,5.065359
2019-03-19,4.7260248300,4.7408167700,4.6372731900,4.6742530400,71749555,453704086.0000,2.250103,-1.710726
2019-03-20,4.6668570700,4.7112328900,4.5855014000,4.6742530400,58666424,369301893.0000,1.839810,0.000000
2019-03-21,4.6816490100,4.6964409500,4.6224812500,4.6446691600,50289409,316980342.0000,1.577102,-0.632911
2019-03-22,4.6446691600,4.6742530400,4.5485215500,4.6594611000,52848593,329301340.0000,1.657359,0.318471
2019-03-25,4.5928973700,4.6076893100,4.5559175200,4.5559175200,42588083,263881407.0000,1.335584,-2.222228
2019-03-26,4.5781054300,4.5855014000,4.4079981200,4.4375820000,54514802,330331427.0000,1.709613,-2.597400
2019-03-27,4.4597699100,4.5115417000,4.4153940900,4.5041457300,49760445,299561975.0000,1.560513,1.500003
2019-03-28,4.4597699100,4.4671658800,4.3488303600,4.3636223000,52106804,310250402.0000,1.634096,-3.119869
2019-03-29,4.3858102100,4.5115417000,4.3636223000,4.4967497600,70813466,427384145.0000,2.220747,3.050845
2019-04-01,4.5559175200,4.6816490100,4.5485215500,4.6520651300,95771552,598860441.0000,3.003446,3.453948
2019-04-02,4.6816490100,4.7038369200,4.6298772200,4.6816490100,77569469,488813664.0000,2.432619,0.635930
2019-04-03,4.6742530400,4.8443603500,4.6520651300,4.7851925900,88079778,568609064.0000,2.762228,2.211688
2019-04-04,4.8147764700,4.9626958700,4.7999845300,4.9035281100,94487896,624245118.0000,2.963189,2.472957
2019-04-08,4.9552999000,5.3842661600,4.9552999000,5.3694742200,190153850,1324578272.0000,5.963324,9.502264
2019-04-09,5.3103064600,5.3103064600,5.1328031800,5.1919709400,106724625,751076001.0000,3.346940,-3.305788
2019-04-10,5.1032193000,5.1549910900,5.0366555700,5.0958233300,63144415,434633540.0000,1.980242,-1.851853
2019-04-11,5.1032193000,5.1106152700,4.8961321400,4.9331119900,72612307,489018195.0000,2.277160,-3.193031
2019-04-12,4.8517563200,4.8591522900,4.7482127400,4.7925885600,87499666,567637614.0000,2.744035,-2.848577
2019-04-15,4.8517563200,4.9035281100,4.7630046800,4.7704006500,55529648,363367781.0000,1.741439,-0.462966
2019-04-16,4.7556087100,4.9183200500,4.6890449800,4.9183200500,58877775,383138158.0000,1.846438,3.100780
2019-04-17,4.8961321400,4.9331119900,4.8517563200,4.8739442300,44544766,294343455.0000,1.396947,-0.902255
2019-04-18,4.8665482600,5.0292596000,4.8443603500,4.9552999000,49568175,331767617.0000,1.554484,1.669190
2019-04-19,4.9626958700,5.1254072100,4.9257160200,5.0958233300,64747546,440097880.0000,2.030517,2.835822
2019-04-22,5.1180112400,5.1180112400,4.8961321400,4.9996757200,61429475,415185476.0000,1.926460,-1.886787
2019-04-23,4.7334208000,4.7925885600,4.6890449800,4.7482127400,87604642,561045788.0000,2.747327,-5.029588
2019-04-24,4.7260248300,4.7556087100,4.6298772200,4.7260248300,48290171,306270515.0000,1.514405,-0.467293
2019-04-25,4.6964409500,4.6964409500,4.5041457300,4.5263336400,57154711,354592164.0000,1.792401,-4.225352
2019-04-26,4.4745618500,4.5115417000,4.3266424500,4.3636223000,70014669,414904596.0000,2.195696,-3.594768
2019-04-29,4.4006021500,4.4375820000,4.2970585700,4.3414343900,49461051,292179256.0000,1.551124,-0.508478
2019-04-30,4.3192464800,4.4153940900,4.3192464800,4.3932061800,34519390,204075365.0000,1.082546,1.192507
2019-05-06,4.2378908100,4.2378908100,3.9568439500,4.0012197700,60780480,335921576.0000,1.906107,-8.922562
2019-05-07,4.0381996200,4.0529915600,3.8976761900,3.9568439500,56952306,305992752.0000,1.786054,-1.109056
2019-05-08,3.8828842500,3.9642399200,3.8459044000,3.9050721600,40662770,215179900.0000,1.275206,-1.308406
2019-05-09,3.8680923100,3.9124681300,3.8311124600,3.8680923100,26064333,136418502.0000,0.817391,-0.946973
2019-05-10,3.8976761900,3.9642399200,3.8015285800,3.9568439500,40436758,214236266.0000,1.268118,2.294453
2019-05-13,3.9198641000,3.9198641000,3.8459044000,3.8606963400,35202021,184666899.0000,1.103954,-2.429909
2019-05-14,3.8015285800,3.8385084300,3.7793406700,3.8089245500,36496706,187873234.0000,1.144556,-1.340990
2019-05-15,3.8385084300,3.8902802200,3.8311124600,3.8754882800,37319692,194500921.0000,1.170365,1.747566
2019-05-16,3.8828842500,3.9568439500,3.8606963400,3.9272600700,43857472,232549328.0000,1.375393,1.335881
2019-05-17,3.9346560400,3.9346560400,3.7867366400,3.8015285800,35015456,182497149.0000,1.098103,-3.201508
2019-05-20,3.7941326100,3.8015285800,3.6684011200,3.7497567900,27340837,137730858.0000,0.857423,-1.361862
2019-05-21,3.7497567900,3.8828842500,3.7423608200,3.8828842500,29996938,155246978.0000,0.940720,3.550292
2019-05-22,3.8754882800,3.9494479800,3.8311124600,3.8606963400,34345468,180361015.0000,1.077092,-0.571433
2019-05-23,3.8311124600,3.8606963400,3.7719447000,3.7793406700,28569109,146970659.0000,0.895942,-2.107273
2019-05-24,3.7719447000,3.8089245500,3.7349648500,3.7423608200,20664254,105233229.0000,0.648042,-0.978477
2019-05-27,3.7497567900,3.8237164900,3.7053809700,3.8089245500,28984469,147845446.0000,0.908968,1.778659
2019-05-28,3.7941326100,3.8385084300,3.7645487300,3.7793406700,30382273,156346344.0000,0.952804,-0.776698
2019-05-29,3.7793406700,3.8163205200,3.7645487300,3.7793406700,17865478,91540251.0000,0.560271,0.000000
2019-05-30,3.7867366400,3.7867366400,3.7275688800,3.7645487300,21194843,107505507.0000,0.664681,-0.391389
2019-05-31,3.7571527600,3.7867366400,3.7423608200,3.7497567900,13288240,67533180.0000,0.416726,-0.392927
2019-06-03,3.7571527600,3.7645487300,3.6905890300,3.7053809700,20111774,101029103.0000,0.630716,-1.183431
2019-06-04,3.6979850000,3.7127769400,3.6536091800,3.6684011200,15512345,77108158.0000,0.486475,-0.998008
2019-06-05,3.6979850000,3.7127769400,3.6757970900,3.6831930600,15511541,77425050.0000,0.486450,0.403225
2019-06-06,3.6757970900,3.6831930600,3.6240253000,3.6314212700,16525322,81520250.0000,0.518243,-1.405626
2019-06-10,3.6462132100,3.6610051500,3.6018373900,3.6462132100,13344918,65640093.0000,0.418504,0.407332
2019-06-11,3.6536091800,3.7941326100,3.6536091800,3.7867366400,40061443,202934806.0000,1.256348,3.853957
2019-06-12,3.7793406700,3.7941326100,3.7201729100,3.7349648500,26242370,133051329.0000,0.822974,-1.367182
2019-06-13,3.7349648500,3.7423608200,3.6905890300,3.7275688800,15912922,79976680.0000,0.499037,-0.198024
2019-06-14,3.7349648500,3.7349648500,3.6905890300,3.6905890300,16203340,81349452.0000,0.508145,-0.992067
2019-06-17,3.6831930600,3.7127769400,3.6610051500,3.6831930600,14778478,73588033.0000,0.463461,-0.200396
2019-06-18,3.6905890300,3.6979850000,3.6536091800,3.6684011200,9641776,47874827.0000,0.302371,-0.401606
2019-06-19,3.7275688800,3.7645487300,3.6979850000,3.7053809700,21164987,106616887.0000,0.663745,1.008068
2019-06-20,3.7053809700,3.7793406700,3.7053809700,3.7719447000,33146105,168211749.0000,1.039479,1.796401
2019-06-21,3.7719447000,3.8311124600,3.7645487300,3.8089245500,31535312,162092799.0000,0.988964,0.980396
2019-06-24,3.8754882800,4.0308036500,3.8680923100,3.9272600700,72141764,385124000.0000,2.262403,3.106793
2019-06-25,3.9272600700,3.9790318600,3.8754882800,3.9494479800,43028252,228899191.0000,1.349388,0.564976
2019-06-26,3.9050721600,3.9864278300,3.8976761900,3.9198641000,22546012,119904653.0000,0.707055,-0.749063
2019-06-27,3.9272600700,3.9642399200,3.8902802200,3.8902802200,32292379,171151945.0000,1.012706,-0.754716
2019-06-28,3.9056564000,3.9056564000,3.8210851000,3.8441500000,24264355,121691936.0000,0.760943,-1.185770
2019-07-01,3.9210330000,3.9440979000,3.8825915000,3.9287213000,31424998,160073780.0000,0.985504,2.200003
2019-07-02,3.9287213000,3.9287213000,3.8902798000,3.9056564000,24556279,124818311.0000,0.770098,-0.587088
2019-07-03,3.8979681000,3.9056564000,3.8364617000,3.8518383000,25080155,125702757.0000,0.786527,-1.377947
2019-07-04,3.8595266000,3.8825915000,3.8441500000,3.8595266000,14266422,71660080.0000,0.447402,0.199596
2019-07-05,3.8595266000,3.8749032000,3.8364617000,3.8672149000,12286260,61589252.0000,0.385303,0.199208
2019-07-08,3.8595266000,3.8595266000,3.7288255000,3.7518904000,27249574,133779651.0000,0.854561,-2.982109
2019-07-09,3.7518904000,3.7826436000,3.6750074000,3.7057606000,28114604,135498739.0000,0.881689,-1.229507
2019-07-10,3.7057606000,3.7134489000,3.6365659000,3.6519425000,21709695,103353465.0000,0.680827,-1.452286
2019-07-11,3.6673191000,3.6903840000,3.6365659000,3.6519425000,12857604,61197398.0000,0.403221,0.000000
2019-07-12,3.6596308000,3.6750074000,3.6288776000,3.6673191000,13221737,62884567.0000,0.414641,0.421052
2019-07-15,3.6596308000,3.7211372000,3.6288776000,3.7057606000,18363756,87800660.0000,0.575897,1.048222
2019-07-16,3.6903840000,3.7826436000,3.6903840000,3.7672670000,25263183,123308144.0000,0.792267,1.659750
2019-07-17,3.7672670000,3.7749553000,3.7288255000,3.7442021000,12547367,61154767.0000,0.393492,-0.612249
2019-07-18,3.7211372000,3.7442021000,3.6673191000,3.6826957000,12959300,62314408.0000,0.406410,-1.642709
2019-07-19,3.6903840000,3.7442021000,3.6826957000,3.6980723000,8827659,42656312.0000,0.276840,0.417536
2019-07-22,3.7134489000,3.7134489000,3.6288776000,3.6519425000,14069447,66946347.0000,0.441225,-1.247400
2019-07-23,3.6673191000,3.6750074000,3.6442542000,3.6673191000,8221600,39145302.0000,0.257834,0.421052
2019-07-24,3.6673191000,3.7057606000,3.6596308000,3.6826957000,12685453,60833070.0000,0.397822,0.419287
2019-07-25,3.6903840000,3.6903840000,3.6596308000,3.6826957000,10909405,52151703.0000,0.342125,0.000000
2019-07-26,3.6750074000,3.6826957000,3.6519425000,3.6750074000,9918424,47289871.0000,0.311000,-0.208800
2019-07-29,3.6673191000,3.6750074000,3.6365659000,3.6442542000,9151085,43480255.0000,0.286983,-0.836829
2019-07-30,3.6365659000,3.6673191000,3.6365659000,3.6519425000,13792844,65539601.0000,0.432600,0.211000
2019-07-31,3.6519425000,3.6519425000,3.6058127000,3.6058127000,20518171,96590482.0000,0.643500,-1.263200
2019-08-01,3.5981244000,3.6058127000,3.5827478000,3.5904361000,12226607,57101502.0000,0.383400,-0.426400
2019-08-02,3.5366180000,3.5443063000,3.4674233000,3.5058648000,21075044,96417499.0000,0.660900,-2.355500
2019-08-05,3.4904882000,3.5058648000,3.4212935000,3.4289818000,22102422,99584579.0000,0.693100,-2.193000
2019-08-06,3.3751637000,3.3828520000,3.2444626000,3.3597871000,28405378,122868036.0000,0.890800,-2.017900
2019-08-07,3.3674754000,3.3751637000,3.3290339000,3.3520988000,10596800,46255090.0000,0.332300,-0.228800
2019-08-08,3.3597871000,3.3982286000,3.3597871000,3.3597871000,11797714,51880775.0000,0.370000,0.229400
2019-08-09,3.3751637000,3.4136052000,3.3444105000,3.3597871000,15276871,67097632.0000,0.479100,0.000000
2019-08-12,3.3674754000,3.3905403000,3.3444105000,3.3905403000,11686000,51225019.0000,0.366500,0.915300
2019-08-13,3.3597871000,3.3751637000,3.3444105000,3.3597871000,7030574,30718457.0000,0.220500,-0.907000
2019-08-14,3.3982286000,3.4059169000,3.3751637000,3.3751637000,7844900,34601616.0000,0.246000,0.457700
2019-08-15,3.3059690000,3.4366701000,3.2829041000,3.3905403000,19784521,86740421.0000,0.620500,0.455600
2019-08-16,3.3905403000,3.3982286000,3.3751637000,3.3828520000,12046766,53030003.0000,0.377800,-0.226800
2019-08-19,3.3905403000,3.4827999000,3.3905403000,3.4827999000,23154391,103532596.0000,0.726100,2.954500
2019-08-20,3.5519946000,3.6135010000,3.5212414000,3.5289297000,31793019,147193888.0000,0.997000,1.324500
2019-08-21,3.5289297000,3.5443063000,3.4981765000,3.5058648000,12298497,56244818.0000,0.385700,-0.653600
2019-08-22,3.5212414000,3.5289297000,3.4520467000,3.4751116000,15640375,70759439.0000,0.490500,-0.877200
2019-08-23,3.4751116000,3.4981765000,3.4443584000,3.4597350000,13691658,61734011.0000,0.429400,-0.442500
2019-08-26,3.3905403000,3.4059169000,3.3597871000,3.3751637000,19747141,86804637.0000,0.619300,-2.444400
2019-08-27,3.3905403000,3.4366701000,3.3828520000,3.4212935000,23420488,104042002.0000,0.734500,1.366700
2019-08-28,3.4136052000,3.4520467000,3.4059169000,3.4366701000,18245494,81407825.0000,0.572200,0.449400
2019-08-29,3.4443584000,3.4443584000,3.4059169000,3.4059169000,12079222,53745853.0000,0.378800,-0.894900
2019-08-30,3.4289818000,3.4366701000,3.3597871000,3.3751637000,17194300,75859788.0000,0.539200,-0.902900
2019-09-02,3.3751637000,3.4520467000,3.3674754000,3.4366701000,20999668,93550459.0000,0.658600,1.822300
2019-09-03,3.4366701000,3.4597350000,3.4212935000,3.4443584000,16430900,73505797.0000,0.515300,0.223700
2019-09-04,3.4366701000,3.5212414000,3.4289818000,3.5212414000,32397208,147125170.0000,1.016000,2.232100
2019-09-05,3.5596829000,3.5673712000,3.5212414000,3.5289297000,37751841,174167146.0000,1.183900,0.218300
2019-09-06,3.5289297000,3.5519946000,3.4981765000,3.5135531000,18744347,85829094.0000,0.587800,-0.435700
2019-09-09,3.5443063000,3.5827478000,3.5135531000,3.5827478000,27789217,128529924.0000,0.871500,1.969400
2019-09-10,3.5827478000,3.6442542000,3.5673712000,3.6442542000,29056875,136354409.0000,0.911200,1.716700
2019-09-11,3.6519425000,3.6596308000,3.6135010000,3.6211893000,22901358,108245095.0000,0.718200,-0.632900
2019-09-12,3.6442542000,3.8210851000,3.6365659000,3.7518904000,56435529,273421534.0000,1.769800,3.609300
2019-09-16,3.7288255000,3.7903319000,3.7134489000,3.7365138000,51654527,252589446.0000,1.619900,-0.409800
2019-09-17,3.7518904000,3.7595787000,3.5981244000,3.6288776000,51763400,245715912.0000,1.623300,-2.880700
2019-09-18,3.6365659000,3.6903840000,3.6288776000,3.6519425000,25720580,122427907.0000,0.806600,0.635600
2019-09-19,3.6673191000,3.6673191000,3.6135010000,3.6365659000,20753112,98114371.0000,0.650800,-0.421100
2019-09-20,3.6211893000,3.6365659000,3.5827478000,3.6135010000,21278203,99650405.0000,0.667300,-0.634300
2019-09-23,3.6058127000,3.6058127000,3.5366180000,3.5596829000,19383653,89605601.0000,0.607900,-1.489400
2019-09-24,3.5673712000,3.5827478000,3.5366180000,3.5366180000,22976702,106364532.0000,0.720600,-0.648000
2019-09-25,3.5289297000,3.5673712000,3.4751116000,3.4827999000,19396740,88653606.0000,0.608300,-1.521700
2019-09-26,3.4981765000,3.5058648000,3.4597350000,3.4597350000,15404246,69750753.0000,0.483100,-0.662300
2019-09-27,3.4597350000,3.4827999000,3.4443584000,3.4520467000,13339693,60040145.0000,0.418300,-0.222200
2019-09-30,3.4751116000,3.4827999000,3.4212935000,3.4212935000,14875526,66635205.0000,0.466500,-0.890900
2019-10-08,3.4289818000,3.4751116000,3.4136052000,3.4751116000,20349929,91335778.0000,0.638200,1.573000
2019-10-09,3.4597350000,3.4981765000,3.4366701000,3.4904882000,13851542,62590184.0000,0.434400,0.442500
2019-10-10,3.4904882000,3.5212414000,3.4751116000,3.5058648000,13154162,59877770.0000,0.412500,0.440500
2019-10-11,3.5135531000,3.5212414000,3.4751116000,3.4981765000,15885300,72316107.0000,0.498200,-0.219300
2019-10-14,3.5058648000,3.5750595000,3.4981765000,3.5519946000,29725629,136920320.0000,0.932200,1.538500
2019-10-15,3.5443063000,3.5519946000,3.5212414000,3.5289297000,15705923,72150003.0000,0.492500,-0.649300
2019-10-16,3.5289297000,3.5596829000,3.4751116000,3.4827999000,17462500,79897944.0000,0.547600,-1.307200
2019-10-17,3.4827999000,3.4904882000,3.4597350000,3.4674233000,12746793,57580520.0000,0.399700,-0.441500
2019-10-18,3.4751116000,3.4827999000,3.4212935000,3.4212935000,16464930,73987922.0000,0.516300,-1.330400
2019-10-21,3.4289818000,3.4904882000,3.3982286000,3.4827999000,18989568,85034057.0000,0.595500,1.797800
2019-10-22,3.4904882000,3.5135531000,3.4674233000,3.5135531000,14795511,67135986.0000,0.464000,0.883000
2019-10-23,3.5058648000,3.5135531000,3.4520467000,3.4597350000,12587462,56891294.0000,0.394700,-1.531700
2019-10-24,3.4597350000,3.4904882000,3.4443584000,3.4751116000,9466335,42685260.0000,0.296900,0.444400
2019-10-25,3.4751116000,3.4981765000,3.4597350000,3.4981765000,8076995,36572589.0000,0.253300,0.663700
2019-10-28,3.4981765000,3.5212414000,3.4904882000,3.5135531000,13405810,61124526.0000,0.420400,0.439600
2019-10-29,3.5135531000,3.5135531000,3.4597350000,3.4827999000,11431256,51705997.0000,0.358500,-0.875300
2019-10-30,3.4827999000,3.4904882000,3.4366701000,3.4597350000,13103453,58977830.0000,0.410900,-0.662300
2019-10-31,3.4674233000,3.4827999000,3.4212935000,3.4289818000,8847459,39684511.0000,0.277500,-0.888900
2019-11-01,3.4366701000,3.4751116000,3.4136052000,3.4597350000,12039065,53965202.0000,0.377600,0.896900
2019-11-04,3.4674233000,3.4827999000,3.4520467000,3.4597350000,14470728,65254103.0000,0.453800,0.000000
2019-11-05,3.4674233000,3.5058648000,3.4443584000,3.5058648000,20474264,92791853.0000,0.642100,1.333300
2019-11-06,3.4981765000,3.6058127000,3.4904882000,3.5519946000,37617445,173621099.0000,1.179700,1.315800
2019-11-07,3.5596829000,3.6058127000,3.5366180000,3.5596829000,20203379,93825607.0000,0.633600,0.216500
2019-11-08,3.5981244000,3.6058127000,3.5443063000,3.5519946000,14846946,68886427.0000,0.465600,-0.216000
2019-11-11,3.5366180000,3.5366180000,3.4827999000,3.4904882000,17885425,81539427.0000,0.560900,-1.731600
2019-11-12,3.5058648000,3.5212414000,3.4674233000,3.4904882000,17070515,77415126.0000,0.535300,0.000000
2019-11-13,3.4981765000,3.4981765000,3.4289818000,3.4520467000,27036063,121891965.0000,0.847900,-1.101300
2019-11-14,3.4597350000,3.4904882000,3.4366701000,3.4751116000,17846669,80524503.0000,0.559700,0.668200
2019-11-15,3.4904882000,3.5135531000,3.4597350000,3.4751116000,22816339,103481038.0000,0.715500,0.000000
2019-11-18,3.4751116000,3.5904361000,3.4751116000,3.5443063000,45486056,210153791.0000,1.426500,1.991200
2019-11-19,3.5596829000,3.6058127000,3.5443063000,3.5981244000,46121461,214748156.0000,1.446400,1.518400
2019-11-20,3.6135010000,3.6288776000,3.5750595000,3.5904361000,35455303,165976895.0000,1.111900,-0.213700
2019-11-21,3.5750595000,3.5981244000,3.5519946000,3.5904361000,27616240,128435659.0000,0.866100,0.000000
2019-11-22,3.5904361000,3.6826957000,3.5827478000,3.6750074000,73142115,346314004.0000,2.293800,2.355500
2019-11-25,3.7288255000,3.9287213000,3.7288255000,3.8749032000,132472220,660705323.0000,4.154400,5.439300
2019-11-26,3.8441500000,3.8595266000,3.6750074000,3.6750074000,94522464,463606897.0000,2.964300,-5.158700
2019-11-27,3.7211372000,3.7903319000,3.7134489000,3.7595787000,69208640,337684904.0000,2.170400,2.301200
2019-11-28,3.7365138000,3.7442021000,3.6442542000,3.6750074000,39597908,189614715.0000,1.241800,-2.249500
2019-11-29,3.6903840000,3.7518904000,3.6519425000,3.6903840000,37597686,181280155.0000,1.179100,0.418400
2019-12-02,3.6826957000,3.7442021000,3.6826957000,3.7442021000,34441988,166725731.0000,1.080100,1.458300
2019-12-03,3.7211372000,3.7365138000,3.6750074000,3.7211372000,18556327,89442854.0000,0.581900,-0.616000
2019-12-04,3.6903840000,3.7057606000,3.6442542000,3.6596308000,21468033,102457124.0000,0.673200,-1.652900
2019-12-05,3.6673191000,3.6980723000,3.6596308000,3.6980723000,21102879,100962141.0000,0.661800,1.050400
2019-12-06,3.6903840000,3.7057606000,3.6673191000,3.7057606000,14645932,70187881.0000,0.459300,0.207900
2019-12-09,3.7365138000,3.8287734000,3.7134489000,3.8133968000,48959698,240973085.0000,1.535400,2.904600
2019-12-10,3.7903319000,3.8287734000,3.7672670000,3.7980202000,27168319,133898169.0000,0.852000,-0.403200
2019-12-11,3.8057085000,3.8979681000,3.8057085000,3.8287734000,38289888,191616430.0000,1.200800,0.809700
2019-12-12,3.8133968000,3.8210851000,3.7749553000,3.8057085000,23066100,113917208.0000,0.723400,-0.602400
2019-12-13,3.8364617000,3.8672149000,3.8057085000,3.8518383000,30037857,149848906.0000,0.942000,1.212100
2019-12-16,3.8672149000,3.8979681000,3.8210851000,3.8595266000,28018213,140634858.0000,0.878700,0.199600
2019-12-17,3.8672149000,3.9133447000,3.8210851000,3.8825915000,42634333,214408110.0000,1.337000,0.597600
2019-12-18,3.8749032000,3.8979681000,3.8518383000,3.8595266000,29632280,149199849.0000,0.929300,-0.594100
2019-12-19,3.8518383000,3.8979681000,3.8441500000,3.8902798000,27009415,136044340.0000,0.847000,0.796800
2019-12-20,3.8902798000,3.8902798000,3.8287734000,3.8364617000,27111214,136229294.0000,0.850200,-1.383400
2019-12-23,3.8441500000,3.8672149000,3.7672670000,3.7903319000,27426164,136782998.0000,0.860100,-1.202400
2019-12-24,3.7903319000,3.8133968000,3.7672670000,3.7980202000,19667065,96898632.0000,0.616800,0.202800
2019-12-25,3.7980202000,3.7980202000,3.7288255000,3.7672670000,22378451,109760642.0000,0.701800,-0.809700
2019-12-26,3.7672670000,3.8210851000,3.7518904000,3.8133968000,21700191,107200985.0000,0.680500,1.224500
2019-12-27,3.8210851000,3.8749032000,3.8057085000,3.8210851000,32833880,163543931.0000,1.029700,0.201600
2019-12-30,3.8133968000,3.8825915000,3.8133968000,3.8825915000,36311167,182425209.0000,1.138700,1.609700
2019-12-31,3.8825915000,3.9671628000,3.8749032000,3.9440979000,49431972,252294055.0000,1.550200,1.584200
2020-01-02,3.9825394000,4.0594224000,3.9748511000,3.9902277000,53351966,278054500.0000,1.673100,1.169600
2020-01-03,4.0056043000,4.0209809000,3.9210330000,3.9364096000,46395633,238823813.0000,1.455000,-1.348800
2020-01-06,3.9133447000,3.9517862000,3.8749032000,3.8979681000,39450768,200756416.0000,1.237200,-0.976600
2020-01-07,3.9133447000,4.0056043000,3.9056564000,3.9979160000,50154121,258798771.0000,1.572900,2.564100
2020-01-08,3.9748511000,4.0056043000,3.8979681000,3.9056564000,37453608,192182339.0000,1.174600,-2.307700
2020-01-09,3.9440979000,3.9517862000,3.8979681000,3.9287213000,25776916,131466185.0000,0.808400,0.590600
2020-01-10,3.9440979000,3.9440979000,3.8902798000,3.9133447000,20528162,104529888.0000,0.643800,-0.391400
2020-01-13,3.9056564000,3.9440979000,3.8749032000,3.9440979000,23896247,121424544.0000,0.749400,0.785900
2020-01-14,3.9364096000,3.9825394000,3.9364096000,3.9517862000,23173419,119397170.0000,0.726700,0.194900
2020-01-15,3.9440979000,3.9440979000,3.8825915000,3.8979681000,23782446,120817384.0000,0.745800,-1.361900
2020-01-16,3.9056564000,3.9133447000,3.8441500000,3.8518383000,18829226,94747579.0000,0.590500,-1.183400
2020-01-17,3.8595266000,3.8979681000,3.8364617000,3.8595266000,15138892,76047980.0000,0.474800,0.199600
2020-01-20,3.8518383000,3.8749032000,3.8287734000,3.8672149000,13730836,68722005.0000,0.430600,0.199200
2020-01-21,3.8595266000,3.8595266000,3.7518904000,3.7518904000,34565800,169895736.0000,1.084000,-2.982100
2020-01-22,3.7365138000,3.7826436000,3.6903840000,3.7672670000,21091011,102325698.0000,0.661400,0.409800
2020-01-23,3.7288255000,3.7442021000,3.6135010000,3.6211893000,27178800,129766054.0000,0.852300,-3.877600
2020-02-03,3.2598392000,3.2905924000,3.2598392000,3.2598392000,26084021,110664274.0000,0.818000,-9.978800
2020-02-04,3.1675796000,3.3444105000,3.1675796000,3.3213456000,50023794,212670367.0000,1.568800,1.886800
2020-02-05,3.2982807000,3.4136052000,3.2829041000,3.3520988000,44335407,193674116.0000,1.390400,0.925900
2020-02-06,3.3520988000,3.3751637000,3.3059690000,3.3520988000,37316964,162150219.0000,1.170300,0.000000
2020-02-07,3.3290339000,3.3367222000,3.2752158000,3.3136573000,41688885,179034824.0000,1.307400,-1.146800
2020-02-10,3.2905924000,3.4212935000,3.2752158000,3.4059169000,47554992,207488764.0000,1.491300,2.784200
2020-02-11,3.4212935000,3.5673712000,3.4136052000,3.4289818000,55850272,252634248.0000,1.751500,0.677200
2020-02-12,3.4136052000,3.4597350000,3.3828520000,3.4366701000,32161377,142881556.0000,1.008600,0.224200
2020-02-13,3.4289818000,3.4597350000,3.3751637000,3.3751637000,28540922,126766221.0000,0.895100,-1.789700
2020-02-14,3.3674754000,3.4212935000,3.3597871000,3.4059169000,21782040,96163927.0000,0.683100,0.911200
2020-02-17,3.3905403000,3.4827999000,3.3905403000,3.4674233000,36124698,161879600.0000,1.132900,1.805900
2020-02-18,3.4674233000,3.4981765000,3.4520467000,3.4751116000,31044126,140261155.0000,0.973600,0.221700
2020-02-19,3.4751116000,3.5058648000,3.4289818000,3.4443584000,27501163,123978685.0000,0.862500,-0.885000
2020-02-20,3.4597350000,3.5135531000,3.4289818000,3.5058648000,33549546,151589673.0000,1.052100,1.785700
2020-02-21,3.4981765000,3.5289297000,3.4751116000,3.5212414000,38535303,175347593.0000,1.208500,0.438600
2020-02-24,3.4981765000,3.4981765000,3.4443584000,3.4674233000,41607721,187482515.0000,1.304800,-1.528400
2020-02-25,3.3982286000,3.4212935000,3.3520988000,3.3982286000,45413036,199922609.0000,1.424200,-1.995600
2020-02-26,3.3674754000,3.5135531000,3.3520988000,3.4597350000,57868212,260468099.0000,1.814800,1.810000
2020-02-27,3.4520467000,3.5058648000,3.4366701000,3.4520467000,36385070,164040592.0000,1.141100,-0.222200
2020-02-28,3.3597871000,3.3982286000,3.2675275000,3.2752158000,66941826,289472461.0000,2.099300,-5.122500
2020-03-02,3.3059690000,3.4981765000,3.2982807000,3.4520467000,70869287,316037116.0000,2.222500,5.399000
2020-03-03,3.5058648000,3.5443063000,3.4289818000,3.4597350000,64585094,291986581.0000,2.025400,0.222700
2020-03-04,3.4443584000,3.5596829000,3.4212935000,3.5596829000,79917989,363876655.0000,2.506300,2.888900
2020-03-05,3.5827478000,3.6596308000,3.5673712000,3.5981244000,74538266,350073160.0000,2.337600,1.079900
2020-03-06,3.5443063000,3.5827478000,3.5289297000,3.5443063000,45135334,208615108.0000,1.415500,-1.495700
2020-03-09,3.4827999000,3.4827999000,3.3751637000,3.3905403000,66013700,293903058.0000,2.070200,-4.338400
2020-03-10,3.3597871000,3.4443584000,3.3290339000,3.4443584000,41042065,181520424.0000,1.287100,1.587300
2020-03-11,3.4366701000,3.4674233000,3.4136052000,3.4212935000,42762841,191458290.0000,1.341100,-0.669600
2020-03-12,3.3828520000,3.4212935000,3.3444105000,3.3674754000,39406736,172838050.0000,1.235800,-1.573000
2020-03-13,3.2213977000,3.3444105000,3.1906445000,3.3136573000,43286800,183931783.0000,1.357500,-1.598200
2020-03-16,3.3290339000,3.3367222000,3.1906445000,3.2060211000,52719640,224285845.0000,1.653300,-3.248300
2020-03-17,3.2060211000,3.2444626000,3.1445147000,3.1983328000,34909935,144995129.0000,1.094800,-0.239800
2020-03-18,3.2213977000,3.2829041000,3.1752679000,3.1752679000,39910014,168035503.0000,1.251600,-0.721100
2020-03-19,3.1598913000,3.1983328000,3.0983849000,3.1598913000,36567170,149506913.0000,1.146800,-0.484300
2020-03-20,3.1829562000,3.2060211000,3.1445147000,3.1983328000,21760970,89975841.0000,0.682400,1.216500
2020-03-23,3.1214498000,3.1291381000,3.0753200000,3.0753200000,29524332,119023083.0000,0.925900,-3.846200
2020-03-24,3.1137615000,3.1368264000,3.0753200000,3.1214498000,29586710,119609276.0000,0.927900,1.500000
2020-03-25,3.1829562000,3.1983328000,3.1368264000,3.1752679000,30784595,126740135.0000,0.965400,1.724100
2020-03-26,3.1522030000,3.1598913000,3.1214498000,3.1291381000,20767600,84906467.0000,0.651300,-1.452800
2020-03-27,3.1522030000,3.1983328000,3.1214498000,3.1522030000,39421909,162108846.0000,1.236300,0.737100
2020-03-30,3.1214498000,3.1598913000,3.0830083000,3.1368264000,31015795,125802192.0000,0.972700,-0.487800
2020-03-31,3.1598913000,3.1675796000,3.1060732000,3.1291381000,21831092,89149657.0000,0.684600,-0.245100
2020-04-01,3.1214498000,3.1522030000,3.0983849000,3.1137615000,20466829,83260177.0000,0.641900,-0.491400
2020-04-02,3.0906966000,3.1368264000,3.0906966000,3.1368264000,20254999,82026324.0000,0.635200,0.740700
2020-04-03,3.1291381000,3.1291381000,3.0830083000,3.0906966000,21597500,87153079.0000,0.677300,-1.470600
2020-04-07,3.1214498000,3.1368264000,3.1060732000,3.1291381000,29027939,117947306.0000,0.910300,1.243800
2020-04-08,3.1214498000,3.1598913000,3.1060732000,3.1445147000,24907376,101614358.0000,0.781100,0.491400
2020-04-09,3.1598913000,3.1752679000,3.1522030000,3.1598913000,22682000,93305155.0000,0.711300,0.489000
2020-04-10,3.1598913000,3.1675796000,3.1060732000,3.1214498000,17488008,71109891.0000,0.548400,-1.216500
2020-04-13,3.1060732000,3.1522030000,3.0983849000,3.1445147000,19002160,77470540.0000,0.595900,0.738900
2020-04-14,3.1445147000,3.1598913000,3.1291381000,3.1598913000,17959907,73530478.0000,0.563200,0.489000
2020-04-15,3.1598913000,3.1598913000,3.1291381000,3.1445147000,15673400,64149074.0000,0.491500,-0.486600
2020-04-16,3.1291381000,3.1368264000,3.1060732000,3.1291381000,22122297,89821208.0000,0.693800,-0.489000
2020-04-17,3.1445147000,3.1675796000,3.1291381000,3.1598913000,28767078,117815350.0000,0.902200,0.982800
2020-04-20,3.1522030000,3.1829562000,3.1368264000,3.1829562000,28855731,118548880.0000,0.904900,0.729900
2020-04-21,3.1752679000,3.1752679000,3.1060732000,3.1214498000,30953306,126031105.0000,0.970700,-1.932400
2020-04-22,3.1060732000,3.1368264000,3.0983849000,3.1214498000,17227620,69899571.0000,0.540300,0.000000
2020-04-23,3.1214498000,3.1291381000,3.1060732000,3.1060732000,16191200,65640924.0000,0.507800,-0.492600
2020-04-24,3.1060732000,3.1137615000,3.0830083000,3.0830083000,19260496,77507995.0000,0.604000,-0.742600
2020-04-27,3.0906966000,3.1060732000,3.0830083000,3.0906966000,15420696,62102966.0000,0.483600,0.249400
2020-04-28,3.0906966000,3.0983849000,2.9830604000,3.0291902000,30934300,122264385.0000,0.970100,-1.990000
2020-04-29,3.0215019000,3.0599434000,3.0215019000,3.0522551000,17201909,68110784.0000,0.539500,0.761400
2020-04-30,3.0599434000,3.1137615000,3.0599434000,3.1060732000,26766130,107640983.0000,0.839400,1.763200
2020-05-06,3.1214498000,3.1675796000,3.0983849000,3.1522030000,33677025,137753504.0000,1.056100,1.485100
2020-05-07,3.1522030000,3.1675796000,3.1368264000,3.1522030000,18017342,73885122.0000,0.565000,0.000000
2020-05-08,3.1598913000,3.1983328000,3.1598913000,3.1906445000,23638014,97939360.0000,0.741300,1.219500
2020-05-11,3.1906445000,3.2598392000,3.1906445000,3.2290860000,32182772,135061345.0000,1.009300,1.204800
2020-05-12,3.2367743000,3.2521509000,3.1983328000,3.2137094000,20824200,87078379.0000,0.653100,-0.476200
2020-05-13,3.1983328000,3.2444626000,3.1906445000,3.2290860000,16776691,70241017.0000,0.526100,0.478500
2020-05-14,3.2137094000,3.2213977000,3.1445147000,3.1598913000,21725700,89541237.0000,0.681300,-2.142800
2020-05-15,3.1598913000,3.1675796000,3.1291381000,3.1445147000,14683765,60094641.0000,0.460500,-0.486600
2020-05-18,3.1675796000,3.1906445000,3.1445147000,3.1598913000,19792894,81645236.0000,0.620700,0.489000
2020-05-19,3.1906445000,3.1983328000,3.1598913000,3.1752679000,13505715,55844172.0000,0.423500,0.486600
2020-05-20,3.1598913000,3.1752679000,3.1368264000,3.1445147000,10974980,44956335.0000,0.344200,-0.968500
2020-05-21,3.1598913000,3.1829562000,3.1368264000,3.1522030000,22818544,93559566.0000,0.715600,0.244500
2020-05-22,3.1522030000,3.1983328000,3.1368264000,3.1752679000,32198193,132387322.0000,1.009800,0.731700
2020-05-25,3.1752679000,3.2444626000,3.1675796000,3.2367743000,30113216,125626223.0000,0.944400,1.937000
2020-05-26,3.2367743000,3.2444626000,3.1983328000,3.2060211000,22582825,94457109.0000,0.708200,-0.950100
2020-05-27,3.2137094000,3.2521509000,3.2060211000,3.2213977000,24198400,101436449.0000,0.758900,0.479600
2020-05-28,3.2213977000,3.2752158000,3.2137094000,3.2290860000,23567464,99227795.0000,0.739100,0.238700
2020-05-29,3.2213977000,3.2290860000,3.1368264000,3.1368264000,34411237,142469506.0000,1.079200,-2.857100
2020-06-01,3.1675796000,3.2367743000,3.1522030000,3.2290860000,38587473,160590617.0000,1.210100,2.941200
2020-06-02,3.2290860000,3.3367222000,3.2137094000,3.3136573000,43016648,183336706.0000,1.349000,2.619100
2020-06-03,3.3444105000,3.3520988000,3.2752158000,3.2982807000,33973608,146469534.0000,1.065400,-0.464000
2020-06-04,3.3290339000,3.3290339000,3.2752158000,3.2752158000,16861664,72316235.0000,0.528800,-0.699300
2020-06-05,3.2829041000,3.2905924000,3.2444626000,3.2752158000,14200256,60410823.0000,0.445300,0.000000
2020-06-08,3.2675275000,3.3290339000,3.2675275000,3.3290339000,21961345,94588458.0000,0.688700,1.643200
2020-06-09,3.3213456000,3.3213456000,3.2598392000,3.2598392000,27559675,117680924.0000,0.864300,-2.078500
2020-06-10,3.2598392000,3.3136573000,3.2444626000,3.2905924000,28357080,121304024.0000,0.889300,0.943400
2020-06-11,3.3059690000,3.3059690000,3.2444626000,3.2598392000,26125300,111380866.0000,0.819300,-0.934600
2020-06-12,3.2598396400,3.3405287400,3.2356329100,3.3163220100,32966995,134949483.0000,1.033900,1.732700
2020-06-15,3.3163220100,3.3647354700,3.2840463700,3.3324598300,28307679,116753723.0000,0.887700,0.486600
2020-06-16,3.3728043800,3.4534934800,3.3405287400,3.4050800200,40197918,169045566.0000,1.260600,2.179200
2020-06-17,3.4292867500,3.4938380300,3.3970111100,3.4292867500,48600517,207461042.0000,1.524100,0.710900
2020-06-18,3.4454245700,3.5664582200,3.4131489300,3.4696313000,79864640,345611424.0000,2.504600,1.176500
2020-06-19,3.4373556600,3.4534934800,3.3485976500,3.3808732900,53931697,226475974.0000,1.691300,-2.558100
2020-06-22,3.3889422000,3.3970111100,3.3566665600,3.3647354700,26557738,111113317.0000,0.832900,-0.477300
2020-06-23,3.3728043800,3.3728043800,3.3163220100,3.3324598300,26176506,108262995.0000,0.820900,-0.959200
2020-06-24,3.3405287400,3.3647354700,3.3243909200,3.3485976500,16562095,68623074.0000,0.519400,0.484300
2020-06-29,3.3243909200,3.3324598300,3.2679085500,3.2840463700,22528828,91839090.0000,0.706500,-1.927700
2020-06-30,3.2921152800,3.3163220100,3.2840463700,3.2921152800,13912819,56919385.0000,0.436300,0.245700
2020-07-01,3.2921152800,3.3405287400,3.2759774600,3.3324598300,20059621,82255035.0000,0.629100,1.225500
2020-07-02,3.3163220100,3.4050800200,3.3163220100,3.3889422000,29463663,122935306.0000,0.924000,1.694900
2020-07-03,3.4050800200,3.4777002100,3.3970111100,3.4454245700,46856800,199600868.0000,1.469500,1.666700
2020-07-06,3.4857691200,3.6794229600,3.4696313000,3.6713540500,94982036,422072491.0000,2.978700,6.557400
2020-07-07,3.7359053300,3.7681809700,3.6068027700,3.6148716800,83538903,380794231.0000,2.619800,-1.538500
2020-07-08,3.5906649500,3.7843187900,3.5825960400,3.7520431500,89194718,409817794.0000,2.797200,3.794600
2020-07-09,3.7359053300,3.8408011600,3.6874918700,3.7923877000,86978037,404159714.0000,2.727700,1.075300
2020-07-10,3.7359053300,3.7520431500,3.6390784100,3.6471473200,53732067,246320381.0000,1.685100,-3.829800
2020-07-13,3.6471473200,3.7762498800,3.6390784100,3.7601120600,53002301,244531508.0000,1.662200,3.097300
2020-07-14,3.7520431500,3.8730768000,3.6794229600,3.7439742400,60016776,279944636.0000,1.882200,-0.429200
2020-07-15,3.7520431500,3.7843187900,3.6068027700,3.6148716800,53312579,242319000.0000,1.671900,-3.448300
2020-07-16,3.6229405900,3.6713540500,3.5019069400,3.5019069400,42877153,190689819.0000,1.344600,-3.125000
2020-07-17,3.5099758500,3.5341825800,3.4454245700,3.4696313000,27107645,117231152.0000,0.850100,-0.921700
2020-07-20,3.5019069400,3.6955607800,3.4938380300,3.6713540500,61580110,275931303.0000,1.931200,5.814000
2020-07-21,3.6713540500,3.7116986000,3.6148716800,3.6552162300,36469824,165266013.1900,1.143700,-0.439600
2020-07-22,3.6794229600,3.7036296900,3.5987338600,3.6148716800,40840622,185053677.0600,1.280800,-1.103800
2020-07-23,3.5906649500,3.6068027700,3.5099758500,3.5987338600,36702045,162239543.3500,1.151000,-0.446400
2020-07-24,3.5906649500,3.6068027700,3.4373556600,3.4615623900,38552450,167985578.2700,1.209000,-3.811700
2020-07-27,3.4938380300,3.5099758500,3.4373556600,3.4696313000,26596191,114241706.4800,0.834100,0.233100
2020-07-28,3.4857691200,3.5583893100,3.4696313000,3.5019069400,27702055,120700140.5000,0.868800,0.930200
2020-07-29,3.5019069400,3.5422514900,3.4454245700,3.5422514900,23710651,103131787.4100,0.743600,1.152100
2020-07-30,3.5422514900,3.5745271300,3.5099758500,3.5422514900,24065034,105523650.3800,0.754700,0.000000
2020-07-31,3.5341825800,3.5825960400,3.5180447600,3.5664582200,33188726,146116889.4800,1.040800,0.683400
2020-08-03,3.5906649500,3.6310095000,3.5825960400,3.6229405900,30902697,138135892.8900,0.969100,1.583700
2020-08-04,3.6229405900,3.6310095000,3.5664582200,3.5987338600,30293509,134800975.3300,0.950000,-0.668200
2020-08-05,3.5825960400,3.5987338600,3.5422514900,3.5745271300,23348433,103065166.5600,0.732200,-0.672600
2020-08-06,3.5825960400,3.5987338600,3.5261136700,3.5825960400,24307962,107452959.3000,0.762300,0.225700
2020-08-07,3.5906649500,3.6229405900,3.5503204000,3.5987338600,38582948,171597253.5100,1.210000,0.450500
2020-08-10,3.5906649500,3.6229405900,3.5503204000,3.6068027700,25085278,111889891.1500,0.786700,0.224200
2020-08-11,3.6229405900,3.6310095000,3.5180447600,3.5341825800,24719591,109778382.9200,0.775200,-2.013400
2020-08-12,3.5261136700,3.5422514900,3.4777002100,3.5261136700,29378302,127759875.8000,0.921300,-0.228300
2020-08-13,3.5341825800,3.5987338600,3.5261136700,3.5503204000,28216702,124706321.1300,0.884900,0.686500
2020-08-14,3.5583893100,3.5664582200,3.5099758500,3.5583893100,18917502,83046632.3800,0.593300,0.227300
2020-08-17,3.5745271300,3.6310095000,3.5422514900,3.6148716800,44456121,198541335.4200,1.394200,1.587300
2020-08-18,3.6229405900,3.6632851400,3.5987338600,3.6229405900,35664659,160642153.2700,1.118500,0.223200
2020-08-19,3.6229405900,3.6632851400,3.5825960400,3.6148716800,33540027,150881662.4700,1.051800,-0.222700
2020-08-20,3.6229405900,3.6471473200,3.5664582200,3.5987338600,40665333,181890352.1400,1.275300,-0.446400
2020-08-21,3.5987338600,3.6148716800,3.5664582200,3.5906649500,26481195,117573110.2800,0.830500,-0.224200
2020-08-24,3.5503204000,3.5583893100,3.5019069400,3.5180447600,42180473,184405413.1400,1.322800,-2.022500
2020-08-25,3.5180447600,3.5341825800,3.5019069400,3.5099758500,24796289,108182373.3800,0.777600,-0.229400
2020-08-26,3.5099758500,3.5180447600,3.4615623900,3.4938380300,31075523,134136587.1200,0.974500,-0.459800
2020-08-27,3.5019069400,3.5099758500,3.4534934800,3.4777002100,18721427,80631443.3100,0.587100,-0.461900
2020-08-28,3.4696313000,3.5583893100,3.4534934800,3.5261136700,31109164,135618204.8500,0.975600,1.392100
2020-08-31,3.5180447600,3.5422514900,3.4696313000,3.4696313000,27099985,117983552.7000,0.849900,-1.601800
2020-09-01,3.4777002100,3.4857691200,3.4454245700,3.4615623900,19407651,83202752.4400,0.608600,-0.232600
2020-09-02,3.4696313000,3.4777002100,3.4212178400,3.4373556600,23200032,98911491.0600,0.727600,-0.699300
2020-09-03,3.4454245700,3.4777002100,3.4212178400,3.4373556600,19598804,83721850.9800,0.614600,0.000000
2020-09-04,3.3970111100,3.4131489300,3.3808732900,3.4050800200,16188820,68187015.9100,0.507700,-0.939000
2020-09-07,3.4131489300,3.4696313000,3.3728043800,3.3889422000,23136850,98112116.0000,0.725600,-0.473900
2020-09-08,3.3808732900,3.4373556600,3.3808732900,3.4212178400,23095085,97626793.6500,0.724300,0.952400
2020-09-09,3.3889422000,3.4777002100,3.3808732900,3.4534934800,43845858,187220073.2600,1.375000,0.943400
2020-09-10,3.4615623900,3.4696313000,3.3566665600,3.3647354700,36784425,155214436.9700,1.153600,-2.570100
2020-09-11,3.3566665600,3.3728043800,3.3243909200,3.3485976500,17231381,71531442.2500,0.540400,-0.479600
2020-09-14,3.3485976500,3.3728043800,3.3163220100,3.3405287400,17931293,74195992.5900,0.562300,-0.241000
2020-09-15,3.3405287400,3.3485976500,3.3163220100,3.3243909200,17933889,73920049.0100,0.562400,-0.483100
2020-09-16,3.3243909200,3.3566665600,3.3082531000,3.3405287400,12833866,53037211.9600,0.402500,0.485400
2020-09-17,3.3324598300,3.3566665600,3.3163220100,3.3405287400,13469642,55732996.5900,0.422400,0.000000
2020-09-18,3.3485976500,3.4050800200,3.3324598300,3.3970111100,20512428,85692525.8500,0.643300,1.690800
2020-09-21,3.4050800200,3.4050800200,3.3485976500,3.3566665600,17101100,71484511.8500,0.536300,-1.187600
2020-09-22,3.3405287400,3.3728043800,3.3163220100,3.3243909200,14802175,61314379.5600,0.464200,-0.961500
2020-09-23,3.3243909200,3.3324598300,3.2921152800,3.3001841900,16686011,68461683.2700,0.523300,-0.728200
2020-09-24,3.3001841900,3.3001841900,3.2517707300,3.2517707300,14631443,59245677.0400,0.458800,-1.467000
2020-09-25,3.2679085500,3.2921152800,3.2356329100,3.2598396400,12204324,49310616.8700,0.382700,0.248100
2020-09-28,3.2517707300,3.2759774600,3.2437018200,3.2598396400,12467391,50350285.0800,0.391000,0.000000
2020-09-29,3.2679085500,3.3001841900,3.2598396400,3.2840463700,12055381,49092811.9200,0.378100,0.742600
2020-09-30,3.2840463700,3.2921152800,3.2437018200,3.2437018200,17855719,72314737.4700,0.560000,-1.228500
2020-10-09,3.2840463700,3.3163220100,3.2759774600,3.3001841900,16145944,66064187.5200,0.506300,1.741300
2020-10-12,3.3001841900,3.3485976500,3.3001841900,3.3405287400,19353926,79880301.1300,0.606900,1.222500
2020-10-13,3.3405287400,3.3405287400,3.2921152800,3.3001841900,19489549,79854688.9400,0.611200,-1.207700
2020-10-14,3.3001841900,3.3001841900,3.2679085500,3.2840463700,15162452,61620209.4400,0.475500,-0.489000
2020-10-15,3.2840463700,3.3324598300,3.2759774600,3.3001841900,17207798,70415392.1100,0.539600,0.491400
2020-10-16,3.2921152800,3.3405287400,3.2921152800,3.3324598300,16130289,66407414.5000,0.505900,0.978000
2020-10-19,3.3324598300,3.3728043800,3.2921152800,3.3082531000,19280171,79613548.6200,0.604600,-0.726400
2020-10-20,3.3001841900,3.3163220100,3.2840463700,3.3082531000,9947919,40653968.2300,0.312000,0.000000
2020-10-21,3.3566665600,3.3808732900,3.3082531000,3.3324598300,21620600,89366563.3200,0.678000,0.731700
2020-10-22,3.3082531000,3.3405287400,3.3001841900,3.3163220100,12644371,52107510.9000,0.396500,-0.484300
2020-10-23,3.3243909200,3.3324598300,3.3001841900,3.3324598300,12285047,50499099.1700,0.385300,0.486600
2020-10-26,3.3163220100,3.3243909200,3.3001841900,3.3163220100,8617906,35393279.6600,0.270300,-0.484300
2020-10-27,3.3001841900,3.3243909200,3.2921152800,3.3243909200,10235441,41967413.2800,0.321000,0.243300
2020-10-28,3.3243909200,3.3647354700,3.3082531000,3.3566665600,18683919,77275007.9700,0.585900,0.970900
2020-10-29,3.3243909200,3.3566665600,3.3082531000,3.3485976500,14717038,60754627.3100,0.461500,-0.240400
2020-10-30,3.3485976500,3.3889422000,3.3405287400,3.3485976500,23649878,98473026.3300,0.741700,0.000000
2020-11-02,3.3485976500,3.3647354700,3.2921152800,3.3001841900,28405253,116535161.3700,0.890800,-1.445800
2020-11-03,3.3082531000,3.3405287400,3.3001841900,3.3243909200,27351623,112614767.6600,0.857800,0.733500
2020-11-04,3.3243909200,3.3808732900,3.3163220100,3.3647354700,30120554,124936833.2900,0.944600,1.213600
2020-11-05,3.3808732900,3.5341825800,3.3728043800,3.5180447600,84634049,364344669.7600,2.654200,4.556400
2020-11-06,3.5099758500,3.5422514900,3.4454245700,3.5019069400,53512950,232225962.4200,1.678200,-0.458700
2020-11-09,3.5503204000,3.6471473200,3.5422514900,3.5745271300,67183574,299275254.1800,2.106900,2.073700
2020-11-10,3.5825960400,3.6310095000,3.5180447600,3.5341825800,38837009,171277719.8700,1.217900,-1.128700
2020-11-11,3.5422514900,3.7439742400,3.5341825800,3.6552162300,85064996,385512821.3700,2.667700,3.424700
2020-11-12,3.6310095000,3.6874918700,3.6068027700,3.6713540500,37581224,170358388.5200,1.178600,0.441500
2020-11-13,3.6471473200,3.6874918700,3.5745271300,3.6229405900,46413749,208921038.9100,1.455600,-1.318700
2020-11-16,3.6310095000,3.7439742400,3.6310095000,3.7278364200,49212091,226361223.3800,1.543300,2.895300
2020-11-17,3.7439742400,3.8488700700,3.7359053300,3.8488700700,79507117,375275357.4900,2.493400,3.246800
2020-11-18,3.8327322500,3.8569389800,3.7520431500,3.8085255200,48644783,229469983.5900,1.525500,-1.048200
2020-11-19,3.7762498800,3.8327322500,3.7036296900,3.7278364200,48416473,224499258.8800,1.518400,-2.118600
2020-11-20,3.7359053300,3.8327322500,3.7036296900,3.8246633400,50765884,238298460.4400,1.592000,2.597400
2020-11-23,3.8327322500,3.8811457100,3.7681809700,3.7843187900,85185215,404468137.3400,2.671500,-1.054900
2020-11-24,3.7843187900,3.8730768000,3.7681809700,3.8408011600,52840660,251055298.7000,1.657100,1.492500
2020-11-25,3.8730768000,3.9295591700,3.7923877000,3.8004566100,59738173,286500550.4800,1.873400,-1.050400
2020-11-26,3.8004566100,3.8165944300,3.7278364200,3.8085255200,42728729,200078714.2000,1.340000,0.212300
2020-11-27,3.8165944300,3.9214902600,3.7197675100,3.8085255200,47369291,223626846.6000,1.485500,0.000000
2020-11-30,3.7923877000,3.8650078900,3.7278364200,3.7278364200,49119095,231413185.6700,1.540400,-2.118600
2020-12-01,3.7197675100,3.7601120600,3.6794229600,3.7359053300,33843682,156304905.2700,1.061400,0.216500
2020-12-02,3.7439742400,3.8085255200,3.7359053300,3.7601120600,40244711,188143720.3700,1.262100,0.647900
2020-12-03,3.7601120600,3.7762498800,3.6874918700,3.7036296900,36202709,166879552.4500,1.135300,-1.502100
2020-12-04,3.7197675100,3.7520431500,3.6632851400,3.7359053300,28514426,131462875.2200,0.894200,0.871500
2020-12-07,3.7359053300,3.8004566100,3.7116986000,3.7520431500,38107429,177356783.3700,1.195100,0.432000
2020-12-08,3.7197675100,3.7278364200,3.6229405900,3.6310095000,42236589,191353721.1500,1.324600,-3.225800
2020-12-09,3.6229405900,3.6874918700,3.6229405900,3.6390784100,27586942,125111806.3200,0.865100,0.222200
2020-12-10,3.6713540500,3.8730768000,3.6632851400,3.8246633400,102063625,481639262.9100,3.200800,5.099800
2020-12-11,3.8569389800,3.8892146200,3.6471473200,3.6713540500,60565130,281546477.0300,1.899400,-4.008400
2020-12-14,3.6390784100,3.6552162300,3.4777002100,3.5099758500,59756968,261329085.7500,1.874000,-4.395600
2020-12-15,3.5341825800,3.5341825800,3.4615623900,3.5261136700,28491621,123678741.9700,0.893500,0.459800
2020-12-16,3.5341825800,3.5906649500,3.4938380300,3.5261136700,27813338,121805933.5600,0.872200,0.000000
2020-12-17,3.5261136700,3.6310095000,3.5019069400,3.6148716800,28762195,127442189.6500,0.902000,2.517200
2020-12-18,3.6310095000,3.8085255200,3.6229405900,3.7520431500,53488745,246723423.6800,1.677400,3.794600
2020-12-21,3.8085255200,3.8165944300,3.7520431500,3.7681809700,28065483,131376519.9300,0.880100,0.430100
2020-12-22,3.7762498800,3.7843187900,3.6229405900,3.6229405900,33227381,152191735.5000,1.042000,-3.854400
2020-12-23,3.6148716800,3.7036296900,3.6068027700,3.6552162300,21385474,97100719.0900,0.670700,0.890900
2020-12-24,3.6794229600,3.6794229600,3.5906649500,3.5987338600,17952819,80535415.4600,0.563000,-1.545300
2020-12-25,3.5664582200,3.6955607800,3.5583893100,3.6713540500,19747529,89425205.8400,0.619300,2.017900
2020-12-28,3.6632851400,3.7036296900,3.6068027700,3.6390784100,27800039,125172198.8700,0.871800,-0.879100
2020-12-29,3.6390784100,3.6874918700,3.6229405900,3.6390784100,23955301,108253449.6700,0.751300,0.000000
2020-12-30,3.6552162300,3.7278364200,3.6471473200,3.7036296900,28930900,132449924.4800,0.907300,1.773800
2020-12-31,3.6713540500,3.7278364200,3.6552162300,3.7036296900,21050004,96344537.6500,0.660100,0.000000
2021-01-04,3.7278364200,3.7439742400,3.6632851400,3.7359053300,28256630,129863407.1200,0.886100,0.871500
2021-01-05,3.7116986000,3.7278364200,3.6068027700,3.6471473200,29517369,133491469.2300,0.925700,-2.375800
2021-01-06,3.6390784100,3.6632851400,3.6068027700,3.6229405900,18292299,82256814.1900,0.573700,-0.663700
2021-01-07,3.6471473200,3.7197675100,3.6229405900,3.6874918700,30834605,140734294.8000,0.967000,1.781700
2021-01-08,3.6794229600,3.7520431500,3.6148716800,3.7439742400,38972300,178929590.0000,1.222200,1.531700
2021-01-11,3.7359053300,3.7439742400,3.6068027700,3.6148716800,29642043,134917236.9600,0.929600,-3.448300
2021-01-12,3.5906649500,3.6552162300,3.5825960400,3.6552162300,19350281,86757561.2600,0.606800,1.116100
2021-01-13,3.6310095000,3.6390784100,3.5664582200,3.5906649500,20140823,89769117.8100,0.631600,-1.766000
2021-01-14,3.5745271300,3.6310095000,3.5664582200,3.6068027700,19648062,87577410.5700,0.616200,0.449400
2021-01-15,3.5906649500,3.6148716800,3.5099758500,3.5180447600,26148566,115140997.8000,0.820000,-2.460900
2021-01-18,3.5180447600,3.5906649500,3.4938380300,3.5664582200,28475359,125068666.0900,0.893000,1.376100
2021-01-19,3.5583893100,3.5664582200,3.5099758500,3.5341825800,19850478,86869277.3500,0.622500,-0.905000
2021-01-20,3.5745271300,3.6632851400,3.5583893100,3.5825960400,40812484,182432106.4400,1.279900,1.369900
2021-01-21,3.5825960400,3.6148716800,3.5503204000,3.5664582200,26255629,116462776.9800,0.823400,-0.450500
2021-01-22,3.5583893100,3.5664582200,3.4534934800,3.4696313000,25019650,108260264.8100,0.784600,-2.714900
2021-01-25,3.4696313000,3.4777002100,3.3808732900,3.4050800200,22794176,96503938.6200,0.714800,-1.860500
2021-01-26,3.3970111100,3.4212178400,3.3728043800,3.3970111100,18516049,77750684.4000,0.580700,-0.237000
2021-01-27,3.3889422000,3.4454245700,3.3728043800,3.3808732900,20160079,85153212.1500,0.632200,-0.475100
2021-01-28,3.3647354700,3.3808732900,3.3243909200,3.3405287400,18142741,75197067.5400,0.569000,-1.193300
2021-01-29,3.3405287400,3.3485976500,3.2517707300,3.2759774600,21707416,88857645.1800,0.680800,-1.932400
2021-02-01,3.2759774600,3.2921152800,3.2356329100,3.2517707300,21934168,88570583.9700,0.687900,-0.738900
2021-02-02,3.2517707300,3.2840463700,3.2356329100,3.2356329100,21693845,87371233.4200,0.680300,-0.496300
2021-02-03,3.2437018200,3.2598396400,3.1791505400,3.2275640000,24754210,98479022.0000,0.776300,-0.249400
2021-02-04,3.2194950900,3.2437018200,3.1952883600,3.2356329100,19472819,77671942.9900,0.610700,0.250000
2021-02-05,3.2356329100,3.2598396400,3.1791505400,3.1952883600,22114491,88309164.2000,0.693500,-1.246900
2021-02-08,3.2033572700,3.2437018200,3.1872194500,3.2114261800,14717024,58742966.5600,0.461500,0.505100
2021-02-09,3.2033572700,3.2356329100,3.2033572700,3.2275640000,17326118,69174791.4500,0.543400,0.502500
2021-02-10,3.2275640000,3.2356329100,3.2033572700,3.2194950900,19898039,79357482.6100,0.624000,-0.250000
2021-02-18,3.2598396400,3.3405287400,3.2598396400,3.3243909200,35938202,146981080.1600,1.127000,3.258100
2021-02-19,3.3163220100,3.4212178400,3.3001841900,3.4050800200,31510124,131998352.5600,0.988200,2.427200
2021-02-22,3.4454245700,3.7439742400,3.4373556600,3.6552162300,86600752,388366238.4900,2.715800,7.346000
2021-02-23,3.6390784100,3.6955607800,3.5987338600,3.6390784100,47368370,214222767.4000,1.485500,-0.441500
2021-02-24,3.6229405900,3.6794229600,3.5583893100,3.5987338600,35384893,158157396.3800,1.109700,-1.108600
2021-02-25,3.6390784100,3.7197675100,3.6310095000,3.6713540500,53410565,243596631.4900,1.675000,2.017900
2021-02-26,3.5987338600,3.6390784100,3.5503204000,3.5583893100,30283573,134876844.1600,0.949700,-3.076900
2021-03-01,3.5825960400,3.7439742400,3.5583893100,3.7036296900,56962035,258002210.3200,1.786400,4.081600
2021-03-02,3.6874918700,3.8085255200,3.6874918700,3.7116986000,75328588,350165687.7600,2.362300,0.217900
2021-03-03,3.8165944300,4.0828684600,3.8165944300,4.0828684600,71346516,356568567.8600,2.237500,10.000000
2021-03-04,4.3652803100,4.4943828700,4.3007290300,4.4943828700,268904336,1483747429.3700,8.433000,10.079100
2021-03-05,4.1796953800,4.2765223000,4.0425239100,4.0425239100,253063834,1290435720.0600,7.936200,-10.053900
2021-03-08,4.2765223000,4.4056248600,4.0425239100,4.0828684600,194110106,1021104762.6300,6.087400,0.998000
2021-03-09,4.0425239100,4.4056248600,3.9295591700,4.2361777500,230873231,1204567783.5200,7.240300,3.754900
2021-03-10,4.0990062800,4.4217626800,4.0425239100,4.1474197400,151510205,792019305.6600,4.751400,-2.095200
2021-03-11,4.1716264700,4.5589341500,4.1635575600,4.5589341500,140252740,764407798.1000,4.398400,9.922200
2021-03-12,4.7364501700,4.9946552900,4.7041745300,4.7606569000,258972096,1546404916.2500,8.121500,4.424800
2021-03-15,4.9139661900,4.9946552900,4.6557610700,4.7364501700,155325016,927933219.7200,4.871100,-0.508500
2021-03-16,4.6638299800,4.8252081800,4.5992787000,4.7848636300,105985268,619959642.8300,3.323800,1.022100
2021-03-17,4.7445190800,4.7445190800,4.4298315900,4.6638299800,105774117,600525257.5400,3.317100,-2.529500
2021-03-18,4.6234854300,4.8090703600,4.6073476100,4.6880367100,80279557,467825310.6100,2.517600,0.519000
2021-03-19,4.5750719700,4.8816905500,4.5266585100,4.8010014500,109000642,641469115.7600,3.418300,2.409600
2021-03-22,4.9704485600,5.1398956700,4.7767947200,4.8494149100,141658897,869417709.9100,4.442500,1.008400
2021-03-23,4.7525879900,4.8574838200,4.5912097900,4.6396232500,78092864,454554920.1100,2.449000,-4.326100
2021-03-24,4.5670030600,4.6073476100,4.2684533900,4.3249357600,109758330,597003113.6600,3.442100,-6.782600
2021-03-25,4.3087979400,4.3894870400,4.2442466600,4.2845912100,67069429,357123920.0600,2.103300,-0.932800
2021-03-26,4.2603844800,4.3249357600,4.2200399300,4.2926601200,72560249,384714707.7300,2.275500,0.188300
2021-03-29,4.4217626800,4.7203123500,4.3168668500,4.4943828700,175017374,989166079.1500,5.488600,4.699200
2021-03-30,4.3975559500,4.6638299800,4.3330046700,4.6396232500,119167534,662986200.1600,3.737200,3.231600
2021-03-31,4.5992787000,4.8010014500,4.5185896000,4.6315543400,88594893,510143389.1900,2.778400,-0.173900
2021-04-01,4.5992787000,5.0914822100,4.5589341500,5.0914822100,111073270,678438365.4100,3.483300,9.930300
2021-04-02,5.0995511200,5.0995511200,4.8252081800,4.9220351000,116346953,711346908.6100,3.648700,-3.328100
2021-04-06,5.0027242000,5.3093427800,4.9704485600,5.1641024000,141976651,908221699.8600,4.452500,4.918000
2021-04-07,5.1318267600,5.6240302700,5.0995511200,5.5110655300,157037813,1049914853.7000,4.924800,6.718800
2021-04-08,5.4223075200,5.6805126400,5.3335495100,5.4707209800,131878487,895927871.2400,4.135800,-0.732100
2021-04-09,5.5594789900,5.6078924500,5.3335495100,5.4223075200,71341551,480468452.2800,2.237300,-0.885000
2021-04-12,5.3738940600,5.4868588000,5.1883091300,5.4061697000,90324727,604462151.9900,2.832600,-0.297600
2021-04-13,5.2851360500,5.3577562400,5.1237578500,5.2609293200,75665665,491795817.4500,2.372900,-2.686600
2021-04-14,5.1802402200,5.3738940600,5.1641024000,5.2770671400,53867352,351985392.5800,1.689300,0.306700
2021-04-15,5.2286536800,5.3174116900,5.1156889400,5.2286536800,49592827,320388883.2900,1.555300,-0.917400
2021-04-16,5.2286536800,5.2770671400,5.1560334900,5.1883091300,51356021,332069110.8400,1.610600,-0.771600
2021-04-19,5.1721713100,5.2932049600,5.0834133000,5.2125158600,51048379,329190019.3200,1.600900,0.466600
2021-04-20,5.1641024000,5.3335495100,5.1076200300,5.2932049600,82689988,537235559.3300,2.593200,1.548000
2021-04-21,5.2609293200,5.2851360500,5.0107931100,5.1721713100,54599216,347149489.5700,1.712300,-2.286600
2021-04-22,5.2286536800,5.4465142500,5.2125158600,5.3900318800,90926743,605929226.4100,2.851500,4.212200
2021-04-23,5.3981007900,5.5917546300,5.3738940600,5.5756168100,81326991,554603533.1100,2.550500,3.443100
2021-04-26,5.6563059100,5.8903043000,5.4384453400,5.4545831600,90508752,633378451.8700,2.838400,-2.170800
2021-04-27,5.5029966200,5.6078924500,5.3819629700,5.5272033500,50601589,343121372.5500,1.586900,1.331400
2021-04-28,5.3254806000,5.4949277100,5.2689982300,5.3900318800,77916529,522117362.3400,2.443500,-2.481800
2021-04-29,5.4384453400,5.4949277100,5.1237578500,5.4384453400,77815592,511466838.7400,2.440300,0.898200
2021-04-30,5.3819629700,5.4707209800,5.2447915000,5.2932049600,49558936,327702882.8100,1.554200,-2.670600
2021-05-06,5.4303764300,5.6966504600,5.4303764300,5.6563059100,94828725,659741177.9100,2.973900,6.859800
2021-05-07,5.7289261000,5.7934773800,5.5191344400,5.6401680900,88834959,624300431.9200,2.785900,-0.285300
2021-05-10,5.8499597500,5.8903043000,5.6240302700,5.8499597500,101056244,721636362.2900,3.169200,3.719600
2021-05-11,5.6966504600,5.6966504600,5.3093427800,5.5352722600,91042519,623363840.8600,2.855100,-5.379300
2021-05-12,5.4949277100,5.6885815500,5.4626520700,5.6401680900,62960396,436438142.3800,1.974500,1.895000
2021-05-13,5.5110655300,5.5110655300,5.2125158600,5.2367225900,73529744,486352188.9300,2.305900,-7.153100
2021-05-14,5.2044469500,5.3012738700,4.9543107400,5.0672754800,72448182,456642264.5700,2.272000,-3.235700
2021-05-17,5.0511376600,5.1076200300,4.9543107400,5.0269309300,51528535,321606818.6000,1.616000,-0.796200
2021-05-18,5.0753443900,5.1076200300,5.0349998400,5.0753443900,29957826,188332962.4800,0.939500,0.963100
2021-05-19,5.0107931100,5.0188620200,4.8413460000,4.8897594600,54679157,333735654.1800,1.714800,-3.656600
2021-05-20,4.6638299800,4.6638299800,4.4540383200,4.6396232500,90493755,510647286.1800,2.837900,-5.115500
2021-05-21,4.6880367100,4.7687258100,4.5589341500,4.7041745300,59774557,346994119.5400,1.874600,1.391300
2021-05-24,4.5750719700,4.9220351000,4.5508652400,4.6961056200,76383133,448420936.2700,2.395400,-0.171500
2021-05-25,4.7606569000,4.8010014500,4.6234854300,4.7364501700,38285914,223732215.1400,1.200700,0.859100
2021-05-26,4.6961056200,4.7606569000,4.6557610700,4.6961056200,38413066,223994881.7800,1.204700,-0.851800
2021-05-27,4.7364501700,4.7848636300,4.6638299800,4.7606569000,44286852,259344970.0800,1.388900,1.374600
2021-05-28,4.8897594600,4.8978283700,4.7525879900,4.7606569000,43685286,261781413.9500,1.370000,0.000000
2021-05-31,4.8332770900,4.8494149100,4.7203123500,4.7364501700,31282710,184369585.8900,0.981000,-0.508500
2021-06-01,4.6476921600,4.7203123500,4.5185896000,4.7041745300,75541383,432469871.0900,2.369000,-0.681400
2021-06-02,4.6880367100,4.7041745300,4.5992787000,4.6234854300,36484847,210259875.5200,1.144200,-1.715300
2021-06-03,4.6396232500,4.8252081800,4.6154165200,4.7445190800,54311492,318965555.3200,1.703200,2.617800
2021-06-04,4.7041745300,4.7929325400,4.6476921600,4.7203123500,30734392,179534276.2300,0.963800,-0.510200
2021-06-07,4.7203123500,4.7525879900,4.6154165200,4.6396232500,29783790,172279840.2300,0.934000,-1.709400
2021-06-08,4.6315543400,4.7122434400,4.5992787000,4.6718988900,28896502,166827428.1400,0.906200,0.695700
2021-06-09,4.6880367100,4.7929325400,4.6638299800,4.7687258100,35952791,211530997.7700,1.127500,2.072500
2021-06-10,4.7687258100,4.9058972800,4.7687258100,4.8494149100,50572122,303676096.0700,1.586000,1.692000
2021-06-11,4.8574838200,4.9785174700,4.8413460000,4.9220351000,44212387,269737452.2300,1.386500,1.497500
2021-06-15,4.8897594600,4.9220351000,4.7606569000,4.8010014500,37487301,223796679.6000,1.175600,-2.459000
2021-06-16,4.7929325400,4.8090703600,4.5992787000,4.6315543400,38382999,223531698.8300,1.203700,-3.529400
2021-06-17,4.6073476100,4.6638299800,4.5347274200,4.5508652400,35566576,202525368.6100,1.115400,-1.742200
2021-06-18,4.5508652400,4.6315543400,4.4621072300,4.5831408800,39198459,221247976.6100,1.229300,0.709200
2021-06-21,4.6396232500,4.7606569000,4.6234854300,4.6557610700,42903430,249202132.2000,1.345500,1.584500
2021-06-22,4.6799678000,4.6799678000,4.5347274200,4.5589341500,32608311,185329795.0400,1.022600,-2.079700
2021-06-23,4.5589341500,4.6154165200,4.4782450500,4.5508652400,48086891,270838025.5000,1.508000,-0.177000
2021-06-24,4.5589341500,4.5670030600,4.4136937700,4.5024517800,47046733,261422533.9300,1.475400,-1.063800
2021-06-25,4.5266585100,4.7364501700,4.4863139600,4.7122434400,89406822,512989161.9100,2.803800,4.659500
2021-06-28,4.7377157400,4.7801683900,4.6613009700,4.7377157400,64162758,356445476.2900,2.012200,0.540500
2021-06-29,4.7546968000,4.8311115700,4.6782820300,4.7037536200,57187460,320776441.6200,1.793400,-0.716800
2021-06-30,4.7546968000,4.8311115700,4.6952630900,4.7377157400,35011954,196046140.3800,1.098000,0.722000
2021-07-01,4.7801683900,4.8820547500,4.7377157400,4.8056399800,59601622,338420721.6600,1.869100,1.433700
2021-07-02,4.7971494500,4.8141305100,4.7122441500,4.7546968000,36251818,203080176.1000,1.136900,-1.060100
2021-07-05,4.7801683900,4.8056399800,4.6613009700,4.7716778600,37671130,209935241.7200,1.181400,0.357100
2021-07-06,4.7886589200,4.8311115700,4.7207346800,4.7546968000,32790700,184050835.0000,1.028300,-0.355900
2021-07-07,4.7462062700,4.8990358100,4.7207346800,4.8905452800,44245346,252102128.3700,1.387600,2.857100
2021-07-08,4.8990358100,5.0348842900,4.8650736900,4.9499789900,59679939,348700164.0100,1.871600,1.215300
2021-07-09,4.8820547500,5.2216759500,4.7971494500,5.1622422400,83453435,496390050.9900,2.617100,4.288200
2021-07-12,5.1707327700,5.6801645700,5.1707327700,5.5358255600,148107484,966197624.7700,4.644700,7.236800
2021-07-13,5.4763918500,5.6207308600,5.3660149600,5.5358255600,68790332,446380392.3700,2.157300,0.000000
2021-07-14,5.5188445000,5.7735604000,5.4848823800,5.5782782100,71570596,473751085.4700,2.244500,0.766900
2021-07-15,5.5528066200,6.1131816000,5.5528066200,6.0707289500,109063991,756883181.9600,3.420300,8.828000
2021-07-16,6.0282763000,6.4103501500,5.9688425900,6.1641247800,108245673,796994589.9600,3.394600,1.538500
2021-07-19,6.2235584900,6.2745016700,5.9348804700,5.9433710000,62981862,448828849.0700,1.975100,-3.581300
2021-07-20,5.9433710000,5.9433710000,5.6886551000,5.8160130500,61247731,418308074.8800,1.920800,-2.142900
2021-07-21,5.9263899400,5.9773331200,5.7650698700,5.8754467600,48854077,337958858.2600,1.532100,1.021900
2021-07-22,5.8924278200,6.3848785600,5.8924278200,6.3339353800,76907423,565733950.3600,2.411900,7.803500
2021-07-23,6.3169543200,6.9537440700,6.3169543200,6.5801607500,113836117,895003919.7200,3.570000,3.887400
2021-07-26,6.6905376400,6.7584618800,6.1471437200,6.3678975000,103597382,774127034.0900,3.248900,-3.225800
2021-07-27,6.4018596200,6.4358217400,5.9858236500,5.9858236500,84570954,619311413.9100,2.652200,-6.000000
2021-07-28,5.9688425900,6.2490300800,5.8584657000,6.0197857700,65820250,470259635.5300,2.064200,0.567400
2021-07-29,6.0962005400,6.1131816000,5.7735604000,6.0707289500,63047377,444225989.0600,1.977200,0.846300
2021-07-30,6.1641247800,6.6820471100,6.1386531900,6.6650660500,112173843,857735135.5100,3.517800,9.790200
2021-08-02,6.2829922000,6.2829922000,6.0028047100,6.0112952400,127995048,909365054.9000,4.014000,-9.808900
2021-08-03,5.8584657000,5.9943141800,5.5867687400,5.6037498000,93649297,632315884.2700,2.936900,-6.779700
2021-08-04,5.7650698700,6.1641247800,5.6886551000,6.1641247800,94208277,656936801.7300,2.954400,10.000000
2021-08-05,6.1301626600,6.2490300800,5.9094088800,6.1301626600,76454840,546886219.6800,2.397700,-0.551000
2021-08-06,6.1131816000,6.4782743900,6.0877100100,6.4018596200,84960293,633501197.9200,2.664400,4.432100
2021-08-09,6.4188406800,6.6311039300,6.2065774300,6.4782743900,63976407,488562589.1800,2.006300,1.193600
2021-08-10,6.5716702200,6.6990281700,6.4273312100,6.6311039300,48590468,375796416.3300,1.523800,2.359100
2021-08-11,6.6735565800,6.9452535400,6.5716702200,6.8773293000,63901133,510228022.6800,2.004000,3.713200
2021-08-12,6.8178955900,7.4461948100,6.6820471100,7.0046872500,90860748,758207280.8600,2.849400,1.851900
2021-08-13,6.8773293000,7.0131777800,6.7075187000,6.7329902900,55826313,448955931.7900,1.750700,-3.878800
2021-08-16,6.7669524100,6.8858198300,6.5546891600,6.6905376400,57456351,454862027.5800,1.801900,-0.630500
2021-08-17,6.6650660500,6.8094050600,6.4528028000,6.5122365100,36130577,281105439.6100,1.133100,-2.665000
2021-08-18,6.5377081000,6.6735565800,6.3933690900,6.4867649200,66808759,511883108.1700,2.095200,-0.391100
2021-08-19,6.3254448500,6.5461986300,6.0367668300,6.4273312100,97727663,724767218.6600,3.064800,-0.916200
2021-08-20,6.3848785600,6.6820471100,6.3848785600,6.6141228700,93055582,716766499.0500,2.918300,2.906200
2021-08-23,6.6226134000,6.6905376400,6.2914827300,6.4612933300,81695629,619046899.3200,2.562000,-2.310700
2021-08-24,6.4952554500,6.9028008900,6.4528028000,6.7414808200,78660345,623545428.0800,2.466800,4.336400
2021-08-25,6.7414808200,6.7839334700,6.4782743900,6.6820471100,60642969,473837501.0200,1.901800,-0.881600
2021-08-26,6.7414808200,6.9961967200,6.6395944600,6.9367630100,95578512,770541270.7300,2.997400,3.811900
2021-08-27,6.7499713500,6.8348766500,6.6650660500,6.7584618800,52435513,415451151.7300,1.644400,-2.570400
2021-08-30,6.8518577100,7.0216683100,6.5801607500,6.7839334700,65095487,518087419.8500,2.041400,0.376900
2021-08-31,6.7244997600,7.4631758700,6.7160092300,7.4631758700,150532690,1305247469.0700,4.720800,10.012500
2021-09-01,7.3952516300,7.7263823000,7.1744978500,7.2254410300,171852834,1514901013.1000,5.389400,-3.185400
2021-09-02,7.3018558000,7.5820432900,7.0895925500,7.4971379900,103214720,894823245.3600,3.236900,3.760300
2021-09-03,7.4971379900,7.5650622300,7.0046872500,7.2169505000,108498734,927535055.1800,3.402600,-3.737300
2021-09-06,7.1744978500,7.8112876000,7.1744978500,7.7773254800,120515648,1070705974.1800,3.779400,7.764700
2021-09-07,7.7263823000,8.4650584100,7.7094012400,8.3292099300,109889135,1068959114.3100,3.446200,7.096100
2021-09-08,8.1848709200,8.3631720500,7.9895887300,8.0999656200,87180867,835694659.1400,2.734000,-2.752300
2021-09-09,8.1509088000,8.9065659700,8.1339277400,8.8471322600,128823935,1305331230.5900,4.040000,9.224300
2021-09-10,8.6773216600,9.1527913400,8.4990205300,8.5754353000,104835809,1074957310.6600,3.287700,-3.071000
2021-09-13,8.6518500700,8.9829807400,8.5160015900,8.7282648400,85257581,873494287.5500,2.673700,1.782200
2021-09-14,8.4905300000,8.5924163600,8.0999656200,8.1339277400,95533298,929292306.2600,2.996000,-6.809300
2021-09-15,8.0660035000,8.4395868200,7.9641171400,8.2018519800,72917868,703149947.3300,2.286700,0.835100
2021-09-16,8.3207194000,8.7876985500,8.2612856900,8.2782667500,101779516,1022288150.9000,3.191900,0.931700
2021-09-17,8.4480773500,8.4565678800,7.4546853400,7.6754391200,103062901,949406390.3500,3.232100,-7.282100
2021-09-22,7.6754391200,7.6924201800,7.3697800400,7.5905338200,72672653,644105564.2800,2.279100,-1.106200
2021-09-23,7.6499675300,7.8877023700,7.3867611000,7.4716664000,89770804,799876223.4100,2.815300,-1.566000
2021-09-24,7.4037421600,7.4971379900,6.9877061900,7.0131777800,84104349,712723573.0100,2.637600,-6.136400
2021-09-27,6.9622346000,7.1405357300,6.4952554500,6.6226134000,140472133,1102243529.1700,4.405300,-5.569000
2021-09-28,6.6226134000,6.6735565800,6.3509164400,6.4103501500,99396763,756418426.5800,3.117100,-3.205100
2021-09-29,6.3594069700,6.3933690900,5.9094088800,5.9518615300,93401292,668384012.3200,2.929100,-7.152300
2021-09-30,5.9773331200,6.1131816000,5.8924278200,6.0537478900,88662840,626546661.3200,2.780500,1.711800
2021-10-08,6.1471437200,6.1726153100,5.8839372900,5.9688425900,60067166,422843460.4500,1.883700,-1.402500
2021-10-11,5.9263899400,5.9858236500,5.6971456300,5.9348804700,66327765,458530324.9000,2.080100,-0.569000
2021-10-12,5.9178994100,5.9773331200,5.4763918500,5.6377119200,104406574,695219042.4800,3.274200,-5.007200
2021-10-13,5.6292213900,5.7480888100,5.4424297300,5.6122403300,66966203,440198094.1900,2.100100,-0.451800
2021-10-14,5.6122403300,5.6886551000,5.5273350300,5.6207308600,50146290,332098243.5400,1.572600,0.151300
2021-10-15,5.6546929800,5.6546929800,5.4254486700,5.5273350300,63968415,415984067.1000,2.006100,-1.661600
2021-10-18,5.5103539700,5.6716740400,5.4594107900,5.5782782100,65576573,430263108.8200,2.056500,0.921700
2021-10-19,5.5697876800,5.7056361600,5.4339392000,5.6801645700,86808455,570405771.7000,2.722400,1.826500
2021-10-20,5.5358255600,5.6546929800,5.3065812500,5.5612971500,89512294,583287465.4900,2.807200,-2.092700
2021-10-21,5.6037498000,5.7311077500,5.5018634400,5.5443160900,94178923,626207027.1600,2.953500,-0.305300
2021-10-22,5.5528066200,5.6207308600,5.1112990600,5.1452611800,172265657,1070981195.6600,5.402300,-7.197500
2021-10-25,5.1707327700,5.3065812500,5.0688464100,5.2811096600,90527596,558099700.9700,2.839000,2.640300
2021-10-26,5.2556380700,5.3914865500,5.2046948900,5.2301664800,57651605,358868267.1900,1.808000,-0.964600
2021-10-27,5.2216759500,5.2811096600,5.0603558800,5.0773369400,63907853,386953174.1900,2.004200,-2.922100
2021-10-28,5.0518653500,5.0858274700,4.8905452800,4.9669600500,85709252,501956219.4300,2.687900,-2.173900
2021-10-29,4.9924316400,5.1112990600,4.9754505800,5.0179032300,51950098,307187466.8200,1.629200,1.025600
2021-11-01,4.9669600500,5.0943180000,4.9329979300,5.0348842900,77299307,457630484.3800,2.424100,0.338400
2021-11-02,5.0094127000,5.0603558800,4.7122441500,4.8141305100,111025007,635673995.5100,3.481800,-4.384500
2021-11-03,4.8056399800,4.8990358100,4.7546968000,4.8565831600,65727480,373424811.6200,2.061200,0.881800
2021-11-04,4.8396021000,4.8650736900,4.6867725600,4.7377157400,63373480,353520699.5200,1.987400,-2.447600
2021-11-05,4.6613009700,4.6782820300,4.5254524900,4.5594146100,78777205,426296256.7000,2.470500,-3.763400
2021-11-08,4.5848862000,4.7122441500,4.5679051400,4.6103577900,61740115,337292256.4100,1.936200,1.117300
2021-11-09,4.6358293800,4.6613009700,4.5254524900,4.5763956700,51967687,280369396.8800,1.629700,-0.736600
2021-11-10,4.4829998400,4.5679051400,4.3726229500,4.5509240800,84812273,445617020.5800,2.659800,-0.556600
2021-11-11,4.6273388500,4.7207346800,4.5339430200,4.6867725600,102109114,557177543.1200,3.202200,2.985100
2021-11-12,4.6867725600,4.6867725600,4.4745093100,4.4745093100,93817307,502776432.2700,2.942200,-4.529000
2021-11-15,4.4745093100,4.5084714300,4.4235661300,4.4914903700,60575798,318818073.3800,1.899700,0.379500
2021-11-16,4.4914903700,4.5084714300,4.3556418900,4.3726229500,64492511,335871950.4200,2.022500,-2.646500
2021-11-17,4.3556418900,4.4490377200,4.3471513600,4.3896040100,51040005,264296587.4600,1.600600,0.388300
2021-11-18,4.3896040100,4.4575282500,4.3726229500,4.3896040100,55685884,289558801.9600,1.746300,0.000000
2021-11-19,4.3980945400,4.5169619600,4.3301703000,4.4999809000,66099846,345320124.9100,2.072900,2.514500
2021-11-22,4.5254524900,4.5763956700,4.4575282500,4.4660187800,80713706,428069956.5600,2.531200,-0.754700
2021-11-23,4.5084714300,4.6782820300,4.4745093100,4.5594146100,132965146,719191261.2000,4.169900,2.091300
2021-11-24,4.5763956700,4.6952630900,4.5424335500,4.6697915000,94342161,514883512.0500,2.958600,2.420900
2021-11-25,4.6867725600,4.6867725600,4.5594146100,4.5763956700,63133500,341838948.8300,1.979900,-2.000000
2021-11-26,4.5424335500,4.9329979300,4.4829998400,4.8141305100,190661687,1067072676.4500,5.979200,5.194800
2021-11-29,4.6782820300,4.6952630900,4.5424335500,4.6273388500,159142812,865042626.8000,4.990800,-3.880100
2021-11-30,4.6188483200,4.6867725600,4.4999809000,4.5339430200,94719047,511571628.7800,2.970400,-2.018300
2021-12-01,4.5424335500,4.6443199100,4.4745093100,4.6273388500,85189846,458550025.4000,2.671600,2.059900
2021-12-02,4.5848862000,4.7546968000,4.5679051400,4.6952630900,104967126,577095392.0900,3.291800,1.467900
2021-12-03,4.7037536200,4.7377157400,4.6103577900,4.7207346800,79590241,438920245.3200,2.496000,0.542500
2021-12-06,4.7377157400,4.9414884600,4.7377157400,4.7716778600,136239479,776235211.8500,4.272500,1.079100
2021-12-07,4.8311115700,4.9584695200,4.7377157400,4.9160168700,130188925,745720594.6100,4.082800,3.024900
2021-12-08,4.9075263400,4.9245074000,4.8226210400,4.8905452800,87069655,498869337.5100,2.730500,-0.518100
2021-12-09,4.8650736900,4.9075263400,4.8226210400,4.8311115700,62354832,356294424.1900,1.955500,-1.215300
2021-12-10,4.8141305100,4.8565831600,4.7377157400,4.7546968000,53870696,303460356.1000,1.689400,-1.581700
2021-12-13,4.7631873300,4.8056399800,4.7462062700,4.7716778600,42913549,241585122.0800,1.345800,0.357100
2021-12-14,4.7631873300,4.7631873300,4.6188483200,4.6273388500,61615110,338400684.8100,1.932300,-3.024900
2021-12-15,4.6188483200,4.6867725600,4.6018672600,4.6273388500,38576010,211145515.9500,1.209800,0.000000
2021-12-16,4.6358293800,4.8650736900,4.6273388500,4.8480926300,118025990,667470989.0200,3.701400,4.770600
2021-12-17,4.8480926300,4.9160168700,4.8141305100,4.8311115700,82292886,471110502.7100,2.580700,-0.350300
2021-12-20,4.8226210400,4.9075263400,4.7122441500,4.7292252100,57561934,323896060.5100,1.805200,-2.109000
2021-12-21,4.7122441500,4.8141305100,4.6867725600,4.7971494500,44364240,248921050.8500,1.391300,1.436300
2021-12-22,4.7971494500,4.8226210400,4.7207346800,4.7292252100,51685587,289764794.4000,1.620900,-1.415900
2021-12-23,4.7462062700,4.7801683900,4.7122441500,4.7546968000,43390076,242511184.7300,1.360700,0.538600
2021-12-24,4.7716778600,4.7801683900,4.6018672600,4.6103577900,58497534,320878500.8800,1.834500,-3.035700
2021-12-27,4.5679051400,4.5763956700,4.4914903700,4.5169619600,65657790,350228594.4100,2.059100,-2.025800
2021-12-28,4.5169619600,4.5424335500,4.4745093100,4.4999809000,45450977,241065778.7100,1.425400,-0.375900
2021-12-29,4.4914903700,4.5594146100,4.4745093100,4.4914903700,46000281,244082073.4200,1.442600,-0.188700
2021-12-30,4.4999809000,4.5084714300,4.4575282500,4.4660187800,48095356,253877915.0400,1.508300,-0.567100
2021-12-31,4.4660187800,4.4914903700,4.4320566600,4.4829998400,39218566,206369862.2700,1.229900,0.380200
2022-01-04,4.4829998400,4.5594146100,4.4745093100,4.5424335500,57625342,307835030.2800,1.807200,1.325800
2022-01-05,4.5594146100,4.5933767300,4.5084714300,4.5254524900,47113596,252250372.8600,1.477500,-0.373800
2022-01-06,4.5169619600,4.6867725600,4.4999809000,4.6443199100,82577106,450708894.0200,2.589700,2.626600
2022-01-07,4.6528104400,4.9499789900,4.6443199100,4.8565831600,155115021,885028199.1300,4.864500,4.570400
2022-01-10,4.9160168700,4.9754505800,4.8311115700,4.9075263400,85208304,490472141.6700,2.672200,1.049000
2022-01-11,4.9160168700,5.1367706500,4.9160168700,5.0603558800,106544387,635889259.9500,3.341300,3.114200
2022-01-12,5.0688464100,5.0688464100,4.8396021000,4.8820547500,103213000,594725874.7800,3.236800,-3.523500
2022-01-13,4.8990358100,4.9839411100,4.8565831600,4.8565831600,69284485,400642341.6700,2.172800,-0.521700
2022-01-14,4.8480926300,4.8565831600,4.7462062700,4.7546968000,48326342,272199069.1100,1.515500,-2.097900
2022-01-17,4.7122441500,4.7546968000,4.6867725600,4.7292252100,37665342,209462869.2500,1.181200,-0.535700
2022-01-18,4.7377157400,4.9414884600,4.6867725600,4.8820547500,93035805,529220941.9700,2.917700,3.231600
2022-01-19,4.9839411100,5.2556380700,4.9754505800,5.1792233000,192562309,1167038522.1800,6.038900,6.087000
2022-01-20,5.1707327700,5.3490339000,5.1112990600,5.1367706500,98306708,602213504.4400,3.082900,-0.819700
2022-01-21,5.1197895900,5.1367706500,4.9839411100,4.9924316400,68203408,404090210.4300,2.138900,-2.809900
2022-01-24,4.9924316400,5.1028085300,4.8650736900,5.0263937600,59146712,349437877.8800,1.854900,0.680300
2022-01-25,4.9924316400,5.0009221700,4.7971494500,4.8056399800,53812384,310426743.2200,1.687600,-4.391900
2022-01-26,4.7886589200,4.9329979300,4.7037536200,4.8990358100,50563150,288451062.9700,1.585700,1.943500
2022-01-27,4.8650736900,4.8905452800,4.7631873300,4.8056399800,50258059,285939405.9400,1.576100,-1.906400
2022-01-28,4.8735642200,4.8820547500,4.5509240800,4.7292252100,88167748,486605173.1200,2.765000,-1.590100
2022-02-07,4.7801683900,5.0009221700,4.7801683900,4.9754505800,74345354,433106503.9900,2.331500,5.206500
2022-02-08,4.9924316400,5.1537517100,4.9584695200,5.1452611800,91170161,541824748.8700,2.859100,3.413000
2022-02-09,5.1112990600,5.1792233000,5.0773369400,5.1197895900,67206553,405439614.8800,2.107600,-0.495000
2022-02-10,5.1028085300,5.2216759500,5.0858274700,5.2216759500,62873553,382437506.6300,1.971700,1.990000
2022-02-11,5.1792233000,5.2726191300,5.1537517100,5.1622422400,60492804,371036129.8200,1.897100,-1.138200
2022-02-14,5.1028085300,5.1282801200,4.9754505800,5.0094127000,56455898,335829676.6000,1.770500,-2.960500
2022-02-15,4.9669600500,5.0348842900,4.9245074000,4.9754505800,38536919,225577814.8700,1.208500,-0.678000
2022-02-16,5.0179032300,5.1282801200,5.0179032300,5.0688464100,50494155,302103155.9600,1.583500,1.877100
2022-02-17,5.0773369400,5.1197895900,4.9839411100,5.0348842900,45390241,270374354.4400,1.423500,-0.670000
2022-02-18,5.0009221700,5.2471475400,4.9924316400,5.2301664800,105026082,640130736.2800,3.293700,3.878600
2022-02-21,5.2046948900,5.2811096600,5.1622422400,5.2386570100,66779619,410476685.2600,2.094200,0.162300
2022-02-22,5.1962043600,5.2386570100,5.0688464100,5.1028085300,67714131,409674857.4600,2.123600,-2.593200
2022-02-23,5.0943180000,5.1452611800,5.0348842900,5.0688464100,46579907,278039973.1900,1.460800,-0.665600
2022-02-24,5.0518653500,5.0518653500,4.7971494500,4.8820547500,91648218,531451125.6600,2.874100,-3.685100
2022-02-25,4.8820547500,5.1282801200,4.8820547500,4.9839411100,97854135,579861725.1500,3.068800,2.087000
2022-02-28,5.0094127000,5.0773369400,4.9584695200,5.0263937600,43653197,257567947.0000,1.369000,0.851800
2022-03-01,5.0603558800,5.2811096600,5.0518653500,5.1622422400,108427688,662692752.0000,3.400300,2.702700
2022-03-02,5.1282801200,5.2556380700,5.1197895900,5.1962043600,67923306,416231216.0000,2.130100,0.657900
2022-03-03,5.2301664800,5.4084676100,5.1962043600,5.3660149600,114957102,721635776.0000,3.605100,3.268000
2022-03-04,5.3235623100,5.4679013200,5.1962043600,5.3829960200,158504974,998335104.0000,4.970800,0.316500
2022-03-07,5.4339392000,5.6207308600,5.3065812500,5.3490339000,92394428,591298848.0000,2.897500,-0.630900
2022-03-08,5.3065812500,5.3320528400,5.1028085300,5.1282801200,73560128,450738096.0000,2.306900,-4.127000
2022-03-09,5.1282801200,5.1792233000,4.8056399800,5.0348842900,86688260,513496096.0000,2.718600,-1.821200
2022-03-10,5.0943180000,5.1197895900,4.9329979300,5.0263937600,71958237,427108880.0000,2.256600,-0.168600
2022-03-11,4.9839411100,5.0094127000,4.8311115700,5.0009221700,62109715,360882352.0000,1.947800,-0.506800
2022-03-14,4.9160168700,5.0433748200,4.8396021000,4.8480926300,51989611,302834944.0000,1.630400,-3.056000
2022-03-15,4.8056399800,4.8226210400,4.3641324200,4.3726229500,122781367,655475504.0000,3.850500,-9.807400
2022-03-16,4.4490377200,4.5169619600,4.2367744700,4.4829998400,77244481,399081104.0000,2.422400,2.524300
2022-03-17,4.5339430200,4.6528104400,4.5254524900,4.5763956700,66058150,357127792.0000,2.071600,2.083300
2022-03-18,4.5509240800,4.6867725600,4.5254524900,4.6613009700,46819915,255600352.5900,1.468300,1.855300
2022-03-21,4.6952630900,4.7122441500,4.5254524900,4.6188483200,62804528,341582813.5400,1.969600,-0.910700
2022-03-22,4.6103577900,4.7207346800,4.5763956700,4.7037536200,55442904,304704821.7200,1.738700,1.838200
2022-03-23,4.6952630900,4.7292252100,4.6103577900,4.6782820300,44830134,246608459.9400,1.405900,-0.541500
2022-03-24,4.6528104400,4.7886589200,4.6273388500,4.7122441500,63174184,350855033.9600,1.981200,0.726000
2022-03-25,4.7122441500,4.7716778600,4.6528104400,4.6528104400,52234895,289564256.0600,1.638100,-1.261300
2022-03-28,4.6358293800,4.7462062700,4.5594146100,4.7037536200,49217702,270723228.6800,1.543500,1.094900
2022-03-29,4.7037536200,4.7207346800,4.6103577900,4.6358293800,38367749,210554004.6900,1.203200,-1.444000
2022-03-30,4.6528104400,4.7716778600,4.6103577900,4.7546968000,67563082,374358258.6400,2.118800,2.564100
2022-03-31,4.7377157400,4.8565831600,4.7292252100,4.7971494500,60144615,340618934.8900,1.886200,0.892900
2022-04-01,4.7631873300,4.8396021000,4.7377157400,4.8396021000,54606639,308558413.2400,1.712500,0.885000
2022-04-06,4.8480926300,5.3235623100,4.8311115700,5.2556380700,154569489,927696105.8800,4.847400,8.596500
2022-04-07,5.1962043600,5.3490339000,5.1282801200,5.1452611800,153432866,945410575.5100,4.811700,-2.100200
2022-04-08,5.0943180000,5.2811096600,5.0433748200,5.2471475400,107934393,657034025.6000,3.384900,1.980200
2022-04-11,5.2131854200,5.2641286000,5.0773369400,5.1028085300,93622781,569707955.9700,2.936100,-2.750800
2022-04-12,5.0603558800,5.2471475400,5.0518653500,5.2131854200,94958567,578605724.2500,2.977900,2.163100
2022-04-13,5.1707327700,5.4424297300,5.1452611800,5.3235623100,112068053,700566887.1200,3.514500,2.117300
2022-04-14,5.3320528400,5.7311077500,5.2896001900,5.5612971500,140590628,909988245.1400,4.409000,4.465700
2022-04-15,5.5018634400,5.6971456300,5.4254486700,5.5867687400,158835155,1046154591.7500,4.981200,0.458000
2022-04-18,5.4424297300,5.6546929800,5.3999770800,5.5528066200,107309598,699082735.0300,3.365300,-0.607900
2022-04-19,5.5612971500,5.6971456300,5.4084676100,5.6971456300,119874884,783718793.7500,3.759300,2.599400
2022-04-20,5.6292213900,5.6546929800,5.2641286000,5.3235623100,123605790,793222624.4100,3.876300,-6.557400
2022-04-21,5.2726191300,5.2896001900,4.9669600500,5.0094127000,112136812,675332072.7200,3.516700,-5.901100
2022-04-22,4.9329979300,5.0433748200,4.8226210400,4.9754505800,70959238,412818995.1700,2.225300,-0.678000
2022-04-25,4.9584695200,4.9584695200,4.5848862000,4.6018672600,95050332,532588052.9100,2.980800,-7.508500
2022-04-26,4.6697915000,4.7716778600,4.5679051400,4.5933767300,78514855,431673379.2400,2.462300,-0.184500
2022-04-27,4.5679051400,4.6952630900,4.4575282500,4.6867725600,118054158,637716703.7200,3.702200,2.033300
2022-04-28,4.6358293800,4.6952630900,4.5509240800,4.6358293800,88254793,480135398.8900,2.767700,-1.087000
2022-04-29,4.7801683900,4.9414884600,4.7801683900,4.8735642200,102366002,586248355.2200,3.210300,5.128200
2022-05-05,4.9075263400,4.9754505800,4.8480926300,4.9160168700,69192681,401111665.8900,2.169900,0.871100
2022-05-06,4.7971494500,4.8056399800,4.6443199100,4.7122441500,75979954,423230249.4600,2.382800,-4.145100
2022-05-09,4.6613009700,4.7292252100,4.6358293800,4.7037536200,50929260,281880117.8000,1.597200,-0.180200
2022-05-10,4.6103577900,4.7122441500,4.5339430200,4.6867725600,77843556,425046933.0500,2.441200,-0.361000
2022-05-11,4.7037536200,4.8735642200,4.6782820300,4.7631873300,87394140,491268130.5600,2.740700,1.630400
2022-05-12,4.7377157400,4.7716778600,4.6443199100,4.7037536200,57456415,318585376.0100,1.801900,-1.247800
2022-05-13,4.7122441500,4.7971494500,4.7037536200,4.7631873300,50995275,286003398.1000,1.599200,1.263500
2022-05-16,4.8056399800,4.9075263400,4.7631873300,4.8650736900,68664770,390193106.3600,2.153400,2.139000
2022-05-17,4.8480926300,4.8820547500,4.7886589200,4.8735642200,44930385,256290037.0000,1.409000,0.174500
2022-05-18,4.8735642200,4.8735642200,4.8141305100,4.8396021000,43232087,246600464.7400,1.355800,-0.696900
2022-05-19,4.7546968000,4.7716778600,4.6697915000,4.7631873300,50855580,282721150.1700,1.594900,-1.578900
2022-05-20,4.7716778600,4.8735642200,4.7631873300,4.8735642200,63782799,362830924.6800,2.000300,2.317300
2022-05-23,4.8990358100,4.9839411100,4.8820547500,4.9075263400,58109835,336808791.5000,1.822400,0.696900
2022-05-24,4.8990358100,4.8990358100,4.6782820300,4.6782820300,86604046,488920006.7500,2.715900,-4.671300
2022-05-25,4.6867725600,4.7716778600,4.6697915000,4.7546968000,49283806,274371610.4300,1.545600,1.633400
2022-05-26,4.7462062700,4.8480926300,4.6867725600,4.8226210400,57551783,323742999.2800,1.804900,1.428600
2022-05-27,4.8311115700,4.8735642200,4.7631873300,4.8396021000,45273658,257674842.0700,1.419800,0.352100
2022-05-30,4.8650736900,4.9075263400,4.7716778600,4.7886589200,50112871,284669817.8600,1.571600,-1.052600
2022-05-31,4.7801683900,4.7971494500,4.7462062700,4.7886589200,48189771,270652861.3500,1.511300,0.000000
2022-06-01,4.7971494500,4.8141305100,4.7546968000,4.7886589200,42817700,241347419.2900,1.342800,0.000000
2022-06-02,4.7801683900,4.8990358100,4.7716778600,4.8820547500,92155482,527478884.9900,2.890000,1.950400
2022-06-06,4.8565831600,4.9329979300,4.8226210400,4.9329979300,71792143,412226071.6400,2.251400,1.043500
2022-06-07,4.9160168700,4.9414884600,4.8480926300,4.8905452800,62246481,358906486.9100,1.952100,-0.860600
2022-06-08,4.8905452800,4.9329979300,4.8311115700,4.9245074000,67556159,389135485.1400,2.118600,0.694400
2022-06-09,4.9075263400,4.9669600500,4.8905452800,4.9329979300,59925436,347739372.0400,1.879300,0.172400
2022-06-10,4.9075263400,4.9499789900,4.8735642200,4.9329979300,55474510,321305449.5400,1.739700,0.000000
2022-06-13,4.8905452800,4.9160168700,4.7631873300,4.7971494500,89631695,509906549.3000,2.810900,-2.753900
2022-06-14,4.7546968000,4.8480926300,4.6782820300,4.8396021000,75301833,421554452.6800,2.361500,0.885000
2022-06-15,4.8735642200,5.1282801200,4.8735642200,5.0433748200,164819392,972994547.4500,5.168800,4.210500
2022-06-16,5.0518653500,5.1028085300,4.9075263400,4.9245074000,106470125,622473367.5100,3.339000,-2.356900
2022-06-17,4.8735642200,4.9075263400,4.8226210400,4.8650736900,97261825,556124470.6600,3.050200,-1.206900
2022-06-20,4.8311115700,4.8905452800,4.7207346800,4.8396021000,121576436,688463713.4500,3.812700,-0.523600
2022-06-21,4.8488893200,4.9232018000,4.8117330800,4.8674674400,91549089,478535137.2700,2.871000,0.575800
2022-06-22,4.8488893200,4.8674674400,4.7745768400,4.7838659000,54911925,284520427.0500,1.722100,-1.717600
2022-06-23,4.8024440200,4.8210221400,4.7374206000,4.8117330800,38133890,196108113.0400,1.195900,0.582500
2022-06-24,4.7931549600,4.8024440200,4.7652877800,4.7652877800,48529780,249579505.9300,1.521900,-0.965300
2022-06-27,4.7745768400,4.7931549600,4.7281315400,4.7467096600,55122595,282662130.8800,1.728700,-0.389900
2022-06-28,4.7467096600,4.8117330800,4.7281315400,4.8024440200,41670840,214399223.0800,1.306800,1.174200
2022-06-29,4.7931549600,4.8396002600,4.7559987200,4.7559987200,55897145,288522097.0200,1.753000,-0.967100
2022-06-30,4.7559987200,4.7745768400,4.6538190600,4.6816862400,94458433,480310750.8700,2.962300,-1.562500
2022-07-01,4.6909753000,4.7002643600,4.6445300000,4.6909753000,74003698,372152117.5300,2.320800,0.198400
2022-07-04,4.6631081200,4.6723971800,4.6445300000,4.6538190600,50336144,252238752.4000,1.578600,-0.792100
2022-07-05,4.6538190600,4.7838659000,4.6445300000,4.7281315400,93229113,474505729.9700,2.923700,1.596800
2022-07-06,4.7095534200,4.7188424800,4.6259518800,4.6538190600,59351232,297028765.4700,1.861300,-1.571700
2022-07-07,4.6445300000,4.6723971800,4.6352409400,4.6445300000,28584432,143126374.0200,0.896400,-0.199600
2022-07-08,4.6445300000,4.6631081200,4.6166628200,4.6166628200,50254510,250677240.2300,1.576000,-0.600000
2022-07-11,4.5980847000,4.5980847000,4.4773269200,4.5051941000,53117211,258104367.7700,1.665800,-2.414500
2022-07-12,4.4866159800,4.5423503400,4.4773269200,4.4959050400,29718147,144373319.7800,0.932000,-0.206200
2022-07-13,4.4773269200,4.5144831600,4.4494597400,4.4773269200,39032367,187910526.9600,1.224100,-0.413200
2022-07-14,4.4680378600,4.4680378600,4.3658582000,4.3844363200,40178950,190228674.8700,1.260000,-2.074700
2022-07-15,4.3472800800,4.3565691400,4.1893660600,4.1893660600,74798440,343927620.5700,2.345700,-4.449200
2022-07-18,4.2079441800,4.2822566600,4.2079441800,4.2636785400,50933566,233336968.9600,1.597300,1.773800
2022-07-19,4.2822566600,4.2915457200,4.1986551200,4.2451004200,44930978,205158690.6800,1.409100,-0.435700
2022-07-20,4.2729676000,4.3379910200,4.2543894800,4.2729676000,44117326,203990315.8900,1.383500,0.656500
2022-07-21,4.2636785400,4.2729676000,4.2265223000,4.2358113600,31580573,144361770.4100,0.990400,-0.869600
2022-07-22,4.2358113600,4.2451004200,4.1429207600,4.1800770000,49897040,225313335.8000,1.564800,-1.315800
2022-07-25,4.1707879400,4.1893660600,4.1150535800,4.1243426400,34545717,154336790.3000,1.083400,-1.333300
2022-07-26,4.1243426400,4.1800770000,4.1150535800,4.1800770000,27441687,122845029.6300,0.860600,1.351400
2022-07-27,4.1614988800,4.1893660600,4.1429207600,4.1614988800,26922496,120624532.3800,0.844300,-0.444400
2022-07-28,4.1893660600,4.1986551200,4.1614988800,4.1986551200,30280675,136493274.2500,0.949600,0.892900
2022-07-29,4.1986551200,4.2358113600,4.1522098200,4.1707879400,37800109,170704338.3400,1.185400,-0.663700
2022-08-01,4.1800770000,4.2172332400,4.1614988800,4.2172332400,33229842,150111255.9000,1.042100,1.113600
2022-08-02,4.1893660600,4.1986551200,4.0407411000,4.1150535800,60104730,265528400.4000,1.884900,-2.422900
2022-08-03,4.1243426400,4.1614988800,4.0593192200,4.0778973400,38938933,172721437.7300,1.221100,-0.902900
2022-08-04,4.0964754600,4.1150535800,4.0407411000,4.0871864000,24804747,108720763.0000,0.777900,0.227800
2022-08-05,4.0871864000,4.1800770000,4.0686082800,4.1707879400,33722430,149722484.0000,1.057600,2.045500
2022-08-08,4.1614988800,4.2451004200,4.1429207600,4.2451004200,32712990,148627469.0000,1.025900,1.781700
2022-08-09,4.2358113600,4.2451004200,4.1986551200,4.2358113600,34023463,154753898.0000,1.067000,-0.218800
2022-08-10,4.2358113600,4.2451004200,4.1986551200,4.2172332400,27749999,126082415.0000,0.870300,-0.438600
2022-08-11,4.2265223000,4.2915457200,4.2172332400,4.2915457200,34982377,160754224.0000,1.097100,1.762100
2022-08-12,4.3008347800,4.3472800800,4.2729676000,4.3287019600,29330289,136329467.0000,0.919800,0.865800
2022-08-15,4.3379910200,4.3844363200,4.3194129000,4.3751472600,33841972,158699622.8700,1.061300,1.073000
2022-08-16,4.3658582000,4.3937253800,4.3287019600,4.3565691400,30664769,143744623.3000,0.961700,-0.424600
2022-08-17,4.3658582000,4.3751472600,4.3101238400,4.3565691400,30020278,140305143.4100,0.941500,0.000000
2022-08-18,4.3287019600,4.3379910200,4.2822566600,4.2915457200,25757520,119333232.4000,0.807800,-1.492500
2022-08-19,4.2915457200,4.3472800800,4.2729676000,4.3101238400,27913993,129600876.8500,0.875400,0.432900
2022-08-22,4.3008347800,4.3379910200,4.2822566600,4.3379910200,26651396,123836473.9500,0.835800,0.646600
2022-08-23,4.2729676000,4.2729676000,4.1893660600,4.2079441800,72958194,331901500.4300,2.288000,-2.997900
2022-08-24,4.2265223000,4.2358113600,4.0686082800,4.0778973400,69191576,307861921.2700,2.169900,-3.090500
2022-08-25,4.0871864000,4.1150535800,4.0407411000,4.1150535800,51756925,227378598.7600,1.623100,0.911200
2022-08-26,4.1150535800,4.1150535800,4.0686082800,4.0778973400,30678513,135091962.3700,0.962100,-0.902900
2022-08-29,4.0314520400,4.0593192200,3.9850067400,4.0500301600,43716471,188926428.3100,1.371000,-0.683400
2022-08-30,4.0314520400,4.0778973400,4.0128739200,4.0314520400,31239903,135808128.6700,0.979700,-0.458700
2022-08-31,4.0035848600,4.0221629800,3.9571395600,3.9664286200,42959150,184200898.3600,1.347200,-1.612900
2022-09-01,3.9571395600,4.0035848600,3.9478505000,3.9571395600,32403839,138567376.4300,1.016200,-0.234200
2022-09-02,3.9664286200,3.9664286200,3.8642489600,3.8921161400,40158758,169209058.2000,1.259400,-1.643200
2022-09-05,3.8828270800,3.9571395600,3.8642489600,3.9478505000,41249001,173746699.0200,1.293600,1.432000
2022-09-06,3.9478505000,4.0035848600,3.9385614400,3.9850067400,37984458,162873973.8800,1.191200,0.941200
2022-09-07,3.9757176800,3.9757176800,3.9385614400,3.9664286200,33933689,144412971.2200,1.064200,-0.466200
2022-09-08,3.9757176800,4.0128739200,3.9385614400,3.9850067400,43243813,185204233.6800,1.356100,0.468400
2022-09-09,3.9757176800,4.0314520400,3.9664286200,4.0221629800,33215877,143316503.5500,1.041700,0.932400
2022-09-13,4.0314520400,4.0314520400,3.9664286200,3.9757176800,33431000,144084020.0000,1.048400,-1.154700
2022-09-14,3.9106942600,3.9571395600,3.9014052000,3.9292723800,27853367,117846935.0700,0.873500,-1.168200
2022-09-15,3.9478505000,3.9942958000,3.8921161400,3.9292723800,36529318,155375284.2900,1.145600,0.000000
2022-09-16,3.9385614400,3.9478505000,3.7899364800,3.7899364800,46419036,192250379.8400,1.455700,-3.546100
2022-09-19,3.7806474200,3.7899364800,3.7156240000,3.7156240000,26460431,106563377.2400,0.829800,-1.960800
2022-09-20,3.7342021200,3.7620693000,3.6970458800,3.7063349400,24259101,97278511.1100,0.760800,-0.250000
2022-09-21,3.6970458800,3.8270927200,3.6413115200,3.7992255400,49606868,199296597.9900,1.555700,2.506300
2022-09-22,3.7992255400,3.8456708400,3.7620693000,3.7713583600,38615266,157975816.9600,1.211000,-0.733500
2022-09-23,3.7899364800,3.8178036600,3.7249130600,3.7434911800,26630753,107940663.6300,0.835200,-0.738900
2022-09-26,3.7249130600,3.7342021200,3.6134443400,3.6134443400,48432577,190707312.8900,1.518900,-3.473900
2022-09-27,3.6134443400,3.6877568200,3.5762881000,3.6784677600,32282085,126190600.9700,1.012400,1.799500
2022-09-28,3.6598896400,3.6691787000,3.6134443400,3.6227334000,25193856,98691612.1200,0.790100,-1.515200
2022-09-29,3.6506005800,3.6877568200,3.5391318600,3.5577099800,32359710,125662170.0000,1.014800,-1.794900
2022-09-30,3.5484209200,3.6134443400,3.5391318600,3.5762881000,28793407,111172635.9500,0.903000,0.522200
2022-10-10,3.5855771600,3.6413115200,3.5669990400,3.5855771600,28913128,112205935.8000,0.906700,0.259700
2022-10-11,3.5762881000,3.6134443400,3.5205537400,3.6041552800,27681961,106483702.0700,0.868100,0.518100
2022-10-12,3.5948662200,3.6506005800,3.5484209200,3.6506005800,32654488,126247418.1600,1.024100,1.288700
2022-10-13,3.6320224600,3.6320224600,3.5855771600,3.6134443400,25969164,100922689.6200,0.814400,-1.017800
2022-10-14,3.6320224600,3.6784677600,3.6227334000,3.6691787000,29865696,117591034.2400,0.936600,1.542400
2022-10-17,3.6413115200,3.7063349400,3.6320224600,3.6970458800,28511572,112918450.6800,0.894100,0.759500
2022-10-18,3.7063349400,3.7063349400,3.6506005800,3.6598896400,23773350,94099545.0000,0.745500,-1.005000
2022-10-19,3.6598896400,3.6691787000,3.6134443400,3.6134443400,24368100,95336462.0000,0.764200,-1.269000
2022-10-20,3.6041552800,3.6413115200,3.5855771600,3.6041552800,23538384,91540630.9200,0.738200,-0.257100
2022-10-21,3.6227334000,3.6506005800,3.5855771600,3.6041552800,19631733,76506265.6600,0.615700,0.000000
2022-10-24,3.6227334000,3.6413115200,3.5112646800,3.5298428000,32907900,126574236.0000,1.032000,-2.061900
2022-10-25,3.5112646800,3.5391318600,3.4648193800,3.5019756200,25505148,96079741.8400,0.799900,-0.789500
2022-10-26,3.4926865600,3.5484209200,3.4926865600,3.5019756200,27279865,103190699.4200,0.855500,0.000000
2022-10-27,3.5112646800,3.5391318600,3.4926865600,3.5112646800,21456124,81193888.7200,0.672900,0.265300
2022-10-28,3.4926865600,3.5019756200,3.3161944200,3.3347725400,44048451,160917314.7600,1.381400,-5.026500
2022-10-31,3.2790381800,3.3440616000,3.2604600600,3.3161944200,33630378,119671448.8100,1.054700,-0.557100
2022-11-01,3.3069053600,3.3812178400,3.2976163000,3.3719287800,31471789,113246830.4200,0.987000,1.680700
2022-11-02,3.3626397200,3.3905069000,3.3440616000,3.3719287800,24446167,88577823.6000,0.766600,0.000000
2022-11-03,3.3533506600,3.3719287800,3.3440616000,3.3719287800,23726155,85737923.3600,0.744100,0.000000
2022-11-04,3.3626397200,3.4369522000,3.3533506600,3.4369522000,30481727,111900049.2200,0.955900,1.928400
2022-11-07,3.4369522000,3.5112646800,3.4276631400,3.4833975000,38890343,145822131.5400,1.219600,1.351400
2022-11-08,3.4741084400,3.5205537400,3.4741084400,3.5019756200,23865760,89761421.1500,0.748400,0.533300
2022-11-09,3.5112646800,3.6041552800,3.5019756200,3.5948662200,48376352,186184061.7600,1.517100,2.652500
2022-11-10,3.5855771600,3.6598896400,3.5484209200,3.6413115200,52489617,204576380.2600,1.646100,1.292000
2022-11-11,3.7063349400,3.7342021200,3.6506005800,3.7249130600,53395967,212591622.6700,1.674500,2.295900
2022-11-14,3.7434911800,3.7899364800,3.6691787000,3.6877568200,48106996,192964302.5000,1.508700,-0.997500
2022-11-15,3.7063349400,3.7620693000,3.6784677600,3.7342021200,34872147,140171889.3400,1.093600,1.259400
2022-11-16,3.7342021200,3.7342021200,3.7063349400,3.7156240000,22908598,91830307.4400,0.718400,-0.497500
2022-11-17,3.7063349400,3.7620693000,3.6970458800,3.7527802400,32005291,128700671.7900,1.003700,1.000000
2022-11-18,3.7620693000,3.7620693000,3.7249130600,3.7342021200,23040234,92771499.6800,0.722600,-0.495000
2022-11-21,3.7156240000,3.7434911800,3.6877568200,3.7249130600,22977024,91826290.4100,0.720600,-0.248800
2022-11-22,3.7342021200,3.8085146000,3.7249130600,3.7992255400,42888850,174396382.0800,1.345000,1.995000
2022-11-23,3.7806474200,3.8549599000,3.7806474200,3.8085146000,40541822,166636648.6700,1.271400,0.244500
2022-11-24,3.8270927200,3.8735380200,3.8178036600,3.8642489600,33361023,138161077.9800,1.046200,1.463400
2022-11-25,3.8735380200,3.9757176800,3.8549599000,3.9664286200,53229982,225663691.6600,1.669300,2.644200
2022-11-28,3.9664286200,3.9664286200,3.8735380200,3.9292723800,43253327,182609819.6800,1.356400,-0.936800
2022-11-29,3.9478505000,4.0314520400,3.9385614400,4.0314520400,45412205,195633148.4200,1.424200,2.600500
2022-11-30,4.0314520400,4.0686082800,3.9942958000,4.0035848600,29881200,129382756.0000,0.937100,-0.691200
2022-12-01,4.0314520400,4.0500301600,3.9757176800,4.0035848600,33704110,145313714.8000,1.057000,0.000000
2022-12-02,4.0035848600,4.0128739200,3.9664286200,3.9942958000,28178652,121141477.3000,0.883700,-0.232000
2022-12-05,4.0314520400,4.2079441800,4.0128739200,4.1614988800,61516204,273254832.5500,1.929200,4.186000
2022-12-06,4.1336317000,4.1893660600,4.1150535800,4.1614988800,36481269,163052385.7400,1.144100,0.000000
2022-12-07,4.1429207600,4.1614988800,4.1057645200,4.1243426400,48086190,213769557.2000,1.508000,-0.892900
2022-12-08,4.1243426400,4.2079441800,4.1150535800,4.1707879400,48856112,219458971.8900,1.532200,1.126100
2022-12-09,4.1707879400,4.2172332400,4.0407411000,4.0407411000,109633596,488829907.0800,3.438200,-3.118000
2022-12-12,4.0964754600,4.1429207600,4.0035848600,4.0128739200,77740570,341416395.2700,2.438000,-0.689700
2022-12-13,4.0221629800,4.0871864000,4.0128739200,4.0593192200,41208809,180207927.0300,1.292300,1.157400
2022-12-14,4.0500301600,4.0593192200,3.9664286200,3.9850067400,37419520,161251961.5200,1.173500,-1.830700
2022-12-15,3.9942958000,4.0221629800,3.9199833200,3.9199833200,27413300,116532317.0000,0.859700,-1.631700
2022-12-16,3.9106942600,4.1150535800,3.9014052000,4.0221629800,58097030,252240716.8300,1.822000,2.606600
2022-12-19,4.0035848600,4.0407411000,3.8921161400,3.9106942600,36091300,153485069.0000,1.131800,-2.771400
2022-12-20,3.9014052000,3.9757176800,3.8828270800,3.9106942600,23701733,100341741.2700,0.743300,0.000000
2022-12-21,3.9199833200,3.9478505000,3.8642489600,3.8828270800,18949100,79564906.0000,0.594300,-0.712600
2022-12-22,3.9106942600,3.9850067400,3.7899364800,3.8085146000,32337366,135197105.8400,1.014100,-1.913900
2022-12-23,3.7992255400,3.8456708400,3.7806474200,3.7992255400,17387240,71296588.2000,0.545300,-0.243900
2022-12-26,3.7992255400,3.8085146000,3.7342021200,3.7992255400,20327693,82668542.5100,0.637500,0.000000
2022-12-27,3.8178036600,3.8735380200,3.8178036600,3.8549599000,21200339,87869747.5000,0.664900,1.467000
2022-12-28,3.8549599000,3.8828270800,3.8178036600,3.8642489600,24289254,100827957.6400,0.761700,0.241000
2022-12-29,3.8549599000,3.8549599000,3.7713583600,3.7899364800,20102600,82371948.0000,0.630400,-1.923100
2022-12-30,3.8085146000,3.8178036600,3.7620693000,3.7992255400,15580640,63532422.2000,0.488600,0.245100
2023-01-03,3.7713583600,3.8085146000,3.7713583600,3.7992255400,20652886,84380107.8300,0.647700,0.000000
2023-01-04,3.7992255400,3.8363817800,3.7806474200,3.8085146000,23455373,96206554.9100,0.735600,0.244500
2023-01-05,3.8085146000,3.8270927200,3.7806474200,3.7899364800,22873681,93569390.8000,0.717300,-0.487800
2023-01-06,3.7899364800,3.8270927200,3.7806474200,3.7992255400,24146530,98910613.8000,0.757200,0.245100
2023-01-09,3.8085146000,3.8363817800,3.7992255400,3.7992255400,22410257,91916835.0500,0.702800,0.000000
2023-01-10,3.7992255400,3.8085146000,3.7342021200,3.7434911800,27157514,109821897.4200,0.851700,-1.467000
2023-01-11,3.7434911800,3.8085146000,3.7434911800,3.7806474200,24739901,100840937.0600,0.775900,0.992600
2023-01-12,3.7899364800,3.7899364800,3.7249130600,3.7342021200,23998581,96861798.4700,0.752600,-1.228500
2023-01-13,3.7342021200,3.7713583600,3.7342021200,3.7527802400,14263782,57530372.3900,0.447300,0.497500
2023-01-16,3.7620693000,3.8270927200,3.7527802400,3.7992255400,25096260,102486633.6700,0.787000,1.237600
2023-01-17,3.8085146000,3.8178036600,3.7899364800,3.7992255400,15439805,63188377.4000,0.484200,0.000000
2023-01-18,3.8085146000,3.8549599000,3.7992255400,3.8363817800,22534303,92758231.8400,0.706700,0.978000
2023-01-19,3.8363817800,3.8642489600,3.7992255400,3.8549599000,23648700,97498496.0000,0.741600,0.484300
2023-01-20,3.8642489600,3.9292723800,3.8642489600,3.9292723800,23644100,99348737.0000,0.741500,1.927700
2023-01-30,3.9757176800,4.0128739200,3.9478505000,3.9664286200,41119400,176424153.0000,1.289500,0.945600
2023-01-31,3.8921161400,3.9385614400,3.8828270800,3.9292723800,31103696,131146606.1200,0.975400,-0.936800
2023-02-01,3.9478505000,3.9850067400,3.9199833200,3.9757176800,26701800,113908000.0000,0.837400,1.182000
2023-02-02,3.9664286200,3.9757176800,3.9199833200,3.9292723800,32947975,139689413.2500,1.033300,-1.168200
2023-02-03,3.9199833200,3.9292723800,3.8456708400,3.8735380200,38151963,158865982.1800,1.196500,-1.418400
2023-02-06,3.8549599000,3.8642489600,3.8270927200,3.8549599000,23401108,96956493.0100,0.733900,-0.479600
2023-02-07,3.8456708400,3.9106942600,3.8456708400,3.8921161400,23128243,96629711.2100,0.725300,0.963900
2023-02-08,3.8921161400,3.9106942600,3.8642489600,3.8642489600,18399464,76821038.2400,0.577000,-0.716000
2023-02-09,3.8549599000,3.9014052000,3.8549599000,3.8828270800,20743000,86710793.0000,0.650500,0.480800
2023-02-10,3.8828270800,3.9014052000,3.8642489600,3.8828270800,18332911,76588575.9800,0.574900,0.000000
2023-02-13,3.8828270800,3.9385614400,3.8735380200,3.9106942600,22658572,95233176.0900,0.710600,0.717700
2023-02-14,3.9106942600,3.9850067400,3.9106942600,3.9757176800,38204398,162892474.5000,1.198100,1.662700
2023-02-15,3.9757176800,3.9850067400,3.9292723800,3.9385614400,24882241,105635881.6600,0.780300,-0.934600
2023-02-16,3.9478505000,3.9850067400,3.8828270800,3.9014052000,30192906,128155136.5000,0.946900,-0.943400
2023-02-17,3.9106942600,3.9664286200,3.9014052000,3.9106942600,28036870,118504779.0900,0.879300,0.238100
2023-02-20,3.9292723800,4.0407411000,3.9199833200,4.0314520400,55669131,240310008.5000,1.745800,3.087900
2023-02-21,4.0593192200,4.1800770000,4.0314520400,4.1243426400,77758475,345249511.0000,2.438500,2.304100
2023-02-22,4.1057645200,4.2079441800,4.0964754600,4.1986551200,77610072,348299943.5300,2.433900,1.801800
2023-02-23,4.1986551200,4.2636785400,4.1893660600,4.2543894800,72523229,330784191.8500,2.274400,1.327400
2023-02-24,4.2543894800,4.3008347800,4.2079441800,4.2636785400,57580212,263506746.5100,1.805700,0.218300
2023-02-27,4.2636785400,4.3101238400,4.2079441800,4.2358113600,48454564,222427271.1200,1.519600,-0.653600
2023-02-28,4.2358113600,4.2543894800,4.1800770000,4.2358113600,35926616,162903345.9000,1.126700,0.000000
2023-03-01,4.2451004200,4.2636785400,4.2265223000,4.2451004200,35898875,164003322.5200,1.125800,0.219300
2023-03-02,4.2451004200,4.3751472600,4.2172332400,4.3472800800,68381979,318584039.3400,2.144500,2.407000
2023-03-03,4.3472800800,4.3751472600,4.3008347800,4.3565691400,31388610,146872407.1200,0.984400,0.213700
2023-03-06,4.3658582000,4.4030144400,4.3194129000,4.3472800800,36910081,173228606.4800,1.157500,-0.213200
2023-03-07,4.3472800800,4.4030144400,4.3101238400,4.3194129000,34191309,160475428.1300,1.072300,-0.641000
2023-03-08,4.3101238400,4.3472800800,4.2915457200,4.3194129000,25621400,119170987.0000,0.803500,0.000000
2023-03-09,4.3194129000,4.3565691400,4.2915457200,4.3194129000,36494400,169723514.0000,1.144500,0.000000
2023-03-10,4.3101238400,4.3194129000,4.2079441800,4.2265223000,45120667,206857500.4000,1.415000,-2.150500
2023-03-13,4.2079441800,4.2636785400,4.1986551200,4.2451004200,34468898,157183562.6200,1.081000,0.439600
2023-03-14,4.2451004200,4.3101238400,4.1893660600,4.2079441800,33057847,150916012.7900,1.036700,-0.875300
2023-03-15,4.2265223000,4.3472800800,4.1986551200,4.3194129000,53889654,248687879.8200,1.690000,2.649000
2023-03-16,4.2822566600,4.2822566600,4.1707879400,4.1800770000,50913857,230927956.5000,1.596700,-3.225800
2023-03-17,4.1986551200,4.2265223000,4.1614988800,4.1707879400,36564200,165052874.1700,1.146700,-0.222200
2023-03-20,4.1800770000,4.1893660600,4.0686082800,4.0778973400,55724726,246322981.7300,1.747600,-2.227200
2023-03-21,4.1057645200,4.1150535800,4.0035848600,4.0407411000,37325900,161928104.0000,1.170600,-0.911200
2023-03-22,4.0407411000,4.0686082800,4.0128739200,4.0221629800,27070082,117503227.2400,0.848900,-0.459800
2023-03-23,4.0128739200,4.0314520400,3.9850067400,4.0035848600,29938982,128989054.0600,0.938900,-0.461900
2023-03-24,4.0128739200,4.0221629800,3.9757176800,3.9850067400,27929502,120167619.6000,0.875900,-0.464000
2023-03-27,3.9757176800,3.9850067400,3.9014052000,3.9014052000,40574066,171459997.8600,1.272400,-2.097900
2023-03-28,3.9199833200,3.9292723800,3.8642489600,3.8735380200,31611402,132253780.4000,0.991300,-0.714300
2023-03-29,3.8828270800,3.8921161400,3.8270927200,3.8363817800,33666600,139466508.0000,1.055800,-0.959200
2023-03-30,3.8456708400,3.8642489600,3.8085146000,3.8549599000,33787184,139535620.4600,1.059600,0.484300
2023-03-31,3.8642489600,3.9478505000,3.8549599000,3.9014052000,34710089,146145202.0300,1.088500,1.204800
2023-04-03,3.9014052000,3.9199833200,3.8735380200,3.8921161400,23803700,99782257.0000,0.746500,-0.238100
2023-04-04,3.8921161400,3.9385614400,3.8735380200,3.9199833200,25044823,105369727.2800,0.785400,0.716000
2023-04-06,3.9106942600,3.9292723800,3.8828270800,3.9106942600,16237711,68303806.2000,0.509200,-0.237000
2023-04-07,3.9014052000,3.9199833200,3.8828270800,3.9106942600,20195596,84917894.2000,0.633300,0.000000
2023-04-10,3.9014052000,3.9199833200,3.8549599000,3.8735380200,22026266,92048949.5600,0.690800,-0.950100
2023-04-11,3.8642489600,3.9292723800,3.8270927200,3.9106942600,33801523,141324368.3500,1.060000,0.959200
2023-04-12,3.9199833200,4.0778973400,3.9106942600,4.0686082800,64560505,279539974.4100,2.024700,4.038000
2023-04-13,4.0500301600,4.0593192200,3.9850067400,3.9942958000,33144800,143198185.0000,1.039400,-1.826500
2023-04-14,4.0035848600,4.0593192200,4.0035848600,4.0314520400,27170060,117929414.4000,0.852100,0.930200
2023-04-17,4.0314520400,4.0778973400,4.0035848600,4.0778973400,26224182,114235950.2400,0.822400,1.152100
2023-04-18,3.9942958000,3.9942958000,3.8921161400,3.9478505000,83069153,351979096.7800,2.605100,-3.189100
2023-04-19,3.9292723800,3.9850067400,3.9199833200,3.9478505000,37031247,157691625.9500,1.161300,0.000000
2023-04-20,3.9385614400,3.9664286200,3.8642489600,3.9292723800,35851675,151025508.9500,1.124300,-0.470600
2023-04-21,3.9199833200,3.9478505000,3.8549599000,3.8549599000,26208249,109846211.0900,0.821900,-1.891300
2023-04-24,3.8270927200,3.8363817800,3.7063349400,3.7249130600,50834030,205431651.7100,1.594200,-3.373500
2023-04-25,3.7249130600,3.7527802400,3.5762881000,3.6041552800,52397365,205613007.8700,1.643200,-3.241900
2023-04-26,3.6227334000,3.6691787000,3.6041552800,3.6506005800,28957404,113663506.7600,0.908100,1.288700
2023-04-27,3.6506005800,3.6598896400,3.6134443400,3.6134443400,27038892,105519615.0100,0.848000,-1.017800
2023-04-28,3.6134443400,3.7063349400,3.6041552800,3.6877568200,33575961,132580524.8800,1.053000,2.056600
2023-05-04,3.6877568200,3.7342021200,3.6320224600,3.6877568200,35094856,139342251.4100,1.100600,0.000000
2023-05-05,3.6784677600,3.7342021200,3.6227334000,3.6598896400,33325000,131465540.0000,1.045100,-0.755700
2023-05-08,3.6784677600,3.7899364800,3.6691787000,3.7806474200,46281553,187448690.0000,1.451400,3.299500
2023-05-09,3.7992255400,3.9199833200,3.7899364800,3.8363817800,64581223,268619586.8100,2.025300,1.474200
2023-05-10,3.8178036600,3.8642489600,3.7806474200,3.7899364800,33824713,138895791.5800,1.060800,-1.210700
2023-05-11,3.7806474200,3.8270927200,3.7620693000,3.7899364800,24043187,98217429.0200,0.754000,0.000000
2023-05-12,3.7899364800,3.8085146000,3.7342021200,3.7342021200,20859286,84486749.7200,0.654200,-1.470600
2023-05-15,3.7527802400,3.7620693000,3.6784677600,3.7527802400,21127428,84627900.0700,0.662600,0.497500
2023-05-16,3.7527802400,3.7527802400,3.6784677600,3.6877568200,23051376,91972277.4600,0.722900,-1.732700
2023-05-17,3.6784677600,3.7063349400,3.6598896400,3.6598896400,22715044,89795097.1100,0.712400,-0.755700
2023-05-18,3.6691787000,3.6877568200,3.6320224600,3.6506005800,25099093,98920707.5600,0.787100,-0.253800
2023-05-19,3.6506005800,3.6506005800,3.5855771600,3.5948662200,30749452,119328681.1500,0.964300,-1.526700
2023-05-22,3.6041552800,3.6227334000,3.5855771600,3.5948662200,21249538,82344382.3600,0.666400,0.000000
2023-05-23,3.5948662200,3.6041552800,3.5112646800,3.5112646800,45523783,173887193.8800,1.427600,-2.325600
2023-05-24,3.5112646800,3.5112646800,3.4369522000,3.4462412600,31619067,117738238.2400,0.991600,-1.851900
2023-05-25,3.4369522000,3.4555303200,3.3997959600,3.4462412600,22843015,84318277.3600,0.716400,0.000000
2023-05-26,3.4462412600,3.5484209200,3.4090850200,3.5298428000,30983995,116289179.1800,0.971700,2.425900
2023-05-29,3.5391318600,3.5762881000,3.5112646800,3.5391318600,23479500,89602316.0000,0.736300,0.263200
2023-05-30,3.5298428000,3.5577099800,3.4833975000,3.5391318600,15868899,60162422.2200,0.497700,0.000000
2023-05-31,3.5205537400,3.5298428000,3.4833975000,3.5019756200,19021122,71768844.9200,0.596500,-1.049900
2023-06-01,3.5019756200,3.5577099800,3.4926865600,3.5298428000,17418200,66168911.0000,0.546200,0.795800
2023-06-02,3.5298428000,3.5855771600,3.5205537400,3.5762881000,17776396,68245817.4300,0.557500,1.315800
2023-06-05,3.5948662200,3.6227334000,3.5577099800,3.5762881000,22113000,85511416.0000,0.693500,0.000000
2023-06-06,3.5855771600,3.5855771600,3.5391318600,3.5484209200,17768255,68084146.6500,0.557200,-0.779200
2023-06-07,3.5391318600,3.5669990400,3.5298428000,3.5391318600,15835100,60472292.0000,0.496600,-0.261800
2023-06-08,3.5484209200,3.5855771600,3.5298428000,3.5855771600,20925000,80192104.0000,0.656200,1.312300
2023-06-09,3.5855771600,3.6227334000,3.5669990400,3.6041552800,23501917,91164418.7400,0.737000,0.518100
2023-06-12,3.5948662200,3.6413115200,3.5855771600,3.6227334000,18709959,72921891.3500,0.586800,0.515500
2023-06-13,3.6227334000,3.6413115200,3.6041552800,3.6134443400,12051712,46991012.0500,0.377900,-0.256400
2023-06-14,3.6227334000,3.6320224600,3.5948662200,3.5948662200,12226800,47507228.0000,0.383400,-0.514100
2023-06-15,3.5948662200,3.6134443400,3.5669990400,3.6041552800,14105635,54493308.7500,0.442400,0.258400
2023-06-16,3.6041552800,3.6320224600,3.5948662200,3.6134443400,13364600,52048305.0000,0.419100,0.257700
2023-06-19,3.6134443400,3.6134443400,3.5762881000,3.5762881000,14560743,56244687.5500,0.456600,-1.028300
2023-06-20,3.5669990400,3.5762881000,3.5484209200,3.5484209200,11956822,45789612.2600,0.375000,-0.779200
2023-06-21,3.5484209200,3.5577099800,3.5112646800,3.5205537400,15132559,57545327.6900,0.474600,-0.785300
2023-06-26,3.5112646800,3.5112646800,3.4648193800,3.4741084400,15405968,57904908.3600,0.483100,-1.319300
2023-06-27,3.4833975000,3.5484209200,3.4741084400,3.5205537400,18378599,69556707.1700,0.576400,1.336900
2023-06-28,3.5396368000,3.5587184000,3.5014736000,3.5396368000,16412100,60772134.0000,0.514700,0.542000
2023-06-29,3.5396368000,3.5491776000,3.4919328000,3.5014736000,13089420,48163704.4000,0.410500,-1.078200
2023-06-30,3.4919328000,3.5491776000,3.4919328000,3.5396368000,11039063,40917205.0500,0.346200,1.089900
2023-07-03,3.5682592000,3.6064224000,3.5491776000,3.5968816000,13991725,52594392.5000,0.438800,1.617300
2023-07-04,3.6064224000,3.6159632000,3.5778000000,3.5968816000,10578405,39891910.0100,0.331700,0.000000
2023-07-05,3.5873408000,3.6255040000,3.5873408000,3.6255040000,12164445,46067094.3500,0.381500,0.795800
2023-07-06,3.6159632000,3.6159632000,3.5682592000,3.5873408000,9979900,37554218.0000,0.313000,-1.052600
2023-07-07,3.5873408000,3.6159632000,3.5778000000,3.5968816000,8556642,32271700.3400,0.268300,0.266000
2023-07-10,3.6064224000,3.6255040000,3.5873408000,3.6064224000,7535900,28468429.0000,0.236300,0.265300
2023-07-11,3.6159632000,3.6350448000,3.6064224000,3.6255040000,10838275,41086266.2200,0.339900,0.529100
2023-07-12,3.6255040000,3.6350448000,3.5968816000,3.6064224000,9506675,36015366.0000,0.298100,-0.526300
2023-07-13,3.6159632000,3.6636672000,3.6159632000,3.6636672000,13565555,51885290.6500,0.425400,1.587300
2023-07-14,3.6636672000,3.6827488000,3.6445856000,3.6541264000,11972100,45980566.0000,0.375500,-0.260400
2023-07-17,3.6445856000,3.6636672000,3.6159632000,3.6445856000,15607000,59406332.0700,0.489400,-0.261100
2023-07-18,3.6445856000,3.6732080000,3.6159632000,3.6636672000,13774130,52697098.0000,0.432000,0.523600
2023-07-19,3.6541264000,3.6922896000,3.6541264000,3.6827488000,10552105,40617730.2500,0.330900,0.520800
2023-07-20,3.6827488000,3.7209120000,3.6732080000,3.6827488000,17387952,67445501.4600,0.545300,0.000000
2023-07-21,3.6732080000,3.7113712000,3.6732080000,3.6922896000,10498800,40639589.0000,0.329200,0.259100
2023-07-24,3.7018304000,3.7113712000,3.6827488000,3.7018304000,10610600,41106684.0000,0.332800,0.258400
2023-07-25,3.7209120000,3.8449424000,3.7209120000,3.8354016000,47691790,190533879.5000,1.495600,3.608200
2023-07-26,3.8354016000,3.9117280000,3.8258608000,3.9021872000,35788653,145289948.2400,1.122400,1.741300
2023-07-27,3.8926464000,4.1693296000,3.8926464000,4.0930032000,149036574,637817175.8400,4.673900,4.890000
2023-07-28,4.0834624000,4.3219824000,4.0739216000,4.2551968000,166485131,740749616.1700,5.221100,3.962700
2023-07-31,4.3029008000,4.3506048000,4.1979520000,4.2170336000,80511422,358393718.7600,2.524900,-0.896900
2023-08-01,4.2265744000,4.4173904000,4.1979520000,4.2647376000,93921015,423774286.1000,2.945400,1.131200
2023-08-02,4.1979520000,4.2838192000,4.1693296000,4.2647376000,55146120,244447292.4000,1.729400,0.000000
2023-08-03,4.2265744000,4.2838192000,4.1979520000,4.2647376000,44523482,197805771.7800,1.396300,0.000000
2023-08-04,4.2933600000,4.3792272000,4.2361152000,4.2456560000,70602106,317125965.2400,2.214100,-0.447400
2023-08-07,4.2456560000,4.2551968000,4.1216256000,4.1502480000,61251917,267293069.4400,1.920900,-2.247200
2023-08-08,4.1502480000,4.1788704000,4.1025440000,4.1216256000,39314808,169888544.4600,1.232900,-0.689700
2023-08-09,4.1025440000,4.1311664000,4.0739216000,4.1120848000,40568156,174487137.8000,1.272200,-0.231500
2023-08-10,4.1120848000,4.1311664000,4.0643808000,4.0930032000,22776556,97702084.1000,0.714300,-0.464000
2023-08-11,4.0834624000,4.0930032000,3.9880544000,4.0166768000,41667484,175951668.5600,1.306700,-1.864800
2023-08-14,3.9785136000,4.0930032000,3.9594320000,4.0643808000,32094846,135813982.9200,1.006500,1.187600
2023-08-15,4.0643808000,4.0834624000,4.0071360000,4.0548400000,20719959,87893676.1600,0.649800,-0.234700
2023-08-16,4.0452992000,4.1311664000,4.0262176000,4.0930032000,34466771,147795316.8100,1.080900,0.941200
2023-08-17,4.0739216000,4.1216256000,4.0357584000,4.1025440000,23549739,100730473.3100,0.738500,0.233100
2023-08-18,4.0930032000,4.1884112000,4.0930032000,4.1025440000,28836843,125172221.9000,0.904300,0.000000
2023-08-21,4.1025440000,4.1311664000,4.0262176000,4.0357584000,20890659,89325697.8900,0.655100,-1.627900
2023-08-22,4.0548400000,4.0930032000,4.0071360000,4.0739216000,22580462,95885830.2400,0.708100,0.945600
2023-08-23,4.0930032000,4.1025440000,4.0262176000,4.0357584000,22681375,96680807.7500,0.711300,-0.936800
2023-08-24,4.0452992000,4.0930032000,3.9594320000,3.9785136000,29860606,125452682.6200,0.936400,-1.418400
2023-08-25,3.9689728000,4.0548400000,3.9308096000,4.0166768000,26230800,110245648.0000,0.822600,0.959200
2023-08-28,4.1884112000,4.2456560000,4.0452992000,4.0548400000,39800384,171745511.0500,1.248200,0.950100
2023-08-29,4.0548400000,4.0834624000,3.9689728000,3.9880544000,39665825,166575574.0000,1.243900,-1.647100
2023-08-30,3.9880544000,4.0166768000,3.9212688000,3.9308096000,25951033,107571597.9600,0.813800,-1.435400
2023-08-31,3.9308096000,3.9975952000,3.9021872000,3.9212688000,26008433,107334503.6300,0.815600,-0.242700
2023-09-01,3.9212688000,4.0834624000,3.9212688000,4.0452992000,47344034,200111174.5600,1.484700,3.163000
2023-09-04,4.0452992000,4.2074928000,4.0452992000,4.1502480000,55718300,241826533.0000,1.747400,2.594300
2023-09-05,4.1502480000,4.1693296000,4.0930032000,4.1407072000,32061749,138739951.1900,1.005500,-0.229900
2023-09-06,4.1216256000,4.1311664000,4.0548400000,4.0739216000,25717100,110004702.0000,0.806500,-1.612900
2023-09-07,4.0548400000,4.0739216000,3.9785136000,3.9880544000,26419600,111170866.0000,0.828500,-2.107700
2023-09-08,3.9785136000,3.9880544000,3.9308096000,3.9308096000,21852600,90445088.0000,0.685300,-1.435400
2023-09-11,3.9403504000,3.9785136000,3.9308096000,3.9689728000,20052608,83152405.5000,0.628900,0.970900
2023-09-12,3.9689728000,3.9880544000,3.9498912000,3.9594320000,19140602,79573698.3000,0.600300,-0.240400
2023-09-13,3.9594320000,4.0739216000,3.9498912000,3.9785136000,27956000,117511522.0000,0.876700,0.481900
2023-09-14,3.9880544000,4.0452992000,3.9689728000,4.0262176000,24529100,103217380.0000,0.769200,1.199000
2023-09-15,4.0357584000,4.0739216000,4.0071360000,4.0548400000,23642700,100272000.0000,0.741400,0.710900
2023-09-18,4.0452992000,4.0452992000,3.9785136000,4.0262176000,22780200,95624798.0000,0.714400,-0.705900
2023-09-19,4.0262176000,4.1120848000,4.0166768000,4.1025440000,43141600,184709312.0000,1.352900,1.895700
2023-09-20,4.0930032000,4.1025440000,4.0357584000,4.0834624000,26157994,111613292.5600,0.820300,-0.465100
2023-09-21,4.0739216000,4.0930032000,4.0166768000,4.0357584000,24267383,102973153.9200,0.761000,-1.168200
2023-09-22,4.0262176000,4.0643808000,3.9785136000,4.0357584000,32693000,137782536.2500,1.025300,0.000000
2023-09-25,4.0262176000,4.0834624000,4.0071360000,4.0071360000,34561102,146308214.8000,1.083900,-0.709200
2023-09-26,4.0071360000,4.0452992000,3.9689728000,3.9785136000,28242259,117980923.0300,0.885700,-0.714300
2023-09-27,3.9880544000,3.9975952000,3.8831056000,3.8926464000,37548274,154395620.9200,1.177500,-2.158300
2023-09-28,3.8926464000,3.9498912000,3.8926464000,3.9117280000,18426628,75764719.3000,0.577900,0.490200
2023-10-09,3.9117280000,3.9212688000,3.8544832000,3.9021872000,27250335,111020979.6800,0.854600,-0.243900
2023-10-10,3.9021872000,3.9212688000,3.8640240000,3.8831056000,22758300,92768318.0000,0.713700,-0.489000
2023-10-11,3.8926464000,3.9212688000,3.8544832000,3.8544832000,17009227,69344603.0800,0.540700,-0.737100
2023-10-12,3.8735648000,4.0739216000,3.8640240000,4.0643808000,51881900,216917959.6600,1.649300,5.445500
2023-10-13,4.0548400000,4.0548400000,3.9117280000,3.9212688000,34728000,143864024.0000,1.104000,-3.521100
2023-10-16,3.9021872000,3.9689728000,3.8640240000,3.9403504000,30032220,123094256.4000,0.954700,0.486600
2023-10-17,3.9498912000,4.0071360000,3.9117280000,3.9689728000,28867312,119587695.6800,0.917700,0.726400
2023-10-18,3.9403504000,3.9689728000,3.9021872000,3.9117280000,16166900,66504441.0000,0.513900,-1.442300
2023-10-19,3.8926464000,3.9117280000,3.8449424000,3.8640240000,20450143,83201516.4400,0.650100,-1.219500
2023-10-20,3.8354016000,3.8831056000,3.8163200000,3.8354016000,16815298,67777977.9800,0.534600,-0.740700
2023-10-23,3.8258608000,3.8258608000,3.6636672000,3.6827488000,42876375,167524075.0000,1.363000,-3.980100
2023-10-24,3.7018304000,3.7399936000,3.6636672000,3.7209120000,24929100,96851744.0000,0.792500,1.036300
2023-10-25,3.8067792000,3.9117280000,3.7876976000,3.8831056000,41494695,168368189.6500,1.319100,4.359000
2023-10-26,3.8640240000,3.9021872000,3.8067792000,3.8926464000,25718400,104109194.0000,0.817600,0.245700
2023-10-27,3.8926464000,3.9498912000,3.8735648000,3.9212688000,26523300,109324310.0000,0.843200,0.735300
2023-10-30,3.9117280000,3.9880544000,3.8926464000,3.9021872000,27363606,112744736.8800,0.869900,-0.486600
2023-10-31,3.8926464000,3.9212688000,3.8544832000,3.8831056000,20039300,81391744.0000,0.637000,-0.489000
2023-11-01,3.9021872000,3.9021872000,3.8544832000,3.8735648000,16572902,67276184.1200,0.526900,-0.245700
2023-11-02,3.8735648000,3.8926464000,3.8258608000,3.8449424000,19387702,78328898.0400,0.616300,-0.738900
2023-11-03,3.8449424000,3.9117280000,3.7876976000,3.7972384000,34237300,137236723.0000,1.088400,-1.240700
2023-11-06,3.8258608000,3.8258608000,3.6922896000,3.7018304000,71482322,279366557.1000,2.272400,-2.512600
2023-11-07,3.7018304000,3.7113712000,3.6350448000,3.6541264000,53340285,204456647.4000,1.695700,-1.288700
2023-11-08,3.6445856000,3.6541264000,3.5968816000,3.6159632000,34014054,129154256.7400,1.081300,-1.044400
2023-11-09,3.6159632000,3.6732080000,3.6159632000,3.6445856000,30956922,118535430.7400,0.984100,0.791600
2023-11-10,3.6445856000,3.6541264000,3.6159632000,3.6255040000,21895600,83263228.0000,0.696100,-0.523600
2023-11-13,3.6350448000,3.7113712000,3.6350448000,3.7018304000,48332769,186442244.8300,1.536500,2.105300
2023-11-14,3.6827488000,3.7113712000,3.6541264000,3.6827488000,26307960,101344465.4000,0.836300,-0.515500
2023-11-15,3.7113712000,3.7495344000,3.7018304000,3.7399936000,35958581,140672088.3400,1.143100,1.554400
2023-11-16,3.7304528000,3.7399936000,3.7018304000,3.7304528000,20856547,81414823.8300,0.663000,-0.255100
2023-11-17,3.7113712000,3.7304528000,3.6732080000,3.7018304000,20247347,78455083.4200,0.643700,-0.767300
2023-11-20,3.7018304000,3.7304528000,3.6922896000,3.7209120000,25554407,99465745.2300,0.812400,0.515500
2023-11-21,3.7304528000,3.7781568000,3.7209120000,3.7209120000,28680961,112773875.3400,0.911800,0.000000
2023-11-22,3.7113712000,3.7304528000,3.6732080000,3.6732080000,20298157,78726287.7300,0.645300,-1.282100
2023-11-23,3.6636672000,3.7399936000,3.6541264000,3.7304528000,30871813,119961130.3100,0.981400,1.558400
2023-11-24,3.7209120000,3.7399936000,3.6922896000,3.7113712000,27805418,108400045.4600,0.883900,-0.511500
2023-11-27,3.7113712000,3.7209120000,3.6636672000,3.6922896000,26761640,103347662.4000,0.850800,-0.514100
2023-11-28,3.6922896000,3.7018304000,3.6541264000,3.6827488000,23233300,89363181.0000,0.738600,-0.258400
2023-11-29,3.6732080000,3.6922896000,3.6159632000,3.6255040000,30082686,114779479.9000,0.956300,-1.554400
2023-11-30,3.6255040000,3.6350448000,3.5778000000,3.6064224000,25120257,94810650.5200,0.798600,-0.526300
2023-12-01,3.6159632000,3.6445856000,3.6064224000,3.6350448000,19488782,74034376.6000,0.619500,0.793700
2023-12-04,3.6255040000,3.6636672000,3.5873408000,3.6159632000,24263850,92078060.5000,0.771300,-0.524900
2023-12-05,3.6255040000,3.6255040000,3.5396368000,3.5396368000,27937622,104485288.6200,0.888100,-2.110800
2023-12-06,3.5300960000,3.5587184000,3.5110144000,3.5396368000,23425900,86953243.0000,0.744700,0.000000
2023-12-07,3.5491776000,3.5682592000,3.5014736000,3.5300960000,26350600,97689231.0000,0.837700,-0.269500
2023-12-08,3.5491776000,3.5873408000,3.5300960000,3.5873408000,72959709,272326131.4300,2.319400,1.621600
2023-12-11,3.5682592000,3.5778000000,3.4537696000,3.5682592000,64033067,235693734.3800,2.035600,-0.531900
2023-12-12,3.5587184000,3.5587184000,3.4919328000,3.5396368000,34423890,127073735.0000,1.094300,-0.802100
2023-12-13,3.5205552000,3.5300960000,3.4823920000,3.4823920000,27249151,100050459.5100,0.866200,-1.617300
2023-12-14,3.4919328000,3.5014736000,3.4728512000,3.4728512000,24247900,88582167.0000,0.770800,-0.274000
2023-12-15,3.4823920000,3.4919328000,3.4442288000,3.4442288000,24541641,89217912.1500,0.780200,-0.824200
2023-12-18,3.4346880000,3.4537696000,3.3774432000,3.3965248000,26369920,94383934.6000,0.838300,-1.385000
2023-12-19,3.3869840000,3.3965248000,3.3488208000,3.3774432000,25435500,89815124.0000,0.808600,-0.561800
2023-12-20,3.3679024000,3.3965248000,3.3392800000,3.3392800000,19365600,68317894.0000,0.615600,-1.129900
2023-12-21,3.3201984000,3.3392800000,3.2820352000,3.3392800000,34778288,120831387.7600,1.105600,0.000000
2023-12-22,3.3297392000,3.3679024000,3.3011168000,3.3201984000,39929700,139223821.0000,1.269400,-0.571400
2023-12-25,3.3106576000,3.3201984000,3.2724944000,3.2915760000,25686431,88632240.6400,0.816600,-0.862100
2023-12-26,3.3011168000,3.3106576000,3.2629536000,3.2724944000,22590222,77791920.4500,0.718100,-0.579700
2023-12-27,3.2724944000,3.3011168000,3.2438720000,3.2820352000,34196074,117447611.8200,1.087100,0.291500
2023-12-28,3.2820352000,3.3392800000,3.2629536000,3.3297392000,36354257,126274867.6300,1.155700,1.453500
2023-12-29,3.3583616000,3.3679024000,3.3201984000,3.3297392000,23786741,83270231.7700,0.756200,0.000000
2024-01-02,3.3297392000,3.3869840000,3.3201984000,3.3583616000,31416185,110717234.9300,0.998700,0.859600
2024-01-03,3.3488208000,3.4060656000,3.3392800000,3.3965248000,31099400,110256629.0000,0.988600,1.136400
2024-01-04,3.3869840000,3.4060656000,3.3488208000,3.3774432000,29841900,105605815.0000,0.948700,-0.561800
2024-01-05,3.3679024000,3.4442288000,3.3488208000,3.3583616000,52879574,188295110.7000,1.681000,-0.565000
2024-01-08,3.3392800000,3.3488208000,3.2820352000,3.3011168000,35604247,123501616.1500,1.131900,-1.704500
2024-01-09,3.2915760000,3.3201984000,3.2629536000,3.2915760000,26971784,93001500.5800,0.857400,-0.289000
2024-01-10,3.2820352000,3.2915760000,3.2343312000,3.2534128000,30237000,103393992.0000,0.961200,-1.159400
2024-01-11,3.2534128000,3.2820352000,3.2152496000,3.2724944000,31080123,105895028.6500,0.988000,0.586500
2024-01-12,3.2629536000,3.3011168000,3.2534128000,3.2724944000,23873216,82115539.5300,0.758900,0.000000
2024-01-15,3.2629536000,3.2724944000,3.2343312000,3.2438720000,25811463,87986856.6500,0.820500,-0.874600
2024-01-16,3.2343312000,3.2438720000,3.1770864000,3.2343312000,38832413,131000313.7900,1.234500,-0.294100
2024-01-17,3.2152496000,3.2247904000,3.1770864000,3.1770864000,21474600,72099676.0000,0.682700,-1.769900
2024-01-18,3.1675456000,3.1675456000,3.0625968000,3.1389232000,49868386,162806317.3800,1.585300,-1.201200
2024-01-19,3.1293824000,3.1770864000,3.1103008000,3.1484640000,26378085,87266389.9700,0.838600,0.304000
2024-01-22,3.1389232000,3.1484640000,2.9767296000,3.0339744000,37536268,120925505.1600,1.193300,-3.636400
2024-01-23,2.9958112000,3.0625968000,2.9576480000,3.0435152000,44101054,139681851.1800,1.402000,0.314500
2024-01-24,3.0625968000,3.1484640000,3.0148928000,3.1484640000,40511968,131061077.3200,1.287900,3.448300
2024-01-25,3.1293824000,3.3297392000,3.1293824000,3.3201984000,62711440,213382773.4000,1.993600,5.454500
2024-01-26,3.3106576000,3.4251472000,3.3011168000,3.3965248000,47278991,167832465.3200,1.503000,2.298900
2024-01-29,3.4156064000,3.5014736000,3.3965248000,3.4633104000,62287072,225968951.3200,1.980100,1.966300
2024-01-30,3.4537696000,3.5396368000,3.4156064000,3.4537696000,76142508,278023511.3600,2.420600,-0.275500
2024-01-31,3.4060656000,3.4728512000,3.3392800000,3.3679024000,48432043,172503389.4900,1.539700,-2.486200
2024-02-01,3.3392800000,3.4060656000,3.3106576000,3.3392800000,34741500,122032174.8600,1.104400,-0.849900
2024-02-02,3.3297392000,3.3965248000,3.2152496000,3.2820352000,42428406,147623919.7600,1.348800,-1.714300
2024-02-05,3.2724944000,3.3011168000,3.1007600000,3.2152496000,45539779,152875448.3300,1.447700,-2.034900
2024-02-06,3.1580048000,3.3297392000,3.1103008000,3.3011168000,58966248,198675497.3500,1.874500,2.670600
2024-02-07,3.2820352000,3.4251472000,3.2534128000,3.3965248000,56455550,199505201.4300,1.794700,2.890200
2024-02-08,3.3869840000,3.4919328000,3.3583616000,3.4060656000,55040787,197398035.8400,1.749700,0.280900
2024-02-19,3.4346880000,3.4537696000,3.3965248000,3.4442288000,40971033,146991717.0700,1.302500,1.120400
2024-02-20,3.4442288000,3.5014736000,3.4060656000,3.4823920000,43407441,158138896.6500,1.379900,1.108000
2024-02-21,3.4728512000,3.5491776000,3.4537696000,3.4919328000,38305154,141120545.7500,1.217700,0.274000
2024-02-22,3.4823920000,3.5396368000,3.4728512000,3.5205552000,30086360,110882698.4000,0.956400,0.819700
2024-02-23,3.5205552000,3.5396368000,3.4728512000,3.4919328000,29280340,107269531.8000,0.930800,-0.813000
2024-02-26,3.5014736000,3.5014736000,3.4251472000,3.4346880000,36109404,130612367.0800,1.147900,-1.639300
2024-02-27,3.4251472000,3.4537696000,3.3965248000,3.4442288000,38518315,138136510.8500,1.224500,0.277800
2024-02-28,3.4442288000,3.4823920000,3.3869840000,3.3965248000,38839638,140310665.0200,1.234700,-1.385000
2024-02-29,3.3774432000,3.4346880000,3.3583616000,3.4060656000,25376628,90473755.3500,0.806700,0.280900
2024-03-01,3.4156064000,3.4251472000,3.3679024000,3.3869840000,29501623,104898877.1100,0.937900,-0.560200
2024-03-04,3.3679024000,3.3869840000,3.3297392000,3.3774432000,33801138,118936384.2900,1.074500,-0.281700
2024-03-05,3.3583616000,3.3679024000,3.3297392000,3.3488208000,23686405,83074307.9800,0.753000,-0.847500
2024-03-06,3.3392800000,3.4156064000,3.3297392000,3.3869840000,26927985,95655777.2300,0.856000,1.139600
2024-03-07,3.3965248000,3.5205552000,3.3965248000,3.5014736000,65057300,237492848.2000,2.068200,3.380300
2024-03-08,3.5014736000,3.5110144000,3.4537696000,3.4633104000,32994758,120267577.7600,1.048900,-1.089900
2024-03-11,3.4728512000,3.4919328000,3.4156064000,3.4633104000,36262900,130774309.5500,1.152800,0.000000
2024-03-12,3.4633104000,3.4633104000,3.3965248000,3.4251472000,32649892,117069946.3700,1.037900,-1.101900
2024-03-13,3.4060656000,3.4251472000,3.3774432000,3.4060656000,25678280,91513898.0000,0.816300,-0.557100
2024-03-14,3.3965248000,3.4442288000,3.3869840000,3.3965248000,20328343,72863007.7800,0.646200,-0.280100
2024-03-15,3.3965248000,3.4728512000,3.3583616000,3.4728512000,35766694,128454744.1600,1.137000,2.247200
2024-03-18,3.4728512000,3.4728512000,3.4060656000,3.4442288000,35925819,129190984.7600,1.142100,-0.824200
2024-03-19,3.4346880000,3.4919328000,3.4156064000,3.4442288000,26825013,97351369.9700,0.852800,0.000000
2024-03-20,3.4537696000,3.4633104000,3.4060656000,3.4346880000,25175200,90580311.0000,0.800300,-0.277000
2024-03-21,3.4346880000,3.4633104000,3.4156064000,3.4537696000,22330109,80530758.4900,0.709900,0.555600
2024-03-22,3.4442288000,3.4633104000,3.3774432000,3.3965248000,22875000,81822632.0000,0.727200,-1.657500
2024-03-25,3.3774432000,3.4537696000,3.3679024000,3.4156064000,25576928,91820570.6800,0.813100,0.561800
2024-03-26,3.4251472000,3.4346880000,3.3774432000,3.4060656000,18601500,66432806.0000,0.591300,-0.279300
2024-03-27,3.3965248000,3.4251472000,3.3488208000,3.3583616000,20392844,72403155.3200,0.648300,-1.400600
2024-03-28,3.3488208000,3.3583616000,3.3201984000,3.3297392000,29000094,101412694.1200,0.921900,-0.852300
2024-03-29,3.3297392000,3.3679024000,3.3011168000,3.3583616000,29872013,104680903.3300,0.949600,0.859600
2024-04-01,3.3488208000,3.4251472000,3.3488208000,3.4156064000,32164102,114621106.1200,1.022500,1.704500
2024-04-02,3.4251472000,3.5778000000,3.4251472000,3.5587184000,74656487,274954954.9800,2.373300,4.189900
2024-04-03,3.5491776000,3.6159632000,3.5491776000,3.6064224000,49152763,185048967.9500,1.562600,1.340500
2024-04-08,3.6159632000,3.7113712000,3.6064224000,3.6445856000,56651648,217255960.1400,1.801000,1.058200
2024-04-09,3.6350448000,3.6732080000,3.5968816000,3.6445856000,30750871,117086466.5100,0.977600,0.000000
2024-04-10,3.6445856000,3.7590752000,3.6445856000,3.7113712000,58979651,230074345.2900,1.875000,1.832500
2024-04-11,3.6541264000,3.7876976000,3.6445856000,3.7399936000,35172851,137841720.9500,1.118100,0.771200
2024-04-12,3.7399936000,3.7590752000,3.6922896000,3.7018304000,25104047,98007781.6100,0.798100,-1.020400
2024-04-15,3.7304528000,3.7972384000,3.6350448000,3.7876976000,50978477,200467321.3000,1.620600,2.319600
2024-04-16,3.8067792000,3.8354016000,3.7209120000,3.7209120000,41303784,163646756.1200,1.313000,-1.763200
2024-04-17,3.7495344000,3.7972384000,3.6922896000,3.7972384000,30632075,120467207.4800,0.973800,2.051300
2024-04-18,3.7781568000,3.8354016000,3.7781568000,3.8163200000,28837127,115079475.3800,0.916700,0.502500
2024-04-19,3.8163200000,3.9594320000,3.7972384000,3.9498912000,56257505,231001007.3500,1.788400,3.500000
2024-04-22,3.9498912000,3.9785136000,3.8640240000,3.8831056000,37797100,154809219.0000,1.201600,-1.690800
2024-04-23,3.8926464000,3.9594320000,3.8258608000,3.8449424000,35650200,144664215.0000,1.133300,-0.982800
2024-04-24,3.8449424000,3.8544832000,3.7876976000,3.8354016000,26089800,104589061.5100,0.829400,-0.248100
2024-04-25,3.8163200000,3.9403504000,3.8067792000,3.9308096000,33619949,137299971.4100,1.068800,2.487600
2024-04-26,3.9308096000,3.9594320000,3.8640240000,3.8831056000,26236100,107114643.0000,0.834000,-1.213600
2024-04-29,3.7304528000,3.8067792000,3.6350448000,3.7876976000,62296200,243322693.0000,1.980400,-2.457000
2024-04-30,3.8163200000,3.8354016000,3.6636672000,3.6922896000,38644821,151297736.2700,1.228500,-2.518900
2024-05-06,3.7304528000,3.7590752000,3.6636672000,3.6827488000,42008417,162881973.4500,1.335400,-0.258400
2024-05-07,3.6732080000,3.6827488000,3.4823920000,3.5205552000,74192371,275340663.7800,2.358600,-4.404100
2024-05-08,3.4919328000,3.5205552000,3.4633104000,3.5110144000,44092700,161435753.0000,1.401700,-0.271000
2024-05-09,3.5014736000,3.6064224000,3.4919328000,3.5873408000,43179477,161760404.8200,1.372700,2.173900
2024-05-10,3.5873408000,3.6064224000,3.5396368000,3.5682592000,22333613,83468858.4600,0.710000,-0.531900
2024-05-13,3.5587184000,3.6255040000,3.5110144000,3.6255040000,31539319,118233830.6300,1.002600,1.604300
2024-05-14,3.6064224000,3.6827488000,3.5968816000,3.6064224000,24130792,91779005.7600,0.767100,-0.526300
2024-05-15,3.6064224000,3.6159632000,3.5396368000,3.5587184000,19775000,74132440.0000,0.628600,-1.322800
2024-05-16,3.5682592000,3.7399936000,3.5682592000,3.7113712000,49868102,191966274.8200,1.585300,4.289500
2024-05-17,3.7018304000,3.7876976000,3.7018304000,3.7781568000,30108926,118145132.4300,0.957200,1.799500
2024-05-20,3.7972384000,3.8544832000,3.7781568000,3.8258608000,29789450,119426744.5000,0.947000,1.262600
2024-05-21,3.8258608000,3.8354016000,3.7399936000,3.7781568000,24675200,97971990.0000,0.784400,-1.246900
2024-05-22,3.7876976000,3.8831056000,3.7876976000,3.8449424000,30663053,123479499.5900,0.974800,1.767700
2024-05-23,3.8258608000,3.8449424000,3.7304528000,3.7495344000,25547700,101062922.0000,0.812200,-2.481400
2024-05-24,3.7495344000,3.8067792000,3.7495344000,3.7781568000,23657684,93736058.1200,0.752100,0.763400
2024-05-27,3.7876976000,3.8163200000,3.7399936000,3.7781568000,23475613,92676780.3500,0.746300,0.000000
2024-05-28,3.7686160000,3.8258608000,3.7209120000,3.7399936000,21830472,86333797.8600,0.694000,-1.010100
2024-05-29,3.7304528000,3.7781568000,3.7209120000,3.7495344000,15266502,60031895.8600,0.485300,0.255100
2024-05-30,3.7495344000,3.8449424000,3.7399936000,3.7495344000,24214302,96195043.9400,0.769800,0.000000
2024-05-31,3.7495344000,3.7876976000,3.7399936000,3.7590752000,15480998,61066681.1600,0.492100,0.254500
2024-06-03,3.7495344000,3.7590752000,3.5968816000,3.6350448000,27966486,107010463.8000,0.889100,-3.299500
2024-06-04,3.6255040000,3.6636672000,3.5968816000,3.6350448000,26449177,100611890.3900,0.840800,0.000000
2024-06-05,3.6350448000,3.6350448000,3.5110144000,3.5205552000,40737370,151796001.6000,1.295000,-3.149600
2024-06-06,3.5300960000,3.5491776000,3.4251472000,3.4633104000,39893777,144576679.7400,1.268200,-1.626000
2024-06-07,3.4442288000,3.5300960000,3.4442288000,3.5110144000,20086239,73364836.9600,0.638500,1.377400
2024-06-11,3.4919328000,3.4919328000,3.4156064000,3.4346880000,19037012,68686777.2000,0.605200,-2.173900
2024-06-12,3.4346880000,3.4442288000,3.3869840000,3.4346880000,17552800,62955891.0000,0.558000,0.000000
2024-06-13,3.4156064000,3.4537696000,3.3583616000,3.3774432000,18910800,67096013.0000,0.601200,-1.666700
2024-06-14,3.3583616000,3.4346880000,3.3488208000,3.4156064000,21850134,77676346.2800,0.694600,1.129900
2024-06-17,3.3965248000,3.4060656000,3.3201984000,3.3392800000,32990800,115735942.9000,1.048800,-2.234600
2024-06-18,3.3583616000,3.4251472000,3.3392800000,3.4156064000,20837000,74059585.0000,0.662400,2.285700
2024-06-19,3.4251472000,3.4251472000,3.3488208000,3.3583616000,15395095,54387549.3400,0.489400,-1.676000
2024-06-20,3.3583616000,3.3774432000,3.3106576000,3.3106576000,14490205,50689221.3500,0.460600,-1.420500
2024-06-21,3.3583616000,3.3774432000,3.3297392000,3.3392800000,16632147,58372623.5000,0.528700,0.864600
2024-06-24,3.3297392000,3.3297392000,3.2534128000,3.2724944000,17366458,59818437.0600,0.552100,-2.000000
2024-06-25,3.2629536000,3.3106576000,3.2438720000,3.2915760000,16684688,57331183.9600,0.530400,0.583100
2024-06-26,3.2724944000,3.3297392000,3.2534128000,3.3201984000,16928088,58519409.3600,0.538100,0.869600
2024-06-27,3.3297392000,3.3392800000,3.2534128000,3.2629536000,18797800,64769783.0000,0.597600,-1.724100
2024-06-28,3.2534128000,3.2915760000,3.1580048000,3.1675456000,36626600,123660306.0000,1.164400,-2.924000
2024-07-01,3.1580048000,3.2438720000,3.1580048000,3.2438720000,27148928,91811063.6400,0.863100,2.409600
2024-07-02,3.2343312000,3.3011168000,3.2247904000,3.2820352000,22447331,77056410.0200,0.713600,1.176500
2024-07-03,3.3119622800,3.4117201800,3.3019864900,3.3917686000,27377565,92298719.2200,0.870300,3.343500
2024-07-04,3.3917686000,3.4416475500,3.3817928100,3.4017443900,23258563,79587727.8300,0.739400,0.294100
2024-07-05,3.4017443900,3.4316717600,3.3518654400,3.3817928100,14470902,49055330.7600,0.460000,-0.586500
2024-07-08,3.3618412300,3.3917686000,3.3019864900,3.3219380700,29232989,97595802.3700,0.929300,-1.769900
2024-07-09,3.3119622800,3.3518654400,3.2820349100,3.3119622800,17248200,57380942.0000,0.548300,-0.300300
2024-07-10,3.3019864900,3.3119622800,3.2620833300,3.2720591200,16404082,53989307.7800,0.521500,-1.204800
2024-07-11,3.3119622800,3.3219380700,3.2720591200,3.3119622800,21180900,70100728.0000,0.673300,1.219500
2024-07-12,3.3119622800,3.3518654400,3.3019864900,3.3418896500,17498900,58504021.0000,0.556300,0.903600
2024-07-15,3.3219380700,3.3718170200,3.2820349100,3.3518654400,17968600,60091081.0000,0.571200,0.298500
2024-07-16,3.3319138600,3.3718170200,3.3219380700,3.3518654400,12239000,41034922.0000,0.389100,0.000000
2024-07-17,3.3418896500,3.3817928100,3.3219380700,3.3618412300,15150600,50958774.0000,0.481600,0.297600
2024-07-18,3.3518654400,3.3817928100,3.3119622800,3.3618412300,12794300,42997334.0000,0.406700,0.000000
2024-07-19,3.3518654400,3.3518654400,3.3119622800,3.3319138600,11770432,39289173.5600,0.374200,-0.890200
2024-07-22,3.3418896500,3.3418896500,3.2620833300,3.2820349100,21293296,70198745.8400,0.676900,-1.497000
2024-07-23,3.2820349100,3.3019864900,3.2022285900,3.2122043800,18280286,59714675.6800,0.581100,-2.127700
2024-07-24,3.2122043800,3.2421317500,3.1523496400,3.2221801700,17764800,56987143.0000,0.564700,0.310600
2024-07-25,3.2022285900,3.2620833300,3.1922528000,3.2521075400,14791150,48048852.9600,0.470200,0.928800
2024-07-26,3.2620833300,3.2920107000,3.2421317500,3.2620833300,11859751,38834035.9200,0.377000,0.306700
2024-07-29,3.2521075400,3.2820349100,3.2122043800,3.2720591200,11068185,36180571.8000,0.351900,0.305800
2024-07-30,3.2620833300,3.2720591200,3.2421317500,3.2620833300,11382900,37179144.0000,0.361900,-0.304900
2024-07-31,3.2620833300,3.3219380700,3.2521075400,3.3119622800,27347100,90458411.0000,0.869400,1.529100
2024-08-01,3.3119622800,3.3319138600,3.2620833300,3.2920107000,21105051,69706800.3000,0.670900,-0.602400
2024-08-02,3.2720591200,3.3119622800,3.2620833300,3.2820349100,13377113,44149384.7700,0.425300,-0.303000
2024-08-05,3.2720591200,3.3219380700,3.2421317500,3.2421317500,16518602,54373778.6200,0.525100,-1.215800
2024-08-06,3.2620833300,3.2820349100,3.2321559600,3.2620833300,13665800,44649315.0000,0.434400,0.615400
2024-08-07,3.2521075400,3.2620833300,3.2221801700,3.2221801700,12572800,40777408.0000,0.399700,-1.223200
2024-08-08,3.2122043800,3.2421317500,3.2022285900,3.2221801700,13201010,42690872.4000,0.419700,0.000000
2024-08-09,3.2321559600,3.2720591200,3.2221801700,3.2321559600,13754900,44752427.0000,0.437300,0.309600
2024-08-12,3.2321559600,3.2321559600,3.1723012200,3.1922528000,11714282,37557389.4000,0.372400,-1.234600
2024-08-13,3.1922528000,3.2221801700,3.1822770100,3.2022285900,11772600,37721185.0000,0.374200,0.312500
2024-08-14,3.2022285900,3.2022285900,3.1423738500,3.1423738500,15346600,48727307.0000,0.487900,-1.869200
2024-08-15,3.1423738500,3.1723012200,3.1224222700,3.1523496400,16887211,53292295.6500,0.536800,0.317500
2024-08-16,3.1523496400,3.1623254300,3.1124464800,3.1224222700,12704300,39915022.0000,0.403900,-0.949400
2024-08-19,3.1124464800,3.1523496400,3.0725433200,3.0825191100,18670713,58179948.8200,0.593500,-1.278000
2024-08-20,3.0924949000,3.0924949000,3.0226643700,3.0625675300,19819200,60754862.0000,0.630100,-0.647200
2024-08-21,3.0625675300,3.0725433200,3.0326401600,3.0426159500,11365100,34714421.0000,0.361300,-0.651500
2024-08-22,3.0525917400,3.0625675300,2.9528338400,2.9727854200,23745702,71372395.1200,0.754900,-2.295100
2024-08-23,3.0027127900,3.0226643700,2.9727854200,3.0027127900,14397700,43321059.0000,0.457700,1.006700
2024-08-26,3.0126885800,3.0525917400,3.0027127900,3.0326401600,14197800,43111110.0000,0.451300,0.996700
2024-08-27,3.0226643700,3.0525917400,2.9827612100,3.0027127900,15089000,45543113.0000,0.479700,-0.986800
2024-08-28,2.9827612100,3.0924949000,2.9727854200,3.0625675300,31108125,94395221.5700,0.988900,1.993400
2024-08-29,3.0426159500,3.0525917400,3.0027127900,3.0226643700,18066110,54784063.3000,0.574300,-1.302900
2024-08-30,3.0226643700,3.1124464800,3.0027127900,3.0825191100,26036700,80228074.0000,0.827700,1.980200
2024-09-02,3.0625675300,3.0825191100,3.0126885800,3.0126885800,17206300,52524793.0000,0.547000,-2.265400
2024-09-03,3.0126885800,3.0226643700,2.9727854200,2.9827612100,19757000,59303698.0000,0.628100,-0.993400
2024-09-04,2.9827612100,3.0027127900,2.9628096300,2.9727854200,15833200,47286949.0000,0.503300,-0.334400
2024-09-05,2.9827612100,3.0126885800,2.9727854200,2.9827612100,13490025,40436190.7500,0.428800,0.335600
2024-09-06,2.9927370000,3.0126885800,2.9029548900,2.9129306800,23035156,68060091.2000,0.732300,-2.341100
2024-09-09,2.9029548900,2.9029548900,2.7732696200,2.7832454100,36872100,104150513.0000,1.172200,-4.452100
2024-09-10,2.7832454100,2.8031969900,2.7134148800,2.7433422500,33183800,91426871.0000,1.054900,-1.433700
2024-09-11,2.7433422500,2.7433422500,2.6435843500,2.6635359300,34091511,91568982.7000,1.083800,-2.909100
2024-09-12,2.6635359300,2.7034390900,2.6336085600,2.6735117200,29790800,79825105.0000,0.947000,0.374500
2024-09-13,2.6834875100,2.7333664600,2.6535601400,2.6735117200,27093071,73158599.5100,0.861300,0.000000
2024-09-18,2.6535601400,2.6834875100,2.5837296100,2.6535601400,32720071,86178188.1500,1.040200,-0.746300
2024-09-19,2.6635359300,2.7134148800,2.6435843500,2.6735117200,40988446,109942888.3800,1.303000,0.751900
2024-09-20,2.6635359300,2.6735117200,2.5937054000,2.6036811900,42771902,112103095.2200,1.359700,-2.611900
2024-09-23,2.5937054000,2.6635359300,2.5837296100,2.6435843500,24247453,63956293.7900,0.770800,1.532600
2024-09-24,2.6535601400,2.9129306800,2.6535601400,2.8929791000,119466743,338592145.1100,3.797800,9.434000
2024-09-25,3.0525917400,3.1822770100,3.0027127900,3.0027127900,142451106,442179352.1900,4.528500,3.793100
2024-09-26,2.9827612100,3.2620833300,2.9827612100,3.2521075400,138039054,437601916.3100,4.388200,8.305600
2024-09-27,3.3418896500,3.3917686000,3.2221801700,3.3019864900,79804600,263168085.7400,2.537000,1.533700
2024-09-30,3.5513812400,3.6311875600,3.4117201800,3.6012601900,132215759,470257658.4100,4.203100,9.063400
2024-10-08,3.9603886300,3.9603886300,3.5214538700,3.6311875600,183025085,679956213.1500,5.818400,0.831000
2024-10-09,3.5813086100,3.5813086100,3.2920107000,3.3418896500,125019519,428328309.6200,3.974400,-7.967000
2024-10-10,3.3219380700,3.5214538700,3.2620833300,3.4117201800,88085000,299880837.0000,2.800200,2.089600
2024-10-11,3.4216959700,3.6311875600,3.3718170200,3.5314296600,127210546,452899852.0600,4.044000,3.508800
2024-10-14,3.5314296600,3.7309454600,3.5314296600,3.6411633500,117809110,428907346.2000,3.745100,3.107300
2024-10-15,3.6311875600,3.6411633500,3.5015022900,3.5114780800,63569100,226373630.0000,2.020900,-3.561600
2024-10-16,3.4815507100,3.7409212500,3.4516233400,3.6611149300,89646802,328124882.2600,2.849900,4.261400
2024-10-17,3.6511391400,3.6611149300,3.5513812400,3.5613570300,53922100,193922051.0000,1.714200,-2.724800
2024-10-18,3.5414054500,3.5912844000,3.4416475500,3.5414054500,70201561,247672080.9400,2.231700,-0.560200
2024-10-21,3.5513812400,3.5713328200,3.4815507100,3.5314296600,46807255,165090968.6000,1.488000,-0.281700
2024-10-22,3.5214538700,3.5414054500,3.4715749200,3.5114780800,28823261,101175730.1100,0.916300,-0.565000
2024-10-23,3.5015022900,3.6710907200,3.4915265000,3.6212117700,66093600,237849865.0000,2.101100,3.125000
2024-10-24,3.5912844000,3.6810665100,3.4915265000,3.5214538700,46388572,165411291.9700,1.474700,-2.754800
2024-10-25,3.5114780800,3.6511391400,3.5015022900,3.6212117700,66520100,239723496.0000,2.114700,2.832900
2024-10-28,3.7209696700,3.9803402100,3.7109938800,3.9803402100,185113151,731552327.7400,5.884700,9.917400
2024-10-29,3.9803402100,4.0302191600,3.8307033600,3.8406791500,131618842,516211256.5300,4.184200,-3.508800
2024-10-30,3.7508970400,3.9304612600,3.6810665100,3.7309454600,83695108,317040604.2600,2.660700,-2.857100
2024-10-31,3.7109938800,3.8307033600,3.6710907200,3.8007759900,70431700,265939527.0000,2.239000,1.871700
2024-11-01,3.7908002000,3.9903160000,3.7708486200,3.8805823100,85278604,332470075.1000,2.711000,2.099700
2024-11-04,3.8506549400,3.8805823100,3.7708486200,3.8706065200,52076771,199767494.0400,1.655500,-0.257100
2024-11-05,3.8706065200,3.9903160000,3.8406791500,3.9803402100,66114017,261947011.6900,2.101800,2.835100
2024-11-06,3.9803402100,4.0102675800,3.8606307300,3.9703644200,61360399,241922711.0000,1.950600,-0.250600
2024-11-07,3.9304612600,4.2097833800,3.9105096800,4.1698802200,77580609,320108420.0100,2.466300,5.025100
2024-11-08,4.1798560100,4.2097833800,4.0401949500,4.0501707400,56803400,232970867.0000,1.805800,-2.870800
2024-11-11,4.0002917900,4.0701223200,3.9204854700,3.9603886300,48987903,194711860.8500,1.557300,-2.216700
2024-11-12,3.9603886300,4.0601465300,3.9204854700,3.9803402100,53975803,217019421.1200,1.715900,0.503800
2024-11-13,3.9603886300,4.1000496900,3.9504128400,3.9903160000,35109200,141403897.0000,1.116100,0.250600
2024-11-14,4.0002917900,4.0202433700,3.8307033600,3.8506549400,38288100,149444753.0000,1.217200,-3.500000
2024-11-15,3.8307033600,3.9005338900,3.7908002000,3.8007759900,28064168,108239739.4000,0.892200,-1.295300
2024-11-18,3.9304612600,4.1100254800,3.8506549400,3.8905581000,82988367,331776412.3100,2.638200,2.362200
2024-11-19,3.8706065200,3.9105096800,3.7608728300,3.8506549400,42913283,164409025.0600,1.364200,-1.025600
2024-11-20,3.8406791500,3.8506549400,3.7908002000,3.8307033600,29999000,114888953.0000,0.953700,-0.518100
2024-11-21,3.8207275700,4.0401949500,3.8107517800,4.0102675800,73272537,291255123.0100,2.329300,4.687500
2024-11-22,3.9803402100,4.0401949500,3.7908002000,3.7908002000,42754042,166320287.9000,1.359100,-5.472600
2024-11-25,3.7808244100,3.8606307300,3.7508970400,3.8307033600,29730417,113183025.4300,0.945100,1.052600
2024-11-26,3.8207275700,3.9105096800,3.7908002000,3.8506549400,30563383,118330203.3800,0.971600,0.520800
2024-11-27,3.8307033600,3.8606307300,3.7409212500,3.8506549400,26849300,102143362.0000,0.853500,0.000000
2024-11-28,3.8406791500,3.9105096800,3.8107517800,3.8406791500,23571250,91196609.6000,0.749300,-0.259100
2024-11-29,3.8506549400,3.8905581000,3.7908002000,3.8107517800,30076148,115901271.4000,0.956100,-0.779200
2024-12-02,3.8107517800,3.9603886300,3.7808244100,3.9404370500,45491022,177626950.6400,1.446200,3.403100
2024-12-03,3.9404370500,3.9603886300,3.8805823100,3.9404370500,41385784,162975099.9600,1.315700,0.000000
2024-12-04,3.9204854700,4.0202433700,3.9005338900,3.9603886300,47112100,187540017.0000,1.497700,0.506300
2024-12-05,3.9603886300,3.9903160000,3.9204854700,3.9404370500,31858300,126015349.0000,1.012800,-0.503800
2024-12-06,3.9304612600,4.0601465300,3.9304612600,4.0102675800,48670999,195824427.9800,1.547200,1.772200
2024-12-09,4.0102675800,4.1100254800,3.9803402100,4.0102675800,44581228,180429725.2800,1.417200,0.000000
2024-12-10,4.1499286400,4.2197591700,3.9903160000,4.0102675800,70703928,291286256.4000,2.247700,0.000000
2024-12-11,4.0102675800,4.1599044300,3.9903160000,4.0701223200,63986680,262023620.1800,2.034100,1.492500
2024-12-12,4.0800981100,4.0800981100,3.9304612600,3.9603886300,83604608,332363201.5600,2.657800,-2.696100
2024-12-13,3.9404370500,3.9703644200,3.8307033600,3.9005338900,85044000,331004299.2200,2.703500,-1.511300
2024-12-16,3.8606307300,3.8805823100,3.6810665100,3.7409212500,96941572,364775540.6800,3.081800,-4.092100
2024-12-17,3.7409212500,3.7608728300,3.6311875600,3.6810665100,66550300,245564176.0000,2.115600,-1.600000
2024-12-18,3.7708486200,3.8406791500,3.6910423000,3.7109938800,73963310,279601293.1000,2.351300,0.813000
2024-12-19,3.6810665100,3.7010180900,3.6112359800,3.6611149300,45602932,166616260.1200,1.449700,-1.344100
2024-12-20,3.6511391400,3.6710907200,3.5613570300,3.5813086100,47780800,171689384.0000,1.518900,-2.179800
2024-12-23,3.5813086100,3.5912844000,3.4715749200,3.5015022900,44535718,157262457.0000,1.415800,-2.228400
2024-12-24,3.4815507100,3.5314296600,3.4216959700,3.5015022900,59606600,207043793.0000,1.894900,0.000000
2024-12-25,3.4915265000,3.5015022900,3.4017443900,3.4316717600,41040100,141295719.0000,1.304700,-1.994300
2024-12-26,3.4017443900,3.4615991300,3.3917686000,3.4216959700,28425600,97536512.0000,0.903600,-0.290700
2024-12-27,3.4117201800,3.4915265000,3.4117201800,3.4416475500,32199435,111631088.7500,1.023600,0.583100
2024-12-30,3.4416475500,3.4516233400,3.3418896500,3.3518654400,53663483,181087533.8800,1.706000,-2.608700
2024-12-31,3.3618412300,3.3718170200,3.3019864900,3.3319138600,37757800,126448909.0000,1.200300,-0.595200
2025-01-02,3.3418896500,3.4216959700,3.3219380700,3.3518654400,57658897,194636720.8400,1.833000,0.598800
2025-01-03,3.3518654400,3.4117201800,3.2521075400,3.2620833300,39110100,130452903.3600,1.243300,-2.678600
2025-01-06,3.2820349100,3.3917686000,3.2521075400,3.3618412300,47056353,157723401.6100,1.495900,3.058100
2025-01-07,3.3418896500,3.3718170200,3.2820349100,3.3319138600,27931100,92963957.0000,0.887900,-0.890200
2025-01-08,3.3119622800,3.3319138600,3.2122043800,3.2720591200,35010200,114421064.0000,1.113000,-1.796400
2025-01-09,3.2521075400,3.2720591200,3.2122043800,3.2221801700,26382800,85662813.0000,0.838700,-1.524400
2025-01-10,3.2321559600,3.2521075400,3.1623254300,3.1623254300,22655893,72581777.7400,0.720200,-1.857600
2025-01-13,3.1423738500,3.1922528000,3.1024706900,3.1922528000,21343030,67760787.9200,0.678500,0.946400
2025-01-14,3.2022285900,3.2620833300,3.1723012200,3.2521075400,35264050,113921435.0000,1.121000,1.875000
2025-01-15,3.2421317500,3.2920107000,3.2022285900,3.2820349100,30890500,100649004.0000,0.982000,0.920200
2025-01-16,3.2820349100,3.3618412300,3.2720591200,3.3219380700,27231900,90583813.0000,0.865700,1.215800
2025-01-17,3.3119622800,3.3219380700,3.2521075400,3.2820349100,32660299,107329718.7100,1.038300,-1.201200
2025-01-20,3.3319138600,3.6112359800,3.3319138600,3.6112359800,108557972,383210950.5000,3.451000,10.030400
2025-01-21,3.6112359800,3.6212117700,3.4715749200,3.4915265000,86683382,307806577.6500,2.755700,-3.314900
2025-01-22,3.5114780800,3.5314296600,3.4117201800,3.4915265000,48466500,168351305.0000,1.540700,0.000000
2025-01-23,3.5015022900,3.5713328200,3.4615991300,3.4615991300,42930900,151557704.0000,1.364800,-0.857100
2025-01-24,3.4516233400,3.6112359800,3.4416475500,3.5713328200,61440300,218360165.0000,1.953200,3.170000
2025-01-27,3.5613570300,3.7708486200,3.5613570300,3.6810665100,84177778,312211382.4600,2.676000,3.072600
2025-02-05,3.6611149300,3.7010180900,3.6112359800,3.6611149300,37208878,136144050.2600,1.182900,-0.542000
2025-02-06,3.6511391400,3.7010180900,3.6311875600,3.6910423000,33743500,123964923.0000,1.072700,0.817400
2025-02-07,3.6810665100,3.8506549400,3.6710907200,3.8207275700,66128180,249900411.3400,2.102200,3.513500
2025-02-10,3.8107517800,3.9204854700,3.7209696700,3.7908002000,92657344,354284523.4000,2.945600,-0.783300
2025-02-11,3.7908002000,3.8107517800,3.7109938800,3.8007759900,49897840,188385118.8000,1.586200,0.263200
2025-02-12,3.8007759900,3.8007759900,3.6411633500,3.6810665100,45280400,167958787.0000,1.439500,-3.149600
2025-02-13,3.7010180900,3.8805823100,3.6810665100,3.8007759900,64956940,246441971.7800,2.065000,3.252000
2025-02-14,3.8307033600,3.8706065200,3.7608728300,3.8007759900,38751366,147895470.1200,1.231900,0.000000
2025-02-17,3.7808244100,3.8706065200,3.7608728300,3.8207275700,43957333,168544701.7700,1.397400,0.524900
2025-02-18,3.8107517800,3.9304612600,3.7708486200,3.9105096800,72894900,283420348.0000,2.317300,2.349900
2025-02-19,3.8905581000,3.9304612600,3.8307033600,3.8506549400,36904400,143406164.0000,1.173200,-1.530600
2025-02-20,3.8406791500,3.8706065200,3.7808244100,3.8506549400,32558882,124656695.0600,1.035000,0.000000
2025-02-21,3.8606307300,3.8805823100,3.7409212500,3.7708486200,58562756,222141197.6400,1.861700,-2.072500
2025-02-24,3.7708486200,3.8905581000,3.7608728300,3.8307033600,56460200,217574977.0100,1.794900,1.587300
2025-02-25,3.8107517800,3.8506549400,3.7508970400,3.7608728300,31409381,119502918.8000,0.998500,-1.822900
2025-02-26,3.7708486200,4.1399528500,3.7608728300,4.1399528500,146066262,590275404.7400,4.643400,10.079600
2025-02-27,4.2097833800,4.4791297100,4.1499286400,4.3893476000,203834414,888174783.8100,6.479900,6.024100
2025-02-28,4.3893476000,4.4591781300,4.3095412800,4.3793718100,94015572,413049525.6400,2.988700,-0.227300
2025-03-03,4.3594202300,4.4591781300,4.3095412800,4.4192749700,82568844,364345295.9900,2.624900,0.911200
2025-03-04,4.4392265500,4.5589360300,4.3294928600,4.4691539200,91297125,408525603.3100,2.902300,1.128700
2025-03-05,4.4591781300,4.4891055000,4.3294928600,4.4891055000,69118770,305844599.4600,2.197300,0.446400
2025-03-06,4.4990812900,4.4990812900,4.3594202300,4.3993233900,79985061,352849865.8800,2.542700,-2.000000
2025-03-07,4.4292507600,4.6985970900,4.4192749700,4.6088149800,92744290,425724695.2400,2.948300,4.761900
2025-03-10,4.5689118200,4.6786455100,4.4591781300,4.6187907700,73641845,336729791.7500,2.341100,0.216500
2025-03-11,4.5689118200,4.6187907700,4.5090570800,4.5988391900,41751300,191145778.0000,1.327300,-0.432000
2025-03-12,4.5988391900,4.6187907700,4.4791297100,4.4990812900,39828100,180867862.0000,1.266100,-2.169200
2025-03-13,4.5190328700,4.6586939300,4.4192749700,4.6287665600,69783691,316532422.3300,2.218400,2.882500
2025-03-14,4.6088149800,4.6786455100,4.5190328700,4.6187907700,49886083,229064853.1400,1.585900,-0.215500
2025-03-17,4.6387423500,4.7484760400,4.5489602400,4.5689118200,55421208,257509393.2400,1.761800,-1.079900
2025-03-18,4.5589360300,4.5988391900,4.4990812900,4.5290086600,30396700,138561378.0000,0.966300,-0.873400
2025-03-19,4.5090570800,4.5290086600,4.4591781300,4.4990812900,27781300,124995149.0000,0.883200,-0.660800
2025-03-20,4.4891055000,4.6187907700,4.4791297100,4.5389844500,37297107,170418404.3700,1.185700,0.886900
2025-03-21,4.5589360300,4.6686697200,4.5489602400,4.5888634000,42043699,194796258.3800,1.336600,1.098900
2025-03-24,4.5888634000,4.6187907700,4.4591781300,4.5888634000,48600499,220833908.4300,1.545000,0.000000
2025-03-25,4.5788876100,4.6387423500,4.4891055000,4.5190328700,39759612,181188411.0000,1.264000,-1.521700
2025-03-26,4.4990812900,4.5290086600,4.4092991800,4.4392265500,35900900,160258300.0000,1.141300,-1.766000
2025-03-27,4.4392265500,4.4492023400,4.3693960200,4.3893476000,31067399,136952953.6100,0.987600,-1.123600
2025-03-28,4.3793718100,4.3993233900,4.2297349600,4.2397107500,54729311,235520898.7500,1.739800,-3.409100
2025-03-31,4.2297349600,4.2397107500,4.0002917900,4.0501707400,75348000,309375459.0000,2.395300,-4.470600
2025-04-01,4.0701223200,4.2097833800,4.0601465300,4.1698802200,56648849,235739660.1000,1.800900,2.955700
2025-04-02,4.1499286400,4.2297349600,4.1200012700,4.1698802200,27777162,116346922.0000,0.883000,0.000000
2025-04-03,4.1200012700,4.2596623300,4.1000496900,4.2297349600,36568380,154259150.2000,1.162500,1.435400
2025-04-07,4.0601465300,4.0900739000,3.8107517800,3.8107517800,52515511,205951624.8900,1.669500,-9.905700
2025-04-08,3.8107517800,3.8506549400,3.7109938800,3.8107517800,63672500,241426205.8900,2.024100,0.000000
2025-04-09,3.7808244100,3.7808244100,3.5613570300,3.7209696700,67487315,249132349.6500,2.145400,-2.356000
2025-04-10,3.7708486200,3.8805823100,3.7708486200,3.8406791500,50980064,196286478.5600,1.620700,3.217200
2025-04-11,3.8506549400,3.8606307300,3.7309454600,3.7708486200,43876491,166613873.0700,1.394800,-1.818200
2025-04-14,3.7908002000,3.9204854700,3.7908002000,3.8805823100,34983188,135644002.7300,1.112100,2.910100
2025-04-15,3.8805823100,3.8805823100,3.7608728300,3.8107517800,29984800,114073392.0000,0.953200,-1.799500
2025-04-16,3.7808244100,3.8207275700,3.7209696700,3.7808244100,20737000,78118806.0000,0.659200,-0.785300
2025-04-17,3.7508970400,3.8706065200,3.7508970400,3.8007759900,30387300,116433284.0000,0.966000,0.527700
2025-04-18,3.8007759900,3.8307033600,3.7508970400,3.8007759900,26246000,99465053.0000,0.834400,0.000000
2025-04-21,3.7908002000,3.8905581000,3.7608728300,3.8406791500,40756900,157155813.0000,1.295700,1.049900
2025-04-22,3.8506549400,3.9304612600,3.8007759900,3.8406791500,58766462,226697427.4700,1.868200,0.000000
2025-04-23,3.8606307300,4.0601465300,3.8506549400,4.0002917900,86991462,348784171.0000,2.765500,4.155800
2025-04-24,4.0102675800,4.0701223200,3.9504128400,3.9703644200,40786200,163191483.5200,1.296600,-0.748100
2025-04-25,3.9703644200,4.0900739000,3.9603886300,4.0501707400,47365144,192713660.2000,1.505700,2.010100
2025-04-28,3.9803402100,4.2995654900,3.9504128400,4.1698802200,104799554,438899353.2600,3.331600,2.955700
2025-04-29,4.1499286400,4.2397107500,4.0800981100,4.1000496900,41396454,171610266.8600,1.316000,-1.674600
2025-04-30,4.0800981100,4.1000496900,3.9504128400,4.0302191600,40977458,164523511.2000,1.302700,-1.703200
2025-05-06,4.0501707400,4.0800981100,3.9603886300,4.0501707400,42303700,171153518.0000,1.344800,0.495000
2025-05-07,4.0701223200,4.1299770600,4.0202433700,4.0701223200,34164300,139937052.0000,1.086100,0.492600
2025-05-08,4.0800981100,4.0800981100,3.9903160000,4.0102675800,36188100,146250911.0000,1.150400,-1.470600
2025-05-09,4.0102675800,4.0401949500,3.9703644200,3.9903160000,22790478,91275175.0000,0.724500,-0.497500
2025-05-12,4.0102675800,4.0302191600,3.9404370500,3.9803402100,27700427,110162883.0900,0.880600,-0.250000
2025-05-13,4.0102675800,4.0501707400,3.9903160000,4.0202433700,32315149,130339984.3000,1.027300,1.002500
2025-05-14,4.0202433700,4.0302191600,3.9603886300,4.0102675800,31734000,126986530.0000,1.008800,-0.248100
2025-05-15,4.0102675800,4.0102675800,3.9504128400,3.9603886300,28169000,112224832.0000,0.895500,-1.243800
2025-05-16,3.9504128400,3.9803402100,3.9105096800,3.9204854700,35252916,138930847.8900,1.120700,-1.007600
2025-05-19,3.9204854700,3.9603886300,3.9105096800,3.9603886300,34760656,137119623.7400,1.105000,1.017800
2025-05-20,3.9603886300,3.9803402100,3.9005338900,3.9603886300,28170800,111126751.0000,0.895500,0.000000
2025-05-21,3.9504128400,3.9903160000,3.9105096800,3.9504128400,26982000,106742456.0000,0.857800,-0.251900
2025-05-22,3.9304612600,3.9404370500,3.8905581000,3.9005338900,25683320,100706652.0000,0.816500,-1.262600
2025-05-23,3.8905581000,3.9404370500,3.8706065200,3.8706065200,23253128,90942825.9200,0.739200,-0.767300
2025-05-26,3.8706065200,3.9005338900,3.8406791500,3.8606307300,17972700,69729182.0000,0.571400,-0.257700
2025-05-27,3.8606307300,3.8706065200,3.7508970400,3.7808244100,35608386,135075350.0600,1.132000,-2.067200
2025-05-28,3.7808244100,3.8007759900,3.7309454600,3.7508970400,26334384,99282528.5200,0.837200,-0.791600
2025-05-29,3.7608728300,3.7908002000,3.7309454600,3.7808244100,28531300,107549827.0400,0.907000,0.797900
2025-05-30,3.7808244100,3.8606307300,3.7508970400,3.8506549400,44838148,171440802.4000,1.425400,1.847000
2025-06-03,3.8107517800,3.8107517800,3.6910423000,3.7010180900,51849312,193503702.4000,1.648300,-3.886000
2025-06-04,3.7109938800,3.7409212500,3.6910423000,3.7010180900,26756600,99475147.0000,0.850600,0.000000
2025-06-05,3.7109938800,3.7209696700,3.6411633500,3.6710907200,35733000,131305875.0000,1.135900,-0.808600
2025-06-06,3.6710907200,3.7109938800,3.6611149300,3.6910423000,26095690,96505753.0900,0.829600,0.543500
2025-06-09,3.6810665100,3.7209696700,3.6311875600,3.6710907200,51160782,189009719.7600,1.626400,-0.540500
2025-06-10,3.6810665100,3.7010180900,3.6112359800,3.6411633500,35132800,128791523.0000,1.116900,-0.815200
2025-06-11,3.6411633500,3.7309454600,3.6311875600,3.7010180900,41455884,153515650.5800,1.317900,1.643800
2025-06-12,3.6810665100,3.6910423000,3.6311875600,3.6511391400,39232800,143724070.0000,1.247200,-1.347700
2025-06-13,3.6411633500,3.6411633500,3.5813086100,3.5813086100,30067675,108557461.0000,0.955800,-1.912600
2025-06-16,3.5713328200,3.6012601900,3.5314296600,3.5513812400,37869300,135335509.0000,1.203900,-0.835700
2025-06-17,3.5613570300,3.5713328200,3.5314296600,3.5513812400,30832300,109824659.0000,0.980200,0.000000
2025-06-18,3.5513812400,3.5513812400,3.4416475500,3.4516233400,60133494,209276473.8600,1.911600,-2.809000
2025-06-19,3.4416475500,3.4715749200,3.3618412300,3.3817928100,46234102,157383849.7600,1.469800,-2.023100
2025-06-20,3.3917686000,3.4316717600,3.3817928100,3.4017443900,26883356,92025677.9600,0.854600,0.590000
2025-06-23,3.3817928100,3.4615991300,3.3718170200,3.4216959700,37562700,129125243.0000,1.194100,0.586500
2025-06-24,3.4316717600,3.4715749200,3.4117201800,3.4615991300,39098038,135200133.1000,1.242900,1.166200
2025-06-25,3.4615991300,3.4915265000,3.4416475500,3.4915265000,43310040,150729544.7800,1.376800,0.864600
2025-06-26,3.5015022900,3.5114780800,3.4416475500,3.4516233400,40099402,139511188.0200,1.274800,-1.142900
2025-06-27,3.4615991300,3.5414054500,3.4615991300,3.5015022900,54642200,192290205.0000,1.737100,1.445100
2025-06-30,3.5015022900,3.5613570300,3.5015022900,3.5314296600,47932900,169855491.0000,1.523800,0.854700
2025-07-01,3.5414054500,3.6710907200,3.5015022900,3.6611149300,75873902,275489686.1800,2.412000,3.672300
2025-07-02,3.6611149300,3.9703644200,3.6511391400,3.9304612600,157130877,602942989.6400,4.995200,7.356900
2025-07-03,3.9204854700,4.0202433700,3.8805823100,3.9803402100,154606673,613397188.9200,4.914900,1.269000
2025-07-04,3.9603886300,4.1698802200,3.9603886300,4.0701223200,127676701,524885761.0400,4.058800,2.255600
2025-07-07,4.0701223200,4.1998075900,4.0102675800,4.1698802200,99202299,409861589.7700,3.153600,2.451000
2025-07-08,4.1599044300,4.2496865400,4.0800981100,4.2297349600,74524882,311952233.8700,2.369100,1.435400
2025-07-09,4.2297349600,4.2796139100,4.1299770600,4.1499286400,62340100,260481619.0000,1.981800,-1.886800
2025-07-10,4.1599044300,4.2496865400,4.1100254800,4.2297349600,78634834,328974349.6900,2.499800,1.923100
2025-07-11,4.2397107500,4.3195170700,4.1798560100,4.2097833800,72665700,309241272.2000,2.310000,-0.471700
2025-07-14,4.1898318000,4.2895897000,4.1299770600,4.1499286400,75266364,315154207.6000,2.392700,-1.421800
2025-07-15,4.1399528500,4.1798560100,4.0701223200,4.1000496900,89448050,368922362.0100,2.843500,-1.201900
2025-07-16,4.0900739000,4.1000496900,3.9204854700,3.9504128400,102937983,409134335.1900,3.272400,-3.649600
2025-07-17,3.9304612600,4.1399528500,3.9204854700,4.1200012700,105267525,428345831.2000,3.346400,4.292900
2025-07-18,4.1500000000,4.2600000000,4.0700000000,4.1100000000,62833900,259234423.0000,1.997500,-0.242700
2025-07-21,4.1700000000,4.3700000000,4.1400000000,4.2900000000,101852182,436837947.7000,3.237900,4.379600
2025-07-22,4.3000000000,4.4700000000,4.2300000000,4.4100000000,117357454,513266218.9400,3.730800,2.797200
2025-07-23,4.4500000000,4.5000000000,4.2800000000,4.3200000000,120161520,526323121.8000,3.819900,-2.040800
2025-07-24,4.2500000000,4.5300000000,4.2000000000,4.5100000000,116313899,510675125.6600,3.697600,4.398100
2025-07-25,4.5000000000,4.6400000000,4.4500000000,4.5800000000,87712000,400234530.0000,2.788400,1.552100
2025-07-28,4.5100000000,4.5100000000,4.2300000000,4.3900000000,110037300,480123259.0000,3.498100,-4.148500
2025-07-29,4.4100000000,4.6300000000,4.3500000000,4.6200000000,86340868,389032400.4800,2.744800,5.239200
2025-07-30,4.5900000000,4.7300000000,4.5400000000,4.5600000000,95599602,442480444.1000,3.039100,-1.298700
2025-07-31,4.5200000000,4.5300000000,4.2900000000,4.3400000000,90274520,391842187.2000,2.869800,-4.824600
2025-08-01,4.3100000000,4.3600000000,4.2100000000,4.2300000000,75502116,322505933.6800,2.400200,-2.534600
2025-08-04,4.2000000000,4.2700000000,4.1700000000,4.2300000000,46234800,195035704.0000,1.469800,0.000000
2025-08-05,4.2400000000,4.4400000000,4.2300000000,4.3000000000,69766100,302160368.0000,2.217900,1.654800
2025-08-06,4.3000000000,4.3700000000,4.2600000000,4.3400000000,43826578,189063708.4100,1.393200,0.930200
2025-08-07,4.3100000000,4.3400000000,4.2000000000,4.2500000000,52248705,221994562.0000,1.661000,-2.073700
2025-08-08,4.2300000000,4.3700000000,4.2100000000,4.3300000000,41912643,180616447.8800,1.332400,1.882400
2025-08-11,4.3500000000,4.3700000000,4.2500000000,4.2900000000,55014040,237018403.0000,1.748900,-0.923800
2025-08-12,4.3000000000,4.3100000000,4.2300000000,4.2600000000,33581200,143244446.0000,1.067500,-0.699300
2025-08-13,4.2500000000,4.2800000000,4.2200000000,4.2300000000,39318400,166820278.0000,1.249900,-0.704200
2025-08-14,4.2300000000,4.2400000000,4.0900000000,4.1000000000,55175608,228511076.3400,1.754000,-3.073300
2025-08-15,4.0900000000,4.1800000000,4.0700000000,4.1700000000,51112811,210831633.1000,1.624900,1.707300
2025-08-18,4.1800000000,4.1900000000,4.0400000000,4.0500000000,99950020,406953582.5800,3.177400,-2.877700
2025-08-19,4.0700000000,4.1600000000,4.0600000000,4.0700000000,53980903,221846885.2100,1.716000,0.493800
2025-08-20,4.0500000000,4.2100000000,4.0400000000,4.1600000000,78648200,326361872.0000,2.500200,2.211300
2025-08-21,4.1500000000,4.2200000000,4.1400000000,4.1600000000,47087000,196392114.0000,1.496900,0.000000
2025-08-22,4.1600000000,4.1700000000,4.0400000000,4.0900000000,56581100,230904408.0000,1.798700,-1.682700
2025-08-25,4.0800000000,4.2100000000,4.0700000000,4.1300000000,61666257,255826545.8400,1.960400,0.978000
2025-08-26,4.1300000000,4.1400000000,4.0400000000,4.0600000000,70648106,287432660.8000,2.245900,-1.694900
2025-08-27,4.0500000000,4.0800000000,3.9400000000,3.9400000000,75353353,303309538.4200,2.395500,-2.955700
2025-08-28,3.9300000000,3.9700000000,3.8200000000,3.9300000000,52733454,205997495.9500,1.676400,-0.253800
2025-08-29,3.9300000000,4.0900000000,3.9200000000,4.0700000000,92449692,372285334.8000,2.939000,3.562300
2025-09-01,4.0400000000,4.0800000000,3.9500000000,4.0700000000,68043712,273901120.2800,2.163100,0.000000
2025-09-02,4.0400000000,4.0800000000,3.9900000000,4.0300000000,55764443,225017439.2900,1.772700,-0.982800
2025-09-03,4.0200000000,4.0500000000,3.9700000000,3.9800000000,40042515,159952080.0000,1.272900,-1.240700
2025-09-04,3.9900000000,4.0200000000,3.9300000000,3.9700000000,47432721,188073254.9700,1.507900,-0.251300
2025-09-05,3.9600000000,4.0000000000,3.9000000000,3.9900000000,48552347,191251445.9400,1.543500,0.503800
2025-09-08,3.9900000000,4.2000000000,3.9700000000,4.1700000000,89656900,366840593.0000,2.850200,4.511300
2025-09-09,4.1700000000,4.2300000000,4.1200000000,4.1800000000,67666762,282921765.1100,2.151100,0.239800
2025-09-10,4.1500000000,4.1500000000,4.0700000000,4.1200000000,38549020,158169369.5800,1.225500,-1.435400
2025-09-11,4.1100000000,4.1600000000,4.0700000000,4.1600000000,34143699,140475704.1400,1.085400,0.970900
2025-09-12,4.1500000000,4.4200000000,4.1300000000,4.3200000000,94868878,407739744.6200,3.015900,3.846200
2025-09-15,4.3100000000,4.3300000000,4.1400000000,4.2300000000,83267844,350813482.8000,2.647100,-2.083300
2025-09-16,4.2300000000,4.3200000000,4.1700000000,4.3000000000,69584817,295631133.4000,2.212100,1.654800
2025-09-17,4.2900000000,4.3400000000,4.2300000000,4.3200000000,46018075,198097147.0000,1.462900,0.465100
2025-09-18,4.2900000000,4.3200000000,4.1600000000,4.1900000000,70984941,301246030.5500,2.256600,-3.009300
2025-09-19,4.1900000000,4.2900000000,4.1000000000,4.2000000000,53265664,223060816.8100,1.693300,0.238700
2025-09-22,4.1600000000,4.1800000000,4.0300000000,4.1000000000,54957900,223789977.0000,1.747100,-2.381000
2025-09-23,4.0800000000,4.0900000000,3.9500000000,4.0200000000,35809400,143489332.0000,1.138400,-1.951200
2025-09-24,3.9900000000,4.0300000000,3.9800000000,4.0200000000,29928023,119860223.1500,0.951400,0.000000
2025-09-25,4.0200000000,4.0500000000,3.9800000000,4.0100000000,36117681,144557912.0000,1.148200,-0.248800
2025-09-26,3.9900000000,4.0800000000,3.9900000000,4.0500000000,28906145,116806598.7000,0.918900,0.997500
2025-09-29,4.0300000000,4.1100000000,3.9400000000,4.1000000000,44470000,179740943.0000,1.413700,1.234600
2025-09-30,4.0900000000,4.2000000000,4.0800000000,4.1800000000,41696733,173372894.6900,1.325500,1.951200
2025-10-09,4.1800000000,4.2100000000,4.1200000000,4.1600000000,42498550,176351998.5000,1.351000,-0.478500
2025-10-10,4.1300000000,4.2700000000,4.1200000000,4.2600000000,54645929,231149279.6500,1.737200,2.403800
2025-10-13,4.1700000000,4.2400000000,4.1200000000,4.2300000000,50026560,208883584.1800,1.590300,-0.704200
2025-10-14,4.2300000000,4.2800000000,4.0900000000,4.1300000000,56332800,237046562.5200,1.790800,-2.364100
2025-10-15,4.1500000000,4.2900000000,4.1400000000,4.2000000000,55119844,232165820.3400,1.752300,1.694900
2025-10-16,4.1800000000,4.1900000000,4.0200000000,4.0600000000,67237400,274086604.0000,2.137500,-3.333300
2025-10-17,4.0500000000,4.1700000000,4.0400000000,4.0500000000,49121800,201509660.0000,1.561600,-0.246300
2025-10-20,4.0700000000,4.0800000000,3.9900000000,4.0300000000,38491600,155469261.0000,1.223600,-0.493800
2025-10-21,4.0400000000,4.0800000000,4.0100000000,4.0700000000,33098400,134273980.0000,1.052200,0.992600
2025-10-22,4.0500000000,4.1100000000,4.0300000000,4.0600000000,33487999,136343324.9200,1.064600,-0.245700
2025-10-23,4.0600000000,4.0800000000,3.9800000000,4.0800000000,37081719,149309672.3800,1.178800,0.492600
2025-10-24,4.0700000000,4.0900000000,3.9400000000,3.9700000000,66367200,264888313.5900,2.109800,-2.696100
2025-10-27,3.9800000000,4.1000000000,3.9700000000,4.0700000000,73390070,297264120.3800,2.333100,2.518900
2025-10-28,4.0600000000,4.0800000000,3.9800000000,4.0000000000,43046681,172806249.1900,1.368500,-1.719900
2025-10-29,3.9900000000,4.0200000000,3.9600000000,4.0100000000,34736833,138496459.5200,1.104300,0.250000
2025-10-30,4.0900000000,4.3300000000,4.0900000000,4.2400000000,142342255,606124702.0700,4.525000,5.735700
2025-10-31,4.2400000000,4.2600000000,4.1900000000,4.2000000000,67480100,285086719.0000,2.145200,-0.943400
2025-11-03,4.2200000000,4.2400000000,4.1500000000,4.2300000000,59786233,251117117.6600,1.900600,0.714300
2025-11-04,4.2200000000,4.2700000000,4.1500000000,4.1800000000,51832034,218701295.1600,1.647700,-1.182000
2025-11-05,4.1400000000,4.2100000000,4.1200000000,4.1800000000,48194729,201038223.0900,1.532100,0.000000
2025-11-06,4.1800000000,4.2800000000,4.1600000000,4.2600000000,49733542,210157277.9600,1.581000,1.913900
2025-11-07,4.2400000000,4.2900000000,4.2200000000,4.2700000000,53616234,228309384.5000,1.704500,0.234700
2025-11-10,4.2500000000,4.2700000000,4.1500000000,4.2500000000,57785162,243255252.4600,1.837000,-0.468400
2025-11-11,4.2300000000,4.2700000000,4.1900000000,4.2500000000,55447917,234979426.3800,1.762700,0.000000
2025-11-12,4.2300000000,4.2800000000,4.1900000000,4.2600000000,54765415,232281260.6000,1.741000,0.235300
2025-11-13,4.2400000000,4.3900000000,4.2200000000,4.3600000000,78248851,336904041.5800,2.487500,2.347400
2025-11-14,4.3300000000,4.3900000000,4.2800000000,4.3100000000,54797938,237235997.6500,1.742000,-1.146800
2025-11-17,4.3100000000,4.3600000000,4.2700000000,4.2900000000,38858211,167018564.0800,1.235300,-0.464000
2025-11-18,4.2900000000,4.3000000000,4.1000000000,4.1200000000,68035159,283396783.0800,2.162800,-3.962700
2025-11-19,4.1100000000,4.1500000000,4.0200000000,4.0800000000,61942172,251488196.5900,1.969100,-0.970900
2025-11-20,4.0700000000,4.1000000000,4.0300000000,4.0700000000,42931008,174567612.5900,1.364800,-0.245100
2025-11-21,4.0400000000,4.0500000000,3.9500000000,3.9600000000,54731153,218500834.6900,1.739900,-2.702700
2025-11-24,3.9800000000,3.9800000000,3.8800000000,3.8900000000,59906808,235916653.0300,1.904400,-1.767700
2025-11-25,3.8900000000,3.9200000000,3.8700000000,3.8900000000,47636319,185514758.9200,1.514400,0.000000
2025-11-26,3.8900000000,3.9100000000,3.8300000000,3.8400000000,42855121,166051781.0400,1.362400,-1.285300
2025-11-27,3.8400000000,3.8400000000,3.7900000000,3.8000000000,40773862,155781268.8400,1.296200,-1.041700
2025-11-28,3.7900000000,3.8400000000,3.7400000000,3.8100000000,36418314,138262892.6500,1.157700,0.263200
2025-12-01,3.8200000000,3.8800000000,3.8000000000,3.8600000000,57618321,221704622.5200,1.831700,1.312300
2025-12-02,3.8400000000,3.8900000000,3.8200000000,3.8800000000,39435605,152328332.8600,1.253700,0.518100
2025-12-03,3.8700000000,3.9200000000,3.8400000000,3.8700000000,48667118,189049100.4900,1.547100,-0.257700
2025-12-04,3.8600000000,3.8800000000,3.8200000000,3.8400000000,36690562,141073502.4600,1.166400,-0.775200
2025-12-05,3.8300000000,3.9000000000,3.8100000000,3.8900000000,34776136,134234947.2600,1.105500,1.302100
2025-12-08,3.9100000000,3.9100000000,3.8300000000,3.8600000000,39801162,153529583.7000,1.265300,-0.771200
2025-12-09,3.8400000000,3.8500000000,3.7500000000,3.7700000000,46089621,174734312.9600,1.465200,-2.331600
2025-12-10,3.7500000000,3.7900000000,3.7400000000,3.7700000000,30692234,115573080.1800,0.975700,0.000000
2025-12-11,3.7700000000,3.7800000000,3.6900000000,3.7100000000,39061042,145405901.6000,1.241700,-1.591500
2025-12-12,3.7000000000,3.7300000000,3.6900000000,3.7000000000,56625203,210084132.8400,1.800100,-0.269500
2025-12-15,3.6900000000,3.8100000000,3.6700000000,3.7500000000,59798587,224587788.5100,1.901000,1.351400
2025-12-16,3.7600000000,3.7700000000,3.6900000000,3.7100000000,51873000,193124084.0000,1.649000,-1.066700
2025-12-17,3.7100000000,3.7600000000,3.6600000000,3.7400000000,56227221,208089233.9100,1.787500,0.808600
2025-12-18,3.7200000000,3.7800000000,3.7100000000,3.7500000000,38136800,143297432.0000,1.212400,0.267400
2025-12-19,3.7500000000,3.8700000000,3.7500000000,3.8500000000,58395677,223375049.5100,1.856400,2.666700
2025-12-22,3.8600000000,3.9100000000,3.8400000000,3.8400000000,42609800,164842848.2100,1.354600,-0.259700
2025-12-23,3.8400000000,3.8500000000,3.7700000000,3.7800000000,51534437,196306807.1500,1.638300,-1.562500
2025-12-24,3.7700000000,3.8200000000,3.7400000000,3.8000000000,55317000,208448745.0000,1.758500,0.529100
2025-12-25,3.7900000000,3.8900000000,3.7500000000,3.8700000000,66189600,254045262.0000,2.104200,1.842100
2025-12-26,3.8600000000,3.9000000000,3.8500000000,3.8900000000,51888843,201326211.2300,1.649500,0.516800
2025-12-29,3.8900000000,3.9400000000,3.8700000000,3.9200000000,57804072,226621525.4200,1.837600,0.771200
2025-12-30,3.9000000000,3.9400000000,3.8500000000,3.8900000000,53160253,207207666.5100,1.690000,-0.765300
2025-12-31,3.8900000000,3.9000000000,3.8200000000,3.8800000000,69034156,266785093.5200,2.194600,-0.257100
2026-01-05,3.8800000000,3.8900000000,3.8000000000,3.8400000000,66482400,254540263.0000,2.113500,-1.030900
2026-01-06,3.8300000000,3.9100000000,3.8200000000,3.9000000000,73905760,286519848.9800,2.349500,1.562500
2026-01-07,3.9000000000,3.9700000000,3.9000000000,3.9500000000,76399347,300984378.3700,2.428700,1.282100
2026-01-08,3.9300000000,3.9700000000,3.9000000000,3.9500000000,62802030,247302102.0200,1.996500,0.000000
2026-01-09,3.9400000000,4.0200000000,3.8700000000,3.9100000000,84929524,333182567.5300,2.699900,-1.012700
2026-01-12,3.9200000000,3.9800000000,3.9100000000,3.9500000000,70275363,276937428.1500,2.234000,1.023000
2026-01-13,3.9500000000,3.9800000000,3.9000000000,3.9100000000,71633300,282082634.0000,2.277200,-1.012700
2026-01-14,3.9200000000,3.9500000000,3.8000000000,3.8400000000,77441192,301205028.7200,2.461800,-1.790300
2026-01-15,3.8200000000,3.8600000000,3.7800000000,3.8000000000,54104106,206127182.6800,1.720000,-1.041700
2026-01-16,3.8100000000,3.8200000000,3.7200000000,3.7300000000,58967478,222223189.5000,1.874600,-1.842100
2026-01-19,3.7200000000,3.8200000000,3.7000000000,3.8100000000,54841728,207183994.3600,1.743400,2.144800
2026-01-20,3.8100000000,3.9400000000,3.8000000000,3.9300000000,90267902,349554174.4300,2.869600,3.149600
2026-01-21,3.9100000000,4.0500000000,3.8700000000,4.0300000000,106740989,424348550.5000,3.393300,2.544500
2026-01-22,4.0300000000,4.1100000000,3.9900000000,4.0900000000,78599081,319704442.1600,2.498700,1.488800
2026-01-23,4.0900000000,4.1300000000,4.0400000000,4.1100000000,66429033,271375665.7600,2.111800,0.489000
2026-01-26,4.1100000000,4.1400000000,4.0200000000,4.0800000000,87198441,355391350.5500,2.772000,-0.729900
2026-01-27,4.0900000000,4.1200000000,3.9400000000,3.9800000000,112034324,448537270.8100,3.561600,-2.451000
2026-01-28,3.9800000000,4.1000000000,3.9200000000,4.0600000000,101575219,409245873.9700,3.229100,2.010100
2026-01-29,4.0800000000,4.1700000000,4.0500000000,4.1100000000,132268837,544143828.2800,4.204800,1.231500
2026-01-30,4.0700000000,4.1800000000,4.0100000000,4.0500000000,96725442,395146563.8400,3.074900,-1.459900
2026-02-02,3.9900000000,4.0200000000,3.7000000000,3.7200000000,154337636,591932225.1200,4.906400,-8.148100
2026-02-03,3.7600000000,3.8200000000,3.7400000000,3.8000000000,96849175,366180372.1800,3.078800,2.150500
2026-02-04,3.8200000000,3.9700000000,3.7800000000,3.9600000000,117448468,458050550.2800,3.733700,4.210500
2026-02-05,3.9500000000,3.9900000000,3.8700000000,3.9000000000,91113400,357436064.0000,2.896500,-1.515200
2026-02-06,3.8600000000,3.9400000000,3.8200000000,3.8500000000,69734402,270688518.8200,2.216900,-1.282100
2026-02-09,3.9000000000,3.9600000000,3.8700000000,3.9000000000,67704400,264788539.2000,2.152300,1.298700
2026-02-10,3.8900000000,3.9800000000,3.8300000000,3.9100000000,88829925,347783002.7500,2.823900,0.256400
2026-02-11,3.9000000000,4.1000000000,3.8900000000,4.0400000000,112223290,450450492.6600,3.567600,3.324800
2026-02-12,4.0400000000,4.0700000000,3.9500000000,4.0100000000,66305900,266159276.0000,2.107900,-0.742600
2026-02-13,3.9800000000,3.9900000000,3.8500000000,3.8500000000,93914031,366409793.5200,2.985500,-3.990000
2026-02-24,3.8700000000,3.9900000000,3.8700000000,3.9600000000,80386892,317518350.7400,2.555500,2.857100
2026-02-25,3.9600000000,4.2100000000,3.9500000000,4.1300000000,140022827,578405955.6900,4.451300,4.292900
2026-02-26,4.1300000000,4.2400000000,4.1100000000,4.1400000000,100231996,417249390.4000,3.186400,0.242100
2026-02-27,4.1200000000,4.2700000000,4.1100000000,4.2400000000,89852786,378205642.5500,2.856400,2.415500
2026-03-02,4.1900000000,4.3600000000,4.1400000000,4.3300000000,116412900,496430332.4000,3.700800,2.122600
2026-03-03,4.3100000000,4.3700000000,4.1800000000,4.2000000000,107351686,456859572.1200,3.412700,-3.002300
2026-03-04,4.1500000000,4.2300000000,4.0900000000,4.1200000000,70322444,291489008.3600,2.235500,-1.904800
2026-03-05,4.1600000000,4.1900000000,4.0700000000,4.1300000000,68639100,282746256.0000,2.182000,0.242700
2026-03-06,4.1000000000,4.1600000000,4.0500000000,4.1500000000,60830416,250727298.7400,1.933800,0.484300
2026-03-09,4.0900000000,4.1400000000,4.0200000000,4.0600000000,67831100,275991983.0000,2.156300,-2.168700
2026-03-10,4.0800000000,4.1100000000,4.0100000000,4.0400000000,74880054,302168519.0400,2.380400,-0.492600
2026-03-11,4.0400000000,4.0700000000,3.9900000000,4.0700000000,55668866,224186610.6600,1.769700,0.742600
2026-03-12,4.0700000000,4.2000000000,4.0300000000,4.1800000000,100135366,414024102.6000,3.183300,2.702700
2026-03-13,4.1500000000,4.2300000000,4.1000000000,4.1100000000,62893886,262352386.2000,1.999400,-1.674600
2026-03-16,4.1100000000,4.1400000000,3.9600000000,4.0000000000,90944231,365387361.3800,2.891100,-2.676400
2026-03-17,4.0000000000,4.1400000000,3.9900000000,4.0200000000,96883325,394629267.5000,3.079900,0.500000
2026-03-18,4.0200000000,4.0300000000,3.9000000000,3.9400000000,68724100,271486946.0000,2.184700,-1.990000
2026-03-19,3.9000000000,3.9100000000,3.7700000000,3.8100000000,93768578,359341081.3000,2.980900,-3.299500
2026-03-20,3.8100000000,3.8200000000,3.7300000000,3.7400000000,62755200,236384901.0000,1.995000,-1.837300
2026-03-23,3.6900000000,3.7000000000,3.4900000000,3.5300000000,96251400,345090032.0000,3.059800,-5.615000
2026-03-24,3.5700000000,3.6000000000,3.4700000000,3.6000000000,61257971,217180808.8800,1.947400,1.983000
2026-03-25,3.6100000000,3.6700000000,3.5900000000,3.6500000000,46421766,168989161.2400,1.475700,1.388900
2026-03-26,3.6400000000,3.6900000000,3.5500000000,3.5800000000,65661400,236991442.0000,2.087400,-1.917800
2026-03-27,3.5400000000,3.6300000000,3.5200000000,3.6100000000,42277386,152068231.4600,1.344000,0.838000
2026-03-30,3.5800000000,3.6600000000,3.5600000000,3.6600000000,48258800,174681014.0000,1.534100,1.385000
2026-03-31,3.6400000000,3.6900000000,3.5700000000,3.5700000000,51013642,184441247.7000,1.621700,-2.459000
2026-04-01,3.6200000000,3.6300000000,3.6000000000,3.6100000000,41225800,148909175.0000,1.310600,1.120400
2026-04-02,3.6000000000,3.6200000000,3.5400000000,3.5500000000,40392331,144467905.6000,1.284100,-1.662000
2026-04-03,3.5600000000,3.5800000000,3.4800000000,3.5000000000,33844554,118795980.9800,1.075900,-1.408500
2026-04-07,3.4900000000,3.5200000000,3.4400000000,3.4700000000,49678100,172655209.0000,1.579300,-0.857100
2026-04-08,3.5400000000,3.6200000000,3.5300000000,3.6100000000,53530676,191317608.3200,1.701700,4.034600
2026-04-09,3.5800000000,3.6000000000,3.5500000000,3.5600000000,36520200,130329009.0000,1.161000,-1.385000
2026-04-10,3.5700000000,3.6300000000,3.5600000000,3.5800000000,37134800,133411570.0000,1.180500,0.561800
2026-04-13,3.5700000000,3.6100000000,3.5500000000,3.5800000000,31672300,113484263.0000,1.006900,0.000000
2026-04-14,3.6000000000,3.6100000000,3.5100000000,3.5500000000,53667276,189936211.5200,1.706100,-0.838000
2026-04-15,3.5600000000,3.5700000000,3.5200000000,3.5300000000,35103700,124340586.0000,1.115900,-0.563400
2026-04-16,3.5200000000,3.5700000000,3.5100000000,3.5500000000,32480166,115163496.3200,1.032500,0.566600
2026-04-17,3.5500000000,3.5500000000,3.5100000000,3.5300000000,37167200,131092193.0000,1.181500,-0.563400
2026-04-20,3.5300000000,3.5500000000,3.4900000000,3.5000000000,49121900,172635261.0000,1.561600,-0.849900
2026-04-21,3.2700000000,3.3100000000,3.1500000000,3.2600000000,169718649,548209463.9700,5.395300,-6.857100
2026-04-22,3.2300000000,3.2700000000,3.1900000000,3.2400000000,69801036,225526405.7300,2.219000,-0.613500
2026-04-23,3.2300000000,3.2600000000,3.1900000000,3.2300000000,48118872,155442879.8400,1.529700,-0.308600
2026-04-24,3.2200000000,3.2300000000,3.1600000000,3.1800000000,39628402,126490459.8400,1.259800,-1.548000
2026-04-27,3.1800000000,3.1800000000,3.1000000000,3.1300000000,47099918,147255120.1600,1.497300,-1.572300
2026-04-28,3.1300000000,3.1400000000,3.1000000000,3.1300000000,40127819,125254776.2800,1.275700,0.000000
2026-04-29,3.1300000000,3.2200000000,3.1200000000,3.1700000000,52337300,166459126.0000,1.663800,1.278000
2026-04-30,3.1700000000,3.1700000000,3.0700000000,3.0900000000,61619444,191759064.2000,1.958900,-2.523700
